0.18803 0.8495 -2.48887
1.13697 0.28931 -1.75648
-3.71809 0.53493 -0.77017
-0.84341 -0.31108 0.24186
-0.82031 -0.10715 1.29587
-0.06247 -1.31906 1.07192
1.65626 -1.31284 0.7496
0.41153 -1.49004 -1.54268
1.2551 -1.34901 -0.46998
0.64443 -1.12478 -1.36235
1.07085 -0.14608 -0.23217
0.15065 -0.13084 -1.66602
-0.64092 0.93187 -0.00249
-0.07805 -0.19694 0.35814
-0.26993 -1.54234 -1.3499
-0.60491 -1.30424 -0.89179
-0.12762 -0.35685 0.06119
1.1569 -0.19909 0.88728
0.59293 -0.25008 0.62108
-1.13745 -0.844 -0.06194
-0.48887 -0.37363 -0.20431
0.03766 -1.35819 -0.05347
-1.14012 -1.13189 0.54217
-1.20806 -2.30534 1.2986
-0.41146 -1.42307 -0.8053
0.45633 -0.58054 -0.15199
-0.39429 -0.9819 -1.04839
-0.33279 -2.44505 -0.28736
-0.66241 -0.58428 0.70183
1.87273 -0.40608 -1.04095
-0.38423 0.04048 -0.75907
0.73671 0.08554 0.02558
0.73639 1.1147 -1.11528
-1.27034 1.84712 -0.42104
-2.03938 1.18189 -3.57003
-1.14737 0.45992 -2.31361
0.47052 0.58084 -0.93865
0.41643 0.08463 1.16418
-0.20931 -1.40858 2.19082
-1.58683 -2.56846 -0.51975
1.68466 -3.96653 0.42118
0.19048 -4.73655 -0.36374
2.01322 -3.03383 2.16255
1.08549 -4.54284 -0.35634
0.1724 -3.67799 0.34684
-0.18978 -3.56807 -1.48555
1.85414 -2.97501 -2.38057
-0.35327 -1.03029 -0.69641
-1.55678 -0.33775 -1.29652
-2.28851 -1.65293 -0.59851
0.36046 -1.92792 -1.21245
0.2413 -1.46756 -2.29443
0.32236 -1.31024 -1.83275
0.98364 -1.57476 1.69411
-0.45571 -2.97967 0.98265
-1.07316 -4.75487 -1.42796
-0.91754 -7.42269 0.0056
0.34939 -6.98264 1.04602
0.04119 -4.38379 0.37201
-0.91702 -3.66505 1.42163
0.70653 -4.44789 -0.80476
-0.49598 -3.96002 -1.16439
-0.00013 -1.54433 -1.10198
1.2807 -1.80503 0.58845
-0.51634 -1.84582 -1.17304
-1.33337 -1.81458 -1.57924
1.02129 -2.34261 -0.56165
0.68552 -4.6044 1.34675
-0.97081 -4.95382 -0.51694
0.00849 -6.12226 -1.01748
0.37645 -5.44747 -1.29746
0.65961 -4.55042 -0.53931
0.31374 -5.15213 -1.00812
2.10143 -3.82486 -1.65177
-0.63372 -3.58844 -2.81347
1.15657 -4.8939 -1.92195
1.97629 -5.38019 -0.80532
-0.81352 -4.85512 -3.24194
0.27877 -5.63621 -0.98014
-0.16265 -5.79207 -1.1053
0.39532 -3.32766 -3.28211
-0.16305 -4.3718 -1.56413
-0.22493 -5.22185 -2.1988
-0.64399 -4.0948 -1.72127
1.1151 -6.33856 -1.17378
0.76056 -4.75543 -0.9835
-1.02389 -5.7536 -0.55699
-2.50346 -4.85553 -1.85675
-2.03827 -4.99551 -0.81868
0.17887 -5.27549 -0.69083
-0.23301 -4.06957 -0.89193
-0.95271 -4.72009 -0.55353
-0.41558 -3.70139 1.22364
-0.89572 -6.10528 -1.31014
0.88939 -4.05493 -2.28779
1.12646 -5.24493 -2.08872
0.62155 -4.05073 -2.30779
-2.22668 -4.07823 -0.94832
-2.51409 -3.86442 -0.3718
-0.65676 -5.3644 -0.91686
-0.71116 -4.48861 -1.73237
1.34051 -3.65893 -2.65216
0.55594 -3.17064 -1.63852
1.17994 -1.73226 -2.1472
-0.20227 -2.85029 -2.02593
0.47628 -2.24603 -1.11609
1.95898 -2.97019 -2.03049
-0.7669 -2.54459 0.96399
-0.47998 -3.38722 0.63043
-1.34089 -2.12844 -0.91587
-1.26869 -4.08595 -1.18833
0.02786 -3.35981 -0.14481
0.13472 -2.95649 -0.35848
-1.79604 -3.99894 -0.79063
-1.82878 -4.01059 1.21751
-0.18718 -5.88237 -0.8695
0.44015 -5.48878 -0.68971
-1.73362 -5.47401 -0.6628
-0.63451 -6.18602 -1.26347
1.13963 -5.9804 -0.78807
-2.21819 -5.37076 0.26674
-2.05108 -5.29047 -1.4458
0.29249 -5.88763 -1.71653
-0.17988 -6.60854 0.35573
1.1036 -4.09395 -0.5883
-1.55137 -3.24235 -2.10716
0.41577 -5.3242 -2.06543
-0.84419 -3.81998 -3.25723
-0.6624 -1.66731 -1.5538
-0.39706 2.00389 -0.94301
-1.19617 -0.28832 -1.6114
0.16083 -0.91423 -0.26531
1.67327 -1.52926 -0.7459
-0.0334 -2.14554 -1.14052
-0.10815 -4.01182 0.20765
-1.22213 -4.13964 0.81279
0.41481 -3.34424 0.54803
-0.49439 -3.47746 1.5892
0.18664 -2.23913 0.15383
-0.57549 -2.83617 1.48609
1.33679 -0.17101 -0.96843
-1.05659 0.42865 -0.62664
-0.38168 1.0075 -0.39473
0.52086 0.65795 -1.3469
-1.55079 0.61904 0.16443
-0.30475 -1.0521 -0.72528
-1.33316 0.39587 -0.89109
-0.27848 -0.22271 -1.74595
-0.54813 -0.04597 1.14933
1.10372 1.6075 -0.96849
