-0.59721 -0.44785 -1.52635
-0.85351 1.63693 -1.71761
-1.58911 0.78741 0.28319
-1.69391 0.18452 -0.80863
-1.28494 1.18584 0.35897
-0.11204 -1.65507 0.2537
-0.226 0.06222 -0.18049
3.26993 -0.99745 -2.13933
0.27582 -3.23126 0.16384
0.21126 0.31631 0.82806
-1.05439 -1.4224 -1.3535
0.9945 -1.06868 -0.73908
2.72898 -1.49703 -0.51815
-2.88425 1.37968 -0.8725
-1.08697 -1.63528 -2.34993
-0.61849 -1.55594 -1.08535
-2.14151 -0.83575 0.91455
-2.67182 -1.73992 0.00984
-0.84338 -1.15406 0.52225
0.08654 -0.75316 0.64493
1.65559 0.33013 -0.52912
1.51321 -2.33705 -1.69276
-0.58866 0.54846 0.45037
-1.42854 1.72957 -0.91917
-1.35784 -0.56023 -0.31338
-0.82744 -2.68388 0.28255
-0.76551 -1.55935 -0.96268
-0.00724 -2.10741 -0.47239
1.10588 0.59208 -0.48697
1.6189 0.8178 0.58757
0.27131 0.1911 -0.3713
-0.93137 -0.97364 0.34149
0.87875 -0.51491 -0.0559
1.44254 -1.97914 1.14186
0.88103 0.38514 0.5309
0.85353 -0.60334 0.03482
0.08261 0.79461 -0.83887
0.13521 1.05595 -0.78413
0.97743 -2.35822 -0.82245
-0.57264 0.65702 -0.88396
-0.92727 -0.3614 -0.85193
0.35333 -0.98454 -0.85288
1.13964 0.49917 -0.80793
-0.79819 -0.15689 0.32142
-1.1542 0.65811 -1.00382
-1.32336 -0.43706 0.98881
-0.81621 -1.17121 2.35191
-0.08566 -1.31595 1.38742
-1.3668 -0.27452 -0.85193
-0.51204 1.18509 -0.26421
0.3911 -0.44842 2.46153
1.43673 -0.19144 -0.10695
0.06331 1.23445 1.11979
-0.02191 -1.22744 0.74647
0.27714 -0.10338 1.69487
-0.17073 0.54182 -0.53839
-1.54728 2.05088 0.40496
-1.28382 0.05471 0.57083
0.84235 -1.72183 -0.03869
-0.90775 0.54566 1.7343
-2.43343 0.64711 -0.76987
-1.7776 0.10845 -0.59369
-0.10376 -0.07724 1.26581
0.67292 -0.28369 -0.38131
0.93396 0.63975 -0.92425
0.65304 2.36652 -0.10332
-2.24453 0.26349 -0.08329
-0.92666 1.10376 -0.70929
1.20612 2.65603 -0.37723
-0.22914 -0.05074 -0.36394
-2.22923 0.60352 0.79765
-1.01268 1.55174 0.61732
2.07179 1.50772 1.99688
0.48809 1.59121 -0.20955
1.58792 0.20593 -1.12904
1.88837 0.00873 -0.0873
1.76383 0.31001 0.72983
0.14694 -1.15557 -0.4553
1.20004 -0.38848 -1.77457
1.01475 -1.36643 -1.243
2.16976 1.1296 -0.8546
-0.12742 0.644 0.26611
-1.11033 -0.77377 0.33873
0.64087 -1.87187 1.69691
-1.891 1.44685 0.43028
-2.20128 0.82914 1.79791
-2.20494 1.05782 -0.14476
-0.25944 1.32731 -0.34612
0.65862 -1.82901 -1.50387
1.34457 0.26758 1.02113
-0.15164 1.91723 -0.82017
-2.07028 -0.72779 -0.4287
-1.17905 -1.21405 1.43146
-0.91741 0.26993 -1.50148
-0.84516 -0.56018 -0.69423
-0.51129 0.07635 -0.27692
0.06666 0.45662 0.76348
-1.69504 0.46557 0.42566
-2.0704 -0.85025 -0.06427
-1.0702 0.50126 0.28364
0.1522 -0.16257 1.01625
-0.27368 -1.25344 -0.90018
0.01633 -0.72141 -0.041
1.21049 0.46357 0.61649
-0.25332 1.79424 0.08615
-2.07042 0.52045 0.89496
-1.62058 -0.38677 0.69124
0.06342 -0.6684 -0.8108
-0.54986 -1.11421 0.23702
1.99057 -2.33929 0.19732
0.40294 -0.63136 -1.17171
0.6558 0.07925 0.1278
0.87035 -0.48431 -1.39968
0.13691 0.68801 -0.36325
0.32135 -0.20118 0.02225
0.81555 -0.99806 1.039
-0.40797 1.28437 -0.22276
-2.61772 0.41341 -0.84376
-1.02789 -0.91227 0.19695
-0.51593 -0.24959 -1.35027
-0.00102 -1.31317 -0.38867
1.08668 -2.3789 -0.02321
0.11538 -0.38006 -0.64991
0.04776 -0.16429 -0.10433
1.43789 -0.36704 -1.0161
0.93004 1.0941 0.72313
-0.0547 0.7659 0.45429
-1.42503 -0.45314 -2.86105
-2.06675 -1.21394 -3.06576
-1.14411 -0.12407 -0.92872
-2.32814 0.01404 0.02589
-2.5881 0.11703 -1.05669
-1.20181 -0.46502 0.9712
-0.56621 -0.28381 -0.03255
-0.82724 -0.99344 0.03135
0.40801 1.33022 -0.62668
-3.11708 -0.47643 0.31859
-0.03745 -0.51081 0.06517
-0.02682 0.22142 0.87702
-0.2971 1.33084 -0.13461
0.61053 0.20608 -1.21375
0.03075 -0.60191 0.58175
0.68078 -1.02558 -0.95753
0.7116 -0.48684 -0.1078
1.18665 0.44842 -0.01093
-0.98925 0.19769 -0.59322
-0.56326 -0.43324 -1.42383
0.10661 -0.79214 -0.85208
-1.53445 0.36479 0.84337
-0.38911 -0.28478 0.53041
