-0.8846 2.37218 -0.06628
-1.21017 1.55946 0.82214
0.61499 0.80584 -1.91567
-0.30801 0.34432 0.20394
-0.89642 0.40329 -0.24818
0.14787 0.15226 -0.00606
0.64671 -0.55382 -0.96761
0.06047 -0.49027 -0.4484
-0.11007 -0.77373 0.17568
-1.26475 -1.02172 0.3605
1.23484 1.26215 -1.18249
-1.19726 -0.45915 -0.02794
-0.42179 -0.26534 0.23222
0.35957 -0.72912 0.62057
0.90093 0.08055 -0.6586
1.67035 -0.05282 -2.82949
-2.1031 -1.18543 0.1123
0.96863 1.61337 -0.15887
-0.2252 0.46377 0.02791
1.07611 0.69575 -0.26554
0.12551 0.66424 -2.08976
0.35825 -1.95695 -1.58255
1.00723 -1.42777 -0.79262
-0.16505 -0.09645 -0.92018
-0.2492 -0.76163 1.22831
2.26879 -1.07573 -0.45196
2.04059 -0.27566 -0.28662
-0.62893 -0.76308 -0.33849
0.65757 -1.28796 -0.47833
-1.1207 0.39824 0.42679
-0.53097 0.84505 -1.58556
-2.2153 1.13598 -0.75377
-1.35474 -0.74009 1.53039
1.5808 -1.6802 0.94856
1.47091 -1.79166 -0.84561
-0.83104 -2.50323 -2.32719
-0.73786 -1.9354 -0.83087
-0.23626 -1.00043 -2.06153
2.19607 -1.09484 -0.86495
1.05597 -2.36312 -0.87855
0.60331 -1.1029 -1.62796
1.16683 -1.54371 0.92457
-0.03995 -1.50713 0.28053
0.22362 -0.06737 -0.38304
0.21526 -1.15706 0.84167
1.17746 0.99014 1.03232
1.1956 -0.42495 -0.12509
1.68733 -0.074 0.74882
0.32806 -0.63732 1.24177
-1.40967 1.94823 0.18499
-0.32178 0.27418 -0.06822
-0.77714 0.82366 -1.13304
-0.87784 0.44694 -0.15702
0.62828 -1.34184 -0.56141
-2.28256 0.24509 -0.53006
-2.97782 0.35718 -0.09226
-1.81253 0.10422 0.89445
0.53363 1.80286 0.77178
-0.47362 0.9048 -0.31814
1.09524 -4.09803 0.70855
0.95055 -3.2742 0.64151
-1.07691 -1.54801 -0.74941
-0.30741 -0.53274 -0.32587
-2.05709 -2.05 1.10526
1.67094 -0.21638 -0.1734
0.49999 0.17646 -0.4903
0.36282 -0.98632 -1.48185
-0.97302 0.02613 -0.11557
-0.31865 0.29068 0.07159
0.61585 1.24936 -0.26452
-1.16936 1.17194 -2.03887
-1.32102 1.47757 -0.44594
-0.38146 0.66658 0.08341
1.08281 0.45811 -0.31398
1.81494 0.30676 -0.18045
-0.15391 0.66084 0.22282
0.38421 1.14761 0.08226
-0.12558 1.51118 -0.83932
-0.5571 0.72443 -1.83549
-0.0158 1.17591 -0.65704
-0.2427 -1.24901 -2.24619
-0.24781 0.76987 -0.34195
-1.5701 0.00186 -1.05373
-0.81096 0.46093 0.82922
-0.9381 -0.13608 1.02802
1.32329 -1.25941 -0.15026
-0.49683 -1.77942 -0.26228
-0.096 0.2636 -1.1216
-0.39801 -0.60308 0.9395
-1.83715 1.50297 -0.19926
-0.95202 -0.61544 -0.00851
-1.56599 -1.12941 -0.20026
1.91895 -0.42564 -0.73876
0.00673 0.06984 -0.10228
-0.52935 -0.56727 -1.87688
-1.01203 1.3179 -0.725
-0.9479 0.53029 -0.28269
-0.82669 1.46926 -0.86507
-1.29404 -0.7061 1.35703
0.30148 0.56579 -1.26724
-0.87057 -1.74554 -0.36158
-0.19419 0.38471 -0.27826
0.36823 0.80163 -1.24857
-1.18576 1.27652 1.34518
0.73303 -0.09771 -0.21833
-1.3515 -0.22155 1.38294
0.47684 -0.39587 -0.41767
-0.35938 1.20026 0.30468
0.37423 1.4886 -0.78104
-0.03516 1.16929 0.2863
-0.99942 0.97484 0.78136
0.3195 -1.12964 0.34377
-0.33406 -1.16508 -0.23942
-1.12253 -0.41646 -1.02541
-0.1794 1.33429 -0.06267
-0.06386 1.69514 -0.96327
-0.73769 2.53789 1.19972
0.33164 1.77617 -0.61267
-0.49783 -0.6399 0.41365
-0.76101 -1.50505 0.14206
-1.05354 -1.73484 -0.99887
-0.98957 -2.14142 -0.22247
0.75254 -2.28407 1.36144
-0.68324 -3.18867 0.58207
0.02592 -1.70033 -0.14274
2.65664 1.97392 -1.53313
-2.67499 0.39412 -0.8294
-1.45642 0.42343 -0.22242
-0.69731 -0.13328 0.76992
0.9553 1.69035 -1.22168
1.19449 -1.26118 0.43413
1.95143 -1.0699 -1.20058
0.01325 -0.43888 -0.41393
-0.03846 -0.52975 0.61859
0.68612 0.34734 1.25169
-0.3279 0.97522 -0.34994
0.20959 0.65625 -0.33269
-0.118 -1.39296 0.68157
1.27687 1.54886 1.26433
-0.67333 1.95915 1.34595
0.24316 0.949 0.06122
0.55936 -0.34227 0.37055
-1.37736 -0.4395 -1.02503
0.27327 -1.46211 -2.1274
-1.60839 -0.72167 1.5462
-1.21979 -1.18286 -0.7319
-0.93196 0.74445 0.19007
0.44426 1.74684 0.53688
-0.55665 -0.27681 0.64985
-0.18153 -0.49664 0.09406
