0.10548 0.69538 -0.34117
-2.05879 -0.2345 -0.28309
-1.47428 -0.33915 1.30648
-1.05683 1.14138 0.51365
-1.37206 0.28662 -0.50715
-0.16524 -0.52405 -2.15415
-2.01493 0.96254 -0.00766
-1.3788 0.06311 1.58327
-0.74653 -0.4681 1.10193
-0.23547 0.67737 -0.14792
0.61862 0.61376 -0.66061
1.49727 0.1975 -0.66366
0.49317 -1.81565 -1.94787
-0.82012 -0.94769 -1.51823
-0.64323 0.51122 0.0879
-0.22784 -0.44106 -0.17673
1.23796 0.25006 0.84247
1.97286 0.32628 1.56762
1.26462 -0.14092 2.71114
0.84473 1.90538 2.23463
2.70653 -0.71439 1.57979
2.81124 -0.05846 2.28878
4.48298 -0.34813 1.0723
3.02622 0.5982 0.49146
2.50914 -1.43366 0.72382
2.16654 0.97685 0.6716
3.40525 0.59353 0.505
1.90153 -0.26174 0.26967
1.69171 -0.04839 0.09125
0.43769 0.13412 0.32173
1.1405 0.50275 -0.05579
0.44466 1.65526 0.19705
-1.15034 2.58043 0.68287
1.32767 0.98058 -0.33103
1.80433 -0.6692 1.88886
0.15766 0.22547 1.36982
0.63543 0.34266 0.32234
0.23031 0.97128 0.92531
0.57176 -0.41778 0.56476
1.58722 -0.28873 -0.21007
1.04092 -2.39887 1.12322
1.15176 -0.21298 0.33083
0.91588 2.40744 -1.80388
-0.35409 0.68881 -0.69835
-0.63203 -0.22014 -0.60138
-2.06037 0.65972 -0.35539
-0.56939 0.87834 0.29122
-0.46948 -0.4886 0.9935
-0.70098 -1.96561 2.0077
0.80021 -1.82342 1.39193
1.63225 1.34422 1.90501
2.06945 -1.12805 -0.34934
1.09714 0.64482 -0.91304
0.0505 -0.47463 -0.97359
0.82455 1.84032 0.69157
2.52419 1.06534 -0.24683
1.60949 1.69885 -0.28677
3.13083 0.12497 -0.49254
3.40271 0.38514 -0.80505
-1.03856 1.0211 0.57467
-1.32156 2.44318 -1.20311
-2.40962 -0.99241 0.62038
-3.10679 -0.65535 1.36716
-0.34938 -0.68012 2.99705
-0.7748 -1.35852 1.60149
-0.23685 -2.01042 0.93548
-0.15831 -1.57105 0.02121
0.57764 0.01212 -0.25417
0.96545 0.05267 0.51172
0.5651 -2.09027 2.59127
1.37863 -2.37293 1.03214
1.04378 0.38967 -0.87207
-1.92896 0.31684 -3.06021
-2.58815 0.10571 -1.41747
-1.84257 1.87526 0.93151
-1.18405 -0.03778 -0.47987
-0.93986 -3.45424 -0.07452
-0.76826 -0.97819 -0.48906
-0.95626 -0.38422 -0.10401
-0.26579 -1.75576 -0.01316
-1.07226 -1.59149 1.62931
-1.52475 -3.12838 0.9811
-2.34548 -1.49223 -1.66102
-1.7408 -1.31544 -1.59292
-3.09733 -0.86551 -1.82646
-0.46917 -0.36378 -0.6922
0.19678 -0.98205 -0.47437
1.13719 -2.11469 1.63918
2.42221 -0.88031 -0.69363
1.39285 1.23772 -0.79946
2.46754 -0.14617 1.07313
2.15498 0.37349 2.52679
2.95116 0.65812 0.8923
1.79635 1.68396 -0.70675
1.46066 1.2027 0.00755
-0.44754 -0.02933 0.18846
0.91831 0.46605 0.22345
1.51542 -2.4942 0.60659
-0.21044 -0.39812 0.67225
0.71468 0.18712 -2.24634
0.92826 0.03753 0.01821
-0.66097 -0.68705 1.6276
0.32839 -0.51423 -0.0575
1.69509 -0.28889 -0.89627
2.83666 -0.71345 -0.09692
1.6554 -0.65774 -1.31394
0.56367 -0.24176 -0.76295
0.88934 1.38879 -0.27037
-0.31519 3.0474 -0.73465
-2.16317 2.42153 -1.59235
-0.88626 0.40083 1.68366
-0.63015 -0.34823 1.86364
2.72984 -0.40416 1.48148
3.23545 0.86268 1.70475
3.60192 -0.21089 -0.68408
2.95946 -0.76148 -1.32368
2.2144 1.79972 0.37708
1.5318 2.54061 -0.0041
3.51949 1.39925 0.33511
4.75894 0.71347 1.50845
4.09391 -1.67455 0.46962
2.59965 1.05984 1.76949
0.48735 2.86828 1.49836
-0.73409 3.06712 0.47774
-2.65178 1.46908 1.78757
-1.75948 1.65404 3.74964
0.16271 0.20671 3.44682
1.65338 0.66261 2.12302
1.0116 0.50866 1.24409
0.26135 -0.79482 0.32789
1.12485 -0.30482 -0.44843
2.64397 2.2391 -0.14456
2.64467 2.24521 -0.93109
2.98097 -0.74776 -0.21758
1.63744 -0.06367 -1.01765
2.28158 0.18811 -0.96764
3.19383 0.16333 -1.71825
1.65013 -0.25813 -1.50818
0.30502 0.3072 -0.47487
-0.30514 -0.68443 -1.32003
-0.44807 0.33428 -2.58082
-1.2587 0.07395 -1.95215
-0.12352 0.96705 -1.64433
-0.36374 -0.20279 -0.67821
0.57629 -0.4255 -0.50238
0.70591 1.21314 0.33217
0.84943 0.0588 -0.72283
-0.10795 -1.49565 -0.36722
-0.92155 -0.89266 0.02144
-0.698 0.20412 0.15797
