1.99019 0.50977 -1.23226
1.35152 0.23191 0.20993
1.36563 0.21318 -0.50091
0.59311 0.56962 0.87737
0.80736 0.88869 1.15185
-0.23771 0.86696 1.0093
0.89439 0.3535 0.06629
1.2574 0.78733 -0.99197
-0.25373 -1.161 0.71218
0.94149 -0.74677 -0.09543
-1.15557 1.03737 0.24616
0.64188 0.51364 -0.23078
1.0761 -0.15068 0.10364
1.41734 -0.61972 -0.39731
-0.52026 -1.49364 -2.05583
-0.04987 -0.62553 -1.7128
-0.69205 -1.13969 0.29778
1.94923 -0.09898 1.06036
0.06136 0.31161 1.26971
-0.83192 0.75488 0.29789
-0.50863 0.59951 0.45106
-0.25184 0.0841 0.57388
-1.17435 -0.20677 0.77084
0.18894 0.32505 1.06575
0.68645 1.61054 0.48319
-0.53519 1.17512 -0.6343
2.17449 1.86647 0.95046
1.48211 1.43641 -0.62314
0.99537 0.06929 -1.56288
2.18089 -0.07184 -0.09317
0.78453 -0.364 1.53497
-0.43983 0.50707 -2.26221
-1.23286 0.14467 0.75085
0.53221 1.31509 0.87345
1.67155 1.66387 -0.01428
0.47558 1.39218 -0.20027
0.52747 -0.23687 0.35107
1.83447 -0.84927 -0.68343
2.02321 -0.39665 -0.54522
0.49192 0.03323 -0.4878
-1.17384 0.31338 0.87352
-0.18363 0.13577 0.79304
0.36029 1.88075 -0.90138
0.95845 -0.59419 -0.57707
-0.58174 -0.93477 0.39496
1.63623 -0.10304 0.08537
0.40688 0.21776 0.92953
1.98854 -0.71314 2.00809
0.55563 0.04376 0.43844
2.04514 1.14281 0.08841
-0.19097 -1.48445 -0.43225
-0.54229 0.06071 0.31455
-0.07925 -0.12801 0.58788
0.71337 0.0843 0.14344
0.57811 -2.02983 -0.52416
0.9073 -1.55688 -0.6979
1.00404 -1.35396 1.65333
0.72756 -0.08647 0.80641
-1.23048 0.40505 0.5132
-1.44091 -0.60023 -0.65759
-2.49332 0.04662 -0.72802
0.64786 -1.4661 0.74641
1.05197 -1.49185 -2.59281
0.80496 -0.73731 -0.86799
0.12597 0.99598 -0.17075
-0.5928 0.24241 -1.62488
-1.56215 0.5079 -0.51539
-0.61079 1.25341 0.33644
0.96659 -0.10695 -0.93622
-0.08707 1.33122 -1.18693
1.60835 1.22419 -1.53849
0.11666 -0.66503 1.22188
-0.23183 2.19657 0.71264
1.30982 0.92937 -0.48604
-0.11481 -1.15904 -0.19807
-0.71145 -0.57506 -1.9832
-1.70834 -1.18008 0.89046
-1.29759 0.19329 0.03735
0.41391 -1.23423 -0.94161
-1.90926 0.82208 -0.23771
0.31297 -1.32835 0.04792
0.55202 -0.45741 0.59314
-0.88014 0.91714 0.72209
-2.38377 0.82783 -0.18733
-1.10327 -0.26346 1.02991
-0.71895 1.1599 -0.45121
0.92736 2.66551 -1.02003
-1.04879 1.74648 -2.05893
0.6976 -0.41221 -0.64089
1.04165 -0.45073 0.13313
1.50966 0.17097 0.57585
1.46194 0.22986 0.7233
1.21927 0.12491 0.36031
0.53763 -0.24164 0.31749
0.99452 1.01359 -0.19287
0.68127 2.1312 -0.23996
-0.07603 1.87156 -0.45561
-0.17653 -0.07213 -0.21591
0.49537 -0.0176 -1.15982
2.57743 -0.5747 0.2014
-0.58521 -1.11919 -0.35214
0.74079 -0.77924 -0.4106
0.47615 0.70005 -0.23186
0.27611 1.11313 -0.50996
0.72509 1.52391 -2.02291
0.15474 -0.35426 0.88917
-0.84065 -0.61674 1.89233
1.38917 -0.48362 1.38754
0.30149 0.31021 -0.95083
0.08309 0.86165 1.18012
0.35281 2.19667 -1.06511
1.18578 1.18915 -1.4374
-0.4931 0.06983 0.02414
1.48468 -0.54585 -0.78311
-0.26222 2.60619 -0.31997
-0.26073 0.75802 -1.97715
-0.33471 -0.93852 0.5868
1.16964 -1.37401 -0.40251
0.63103 -1.23589 -0.81619
1.06763 -1.87976 2.40896
0.2945 0.36845 0.89518
0.75758 -0.59349 -0.55945
-2.20945 1.09222 -2.90665
-1.66558 -0.03109 -1.51714
-1.46251 -0.9654 0.40566
-0.44166 0.53106 0.04846
-2.00029 -0.50532 1.40854
-1.03707 -0.94102 0.05179
-0.63926 -1.79843 1.37032
-0.4452 -1.54296 0.22752
-1.15238 1.214 0.28339
-1.49097 -0.04359 -0.82149
-1.24927 -0.69821 -1.13782
-0.26545 -1.43974 -0.74067
0.33595 -0.42894 0.49647
-0.30248 -0.24373 0.46603
-0.39044 -1.07927 0.32127
-0.85001 -0.38636 2.16855
-0.10598 0.48225 0.33901
-1.27772 1.57275 1.54187
-1.37938 0.25841 1.10832
0.97126 0.74749 -0.43367
0.16863 -0.31014 1.29946
1.05558 1.14015 0.834
0.08681 0.92914 0.42341
-0.10141 0.79096 1.2733
1.28233 2.08547 -0.70023
1.62361 1.00264 0.36357
0.28242 2.64888 0.58299
0.04861 1.10643 0.17599
