-1.21174 -0.63669 -1.10879
-0.07663 -1.21267 -2.16806
0.16511 -1.76091 -1.5562
-0.30599 -0.00015 -0.7392
0.77027 0.61219 -1.89755
-0.06866 -0.41193 -0.79793
-0.87105 -0.44801 -2.16885
0.06781 0.17923 -0.49779
0.55134 -0.84848 -1.41976
0.80015 0.6323 -1.08557
0.71359 0.328 -1.30836
0.07642 -0.34838 -0.37284
-1.58889 0.28049 -2.1157
-2.02155 -0.44779 0.32291
-0.09178 -1.26173 -0.06777
-0.41458 -0.26989 1.00422
-1.3882 -1.23687 1.89965
0.69859 -0.61526 1.42708
-0.26947 0.14016 -0.884
1.35847 -1.24881 0.01509
-0.4628 0.76206 0.13808
0.69623 0.54658 0.33829
1.69875 -0.33489 0.30586
2.38183 1.00475 1.5127
0.85357 -1.65739 0.73245
0.84355 -0.43414 0.14616
0.21195 -0.64366 -0.65813
-0.4943 1.56359 -1.51051
0.07712 0.85937 -3.11372
0.05595 1.31108 -3.08531
-1.02397 0.25005 -2.4399
-1.37158 -0.3752 -1.85577
0.09156 -1.25157 -1.67798
1.09561 0.23251 -1.77629
-1.6663 -0.71442 -0.99679
-0.58864 -0.77214 0.17807
-1.50061 -1.94022 0.31863
-0.85009 -1.85117 0.76252
-0.36304 -1.03893 -1.07272
-1.67409 0.38189 -1.60149
-2.30322 1.04882 -2.57007
-1.87437 -0.09072 -1.93587
0.23142 -1.24037 -2.61848
-2.1727 -0.77931 -0.23148
-2.2789 -0.58254 1.19821
0.26366 -0.39368 2.26747
-0.65909 0.16111 1.75857
1.19078 2.0595 1.18295
0.44357 1.43194 0.33592
-1.01794 1.24046 1.7649
0.55506 1.49778 3.26352
0.25195 -0.20669 3.02081
0.96005 -1.11676 1.72315
0.28598 1.26171 3.00591
2.09658 0.27735 1.76057
1.64763 -0.19549 0.81086
0.61556 1.72923 -0.48217
1.40029 -0.17396 0.61811
-1.02068 1.86578 1.30952
0.0174 0.90583 -0.5188
-1.49393 -0.8449 0.5308
-1.60713 2.00093 -0.73245
-2.24948 0.57259 -0.9975
-1.699 1.68893 -1.27084
-0.61623 -1.51195 -1.79
-1.6384 0.38086 0.54681
0.65495 -0.43793 0.70151
-0.68836 -1.70886 1.24562
-0.85623 -0.07264 2.19413
0.59146 -0.26149 1.76588
2.48188 -1.62865 1.44506
2.67308 0.88091 0.88729
1.7383 1.0685 -0.97091
0.33786 1.76465 2.45456
-0.3923 0.91715 -0.60011
-1.53417 -2.84579 -0.30959
-0.6382 0.84325 0.08103
-1.44136 -0.19391 1.03004
-1.40035 -0.36999 3.28521
-0.68377 1.30482 2.87805
-0.35624 0.73985 3.83128
-0.49525 2.31206 4.13295
2.46921 -0.26998 3.1556
1.09855 1.29018 2.62023
1.57569 0.55591 1.12513
1.39899 0.84966 2.61147
0.26976 -0.34517 1.72791
-0.3066 -0.29506 0.92277
1.55921 0.88566 2.40445
1.66541 0.92837 1.08971
0.94561 1.25183 1.49489
0.92562 0.98103 1.92864
0.94147 1.53108 1.41983
-0.2367 0.9281 2.48388
1.2638 0.34147 2.92108
1.54484 2.00581 2.5813
0.32847 0.94643 1.65524
1.52782 0.01966 0.2015
1.52646 -0.0826 -1.46252
1.33962 -0.28671 0.97066
1.56233 -0.15684 1.08986
-0.30428 0.32163 -0.60243
-2.6663 -1.09862 -2.78258
-3.46825 -1.09715 -1.65992
-3.8268 -0.83888 -0.34737
-1.23816 -1.43627 0.71125
-0.15415 -0.56683 -0.87527
-0.46589 -0.4749 -0.42071
1.03832 -0.44115 0.47377
-1.14821 -1.97471 -1.29709
-0.21119 -2.57778 -0.98383
0.7916 0.0225 -2.31382
0.40861 -0.01565 -3.21931
0.25496 -0.25261 -1.40586
-0.88686 -2.29674 -2.63793
-3.65441 -0.60262 -3.68982
-1.03194 -1.40077 -2.35066
0.09401 -0.25098 -3.41633
0.43938 0.16813 -4.20423
0.43789 0.33061 -1.983
0.93308 -1.9239 -3.74067
0.27755 -1.37413 -1.74255
0.23386 -1.22324 -2.0214
0.5935 -1.6473 -1.79402
0.43462 -0.90867 -0.72449
0.38001 -0.34664 -0.8546
-1.22546 -2.32515 -0.9661
-0.92914 -0.23452 -1.60105
0.10749 1.35098 -0.532
-1.15356 0.74321 -0.69835
-1.99247 -1.14303 -2.76715
-1.89523 -1.60522 -2.73206
-1.36139 1.55093 -2.12725
-0.55547 0.13877 -1.13673
1.48223 -1.14509 -0.53852
-1.31308 -0.30225 -1.10852
1.87288 -0.74621 0.22448
2.73377 -0.00712 0.60934
1.7494 -1.62905 -0.01781
1.10635 -0.33867 -0.4245
0.49571 0.21749 0.02124
1.0337 0.56047 1.40374
2.44762 -2.77811 -1.14035
1.49168 0.62335 -1.63396
0.18494 -0.24899 -1.38582
1.09798 1.58445 -0.74844
-1.2821 0.39573 -0.16744
-1.08016 -1.22214 -1.73047
-1.07385 -0.8079 -2.93699
-0.45144 -0.87658 -2.95907
