1.29776 -0.04754 3.16493
-0.06066 0.47515 1.32916
2.58653 -1.95606 0.26181
1.0617 -1.9687 -0.36038
2.97576 -0.37044 -0.50398
2.20609 0.86037 1.06861
-0.07485 1.04976 2.57503
0.34655 -0.00302 0.58843
-1.06168 -2.5175 -1.29089
2.19133 -2.80298 -0.42342
0.88252 0.0192 -0.51625
-0.57376 3.18396 -0.06697
-1.07346 2.36528 -0.94423
0.4675 0.60494 0.1925
1.51472 -0.23964 0.16117
1.01413 1.05453 1.71208
2.62164 1.45729 1.67945
0.51874 1.3056 2.78401
-0.38049 0.34692 3.07444
0.93878 -0.25229 0.88391
-1.25539 -0.13882 2.79407
0.83989 -0.32919 3.34548
0.00452 -0.71493 3.92797
0.07246 0.05378 1.81149
-1.43877 0.56342 2.18628
0.01903 -0.44737 1.92472
1.43282 -1.81874 1.42294
1.5524 0.69121 0.55038
-1.14596 0.66536 0.06973
-1.62882 0.02415 -0.23398
1.31071 -0.12125 -1.06524
-1.32783 1.3561 -3.1939
-0.59029 -0.33942 -1.24596
0.66148 0.1082 -0.30348
-1.48311 -1.31094 -1.39197
-2.6741 -1.86395 -3.2281
-2.05957 -2.03575 -0.08898
-0.34779 -3.20355 -1.77515
-0.95048 -1.76898 -0.35562
-1.52242 -0.17179 -1.5674
-0.74852 -0.354 -2.24372
0.16545 -0.43119 -1.97621
1.32468 -2.28219 -0.53147
0.59752 -0.95204 -1.02893
-0.34727 -1.27037 -0.08962
0.38554 -1.66915 0.9162
-1.81408 -0.02562 0.66528
-0.13896 -1.36347 0.85032
0.65723 -0.25378 0.18236
0.51774 -0.35096 -1.59035
1.86976 0.15974 -3.24907
1.63196 0.8641 -1.44568
0.31805 1.46088 -1.55925
-0.27854 1.43776 -0.27428
0.66059 0.87268 -0.92974
-2.10909 0.2917 -1.75671
0.38775 -2.09754 -0.79999
0.3477 -0.50931 2.38474
-0.58265 -0.21333 1.5386
0.56761 -0.40153 -0.49133
0.31102 -0.19948 0.68696
0.16364 0.987 0.01032
-0.68062 1.74491 0.05455
0.45019 1.75451 0.80432
0.82297 1.35648 0.43708
-0.65445 1.20309 -0.62177
1.36098 1.95961 -1.04343
2.02721 1.52099 0.69916
1.59122 0.89565 -0.18239
1.48358 0.7618 -0.12922
-0.09935 -0.54865 -0.35185
0.52187 0.97695 -0.15268
1.42118 0.03034 -0.0097
0.57014 0.45301 -0.05234
1.12025 3.1109 0.70384
0.49946 1.93203 -0.73691
0.5114 2.22207 0.31395
1.36599 1.35005 -0.14589
-0.39046 3.09098 -1.45047
-0.51052 0.87446 -1.20339
0.78275 0.57316 -0.22091
-0.36589 1.61456 1.61004
-0.77604 1.68485 2.67867
1.28343 1.5185 2.39632
1.08893 0.07681 1.34321
0.48863 0.36503 0.67523
1.01273 -0.14547 0.68359
-0.03494 0.7243 1.09017
0.15596 -0.22848 2.23427
-1.36412 -0.64017 1.98559
1.24317 0.45897 1.45526
-0.54429 -0.05141 1.96503
-0.41147 -0.7766 -0.10254
1.21264 0.71616 -1.29504
1.32131 1.53857 -2.39653
-0.42033 1.31027 -1.33091
0.4423 2.52449 -1.53257
-0.44777 3.19607 -1.52953
-2.43591 0.93472 -0.09248
-0.9454 0.14939 -1.30318
-1.61345 -0.90886 -0.73676
-0.69639 -1.44841 -0.60736
-2.03 -0.85528 -0.31869
-0.2801 0.62705 0.0585
-1.16001 0.64958 -1.64804
-0.11694 0.98367 -1.83962
0.60928 1.07331 -1.57725
0.32873 1.41056 -0.96714
-0.25293 1.99883 -2.39492
-0.41768 1.47517 -0.56611
-0.51059 1.14825 -1.03462
-0.35501 1.2402 0.3858
0.90593 0.37316 -0.74033
-2.24576 0.57948 -0.32096
-0.99717 0.00186 -0.0909
0.12277 -0.02534 -0.41995
0.57741 0.44553 -1.07713
-0.67818 0.39019 -1.80043
-2.252 -0.63275 -1.83507
-0.68666 -0.81969 -0.5569
-1.904 -0.07115 -0.01897
-1.75333 -1.08844 2.08925
1.36666 -1.07578 1.48951
-0.24584 -0.92884 0.35736
0.68506 -1.00582 1.01755
1.1623 -0.01303 2.12932
1.66255 1.30307 0.64722
0.82169 -0.74926 -0.62436
-0.07437 -0.93713 -1.16719
1.5375 0.10738 -0.42752
-0.13592 -0.09355 -2.19411
-0.36501 0.13992 -0.26249
-1.19373 -0.89149 -0.55254
0.03772 -1.55475 -0.354
-0.45856 -0.9579 -1.11574
0.40975 -0.88848 -0.21686
-1.19753 -0.57679 0.53873
-1.73261 0.8308 -1.05209
-0.61783 -1.14937 -1.06301
-0.24566 -0.54747 -0.99627
-0.22637 0.93236 -0.983
0.66738 0.69906 -1.27511
-0.64246 1.28569 -0.22678
0.33264 1.10011 1.59915
-0.10688 -0.95414 2.10483
1.46946 -1.32265 1.3594
-0.05257 -1.97939 -0.076
-0.27848 -1.14269 2.25204
1.51031 1.28066 1.80097
1.10518 2.81023 0.46551
