1.42134 3.17737 1.03677
0.75202 4.77605 1.29211
0.27113 4.92125 0.29397
0.9172 3.70635 1.08413
0.6683 4.94586 1.88464
-0.28611 3.86948 1.82861
1.13929 5.31075 1.74511
2.10329 4.86337 2.1854
2.75286 4.33449 3.21244
3.28862 1.89902 2.32493
2.12445 1.6007 3.59018
1.97169 1.46228 4.41264
0.77207 -0.10762 4.82159
1.20861 0.71596 4.63718
-0.87278 1.79471 0.98024
0.24648 1.2074 0.06609
-0.82785 0.79781 0.44927
-1.57371 0.40258 1.74785
1.29882 0.17793 -0.63975
1.19629 0.22999 -0.76225
1.18233 0.49181 -0.08817
0.87643 -0.29559 1.85535
0.7312 -0.23518 -0.17801
1.62219 0.718 -0.54991
2.80712 -1.44558 0.42719
2.20771 -0.51339 1.29119
2.16007 -0.73401 2.18819
0.38572 -0.36121 1.08022
1.10434 -1.71464 2.49597
-0.54168 -0.38472 -0.07169
-0.36543 -0.10224 -0.48452
0.28408 -1.64822 0.28954
-1.71268 -1.46653 0.9197
-0.48651 -2.60622 1.53962
-0.81057 -4.21275 0.21187
-1.31634 -3.83081 -0.36891
-1.87607 -3.19794 -1.75824
-0.24268 -2.75512 -0.77409
-1.2129 -2.81989 -2.67909
-0.07353 -2.25596 -2.78851
-0.642 -1.67817 -2.10655
-1.71246 -0.37804 -2.17371
-0.74496 1.10886 -1.02519
-0.19118 -0.40438 0.78199
0.65711 -0.47558 -1.65638
0.8452 -1.0705 -1.51146
1.54133 -0.66481 -1.67736
1.39346 -1.00315 0.38301
-0.93889 -1.06555 0.82818
-1.87945 -1.66115 2.76008
-2.14161 -2.23799 -0.33066
-1.16516 -3.12737 1.2132
-1.78869 -3.66081 -0.06525
-3.96953 -3.62842 -2.19558
-3.02394 -5.18466 -1.74267
-0.43035 -6.53849 -3.10176
-3.32706 -6.49623 -2.0432
-2.92013 -6.63513 -2.37748
-3.56525 -6.05669 -2.15378
-3.84168 -6.44963 -3.38847
-4.07715 -7.42966 -2.65911
-5.5716 -6.63372 -4.1064
-3.65519 -6.87411 -3.3954
-4.18101 -7.1161 -5.86159
-4.50381 -6.82453 -5.70574
-5.0331 -7.12185 -3.74664
-4.41993 -7.19977 -4.86687
-3.89523 -6.49122 -4.38203
-4.17456 -6.28453 -5.20588
-4.43581 -5.61408 -3.69463
-3.91125 -6.81749 -4.82965
-5.53743 -6.61374 -6.11886
-5.79065 -5.84707 -5.50079
-4.14183 -6.27699 -3.34028
-2.67482 -6.67366 -4.26915
-4.93903 -6.42201 -5.36744
-4.91774 -8.10047 -5.63721
-4.00027 -6.55042 -5.44697
-2.57597 -5.4043 -5.13572
-2.06223 -5.90039 -2.53518
-2.08027 -6.33367 -2.6235
-3.52606 -6.19503 -2.3371
-3.91356 -8.14227 -1.45265
-5.24824 -8.28042 -2.78307
-4.77257 -8.27207 -4.07372
-5.85509 -5.33613 -3.89582
-4.69154 -5.17779 -4.91644
-3.4812 -4.67034 -6.01144
-0.10931 -4.33692 -4.41318
-3.28732 -3.22809 -3.72497
-2.98627 -3.46764 -4.08911
-4.04665 -2.8369 -5.10042
-4.10632 -1.95395 -3.45643
-3.09534 -1.68929 -4.11221
-2.43022 -4.06501 -2.67791
-2.63665 -3.80646 -2.21024
-3.04577 -4.01031 -3.25033
-0.56466 -3.06155 -2.07894
-0.97553 -3.32509 -0.91717
-0.74374 -2.45309 -2.34647
-2.0329 -1.75855 -1.92342
0.23196 -1.18279 -1.22375
-0.47977 -1.32561 -2.22837
-0.19181 -0.61757 -1.57331
-0.3504 -1.68773 -1.23819
-0.29674 -2.59361 -2.43186
0.0931 -1.5248 -1.26764
0.54685 -2.455 -1.73295
1.4508 -2.75139 1.06089
0.38534 -2.70082 0.40389
-0.10222 -3.41291 -0.69201
-1.21417 -4.16847 -0.94857
-1.80033 -3.67526 -2.05287
-2.9018 -2.96566 -1.63329
-2.86438 -1.50681 -2.46415
-2.74836 0.98655 -2.42478
-0.3882 -0.52569 -3.33252
0.35482 0.25569 -2.22592
0.32879 0.64762 -1.60215
0.44828 -0.00435 -0.94791
-1.71892 -0.06049 0.38415
-1.65124 1.23462 1.20131
1.06964 0.87366 0.9339
0.35791 0.37993 -0.22869
0.41056 1.14826 1.8931
1.15953 0.37869 1.03964
0.47656 -0.85612 2.41221
0.38233 0.3965 5.06419
-0.19197 -1.12967 1.36822
-1.05091 -1.15322 1.36495
0.68812 -1.24339 -0.134
0.33143 -1.1665 -1.48046
1.41184 -1.41559 0.84408
1.37014 -0.71776 -1.53484
0.42916 0.50384 0.14862
-1.31996 0.22073 -0.72196
-1.456 -0.80821 0.46986
1.16739 -2.0592 -0.3014
0.27957 -1.41999 -1.76096
-0.63388 0.43593 -0.27881
0.17064 0.69713 -0.26811
0.43888 0.08459 0.82522
-0.34836 0.53663 -1.04772
0.56302 0.07798 -1.11001
-0.40168 -0.03017 -1.38499
0.00872 -1.82096 -0.70879
-0.27252 -2.16348 0.11129
-1.80832 -2.49891 0.26599
0.46701 -0.53256 0.53736
-0.3873 -0.71567 0.7098
