-1.78254 -0.07258 0.93524
-3.83609 0.28282 -1.80496
-2.06272 -0.99064 -1.06389
-0.59677 -1.96408 0.50577
1.46059 -1.67082 0.72009
-0.30102 -1.58494 2.05566
-1.16516 0.12458 0.03883
0.39779 -0.77139 0.28098
-0.70512 -0.44275 1.87534
0.4796 -0.49506 1.51371
-0.00061 0.00138 1.74011
2.24733 1.02695 2.18604
0.46146 1.71981 0.05731
-0.52958 1.06338 -1.14456
-0.18531 0.54316 0.0274
-0.90421 0.47565 0.15368
0.57414 0.86036 1.47275
-1.30149 0.32474 -0.41212
0.29049 0.379 -0.84449
1.67218 -0.51257 -1.35861
-0.79706 -0.03177 -2.88825
0.94791 -0.42653 -2.71607
0.58408 0.24631 -2.30829
-0.80258 1.19542 -1.10055
-1.2483 1.36081 -0.74696
1.44568 0.09036 -0.01567
-0.33394 0.41812 0.33331
1.1558 -0.49009 -1.43681
-0.02285 0.39641 -2.01691
-0.16025 0.57053 0.38637
-0.43617 -0.23501 0.53302
-0.13852 0.13715 2.69036
0.4401 -0.15021 2.39037
1.2334 1.07159 1.82718
-0.48696 1.07712 0.12227
-1.39506 0.32734 1.28054
-0.97495 0.06845 1.34939
-1.75202 0.23343 0.16535
-2.13091 -0.49483 1.45376
-1.53958 -0.39093 -0.14032
-0.28658 -0.52918 -1.37082
0.55479 -1.68219 -0.80479
-1.38675 -2.46484 1.19081
-1.91619 -2.47859 -1.94801
0.17048 -3.79368 -1.63206
-0.42167 -3.32805 -1.3142
-0.58748 -6.00368 0.9673
-1.78315 -5.72188 0.5594
-1.68756 -3.70229 0.05777
-2.11344 -3.05324 -0.57886
-0.48279 -1.2869 -1.8679
-1.56093 -0.49014 0.50656
-0.66676 -0.15676 0.87139
-1.09429 0.85283 -0.68609
-0.66279 0.29959 -0.08532
-0.8521 1.70548 0.45924
-0.44428 1.13126 -0.98404
0.47097 1.32935 -1.75326
0.92696 0.44094 -1.0212
3.05857 0.46154 0.50873
1.01458 1.27519 0.66307
0.90848 1.7235 -0.53086
2.00518 1.40307 0.23049
0.79857 3.61309 0.87972
1.6285 3.11303 0.9127
1.054 2.5115 0.36703
-0.19247 1.63609 -0.57031
1.68719 0.35788 -0.14289
0.4425 2.16259 -0.50794
1.43401 2.99353 -1.89486
0.10367 0.67421 -1.76576
-0.34022 1.06895 -1.29541
1.56527 0.76099 -0.96279
1.26189 1.39206 -1.4067
0.71512 0.20316 -1.34432
-0.31933 -1.71579 -0.8397
-0.04368 -3.3862 -0.17673
0.46162 -0.60492 0.3569
-0.03792 -0.09521 -0.60265
1.26782 -1.70638 -0.34301
-0.03861 -1.96868 -0.90911
0.14509 -2.93299 0.49265
0.32247 -2.97193 0.46352
-0.39244 -2.00633 0.89493
-2.51059 -1.51222 1.40102
-1.10713 -1.31075 -0.44673
-2.35981 -1.82017 -0.76337
-2.95766 -1.75406 0.19061
-1.11213 -2.36597 0.03844
-0.03724 -3.16018 0.45911
-2.38696 -2.95789 -0.82347
0.78448 -4.74243 -0.94561
-0.50931 -3.82546 -1.61751
-1.05845 -4.49753 -2.52092
-0.88324 -4.10556 -2.10042
-1.63198 -5.08516 -1.20281
-1.71432 -5.84043 -0.08147
-1.14479 -8.477 -1.31683
-0.12925 -6.72436 -0.18617
-1.23256 -6.3754 -1.44329
-4.13224 -6.44245 0.81976
-1.88154 -5.57363 1.19307
-3.055 -5.3761 1.09081
-2.37355 -6.57527 0.63135
-3.76153 -5.98627 -0.21513
-2.04583 -5.37931 -1.9133
-2.84857 -6.50848 -0.75626
-2.25946 -6.34633 0.15928
-3.6088 -5.10581 -0.83223
-2.39641 -6.64286 -2.81519
-1.15715 -7.10935 -2.35556
-0.56255 -6.28092 -3.63621
-2.90207 -5.89516 -4.5901
-2.41766 -7.57638 -5.25977
-2.16398 -8.13361 -5.02251
-3.22072 -8.26522 -4.07377
-4.44022 -8.21003 -2.09825
-3.29049 -9.15189 -2.17689
-2.59844 -7.71555 -1.36512
-2.4913 -9.96384 -1.93157
-2.60779 -9.8849 -1.14229
-1.30526 -10.64189 -1.03762
-2.42311 -11.30599 -1.37217
-3.53568 -9.84468 -1.73808
-3.3388 -9.52735 -1.49163
-4.52019 -10.26232 -0.93937
-2.37504 -10.00117 -1.54875
-2.79081 -9.41536 -1.52039
-3.67226 -7.51495 -1.25082
-3.17524 -8.41103 -1.97376
-3.34391 -9.10082 -2.24143
-2.92081 -8.79384 -0.53806
-3.63635 -7.75743 -2.5515
-3.53601 -8.18707 -3.4139
-1.95484 -9.98546 -3.78007
-1.68434 -8.18435 -2.61235
-1.14174 -7.72247 -0.54901
-1.03931 -9.04986 0.83472
0.03675 -9.22792 -0.7036
-3.30692 -8.93862 -0.3971
-2.94895 -9.9046 -0.22908
-3.29297 -8.14254 -0.54139
-2.74442 -7.86864 -2.1779
-5.02136 -7.68647 -2.21473
-3.41225 -8.18719 -1.74241
-3.7611 -7.93189 -2.14649
-2.89782 -9.03844 -1.90282
-3.72835 -9.1385 -0.39119
-2.8405 -7.25575 -1.81829
-5.061 -7.64623 -2.19047
