-3.73872 -3.05623 -0.74208
-5.09677 -1.53603 -0.99293
-5.86106 -1.69546 0.33143
-7.29854 0.9359 0.43353
-9.73799 0.0825 -2.44655
-7.21892 1.47339 -1.91701
-5.26476 1.46103 -0.93525
-3.44569 1.08604 -0.27387
-2.29573 2.0611 1.3144
-2.45312 2.60323 0.04312
-3.80532 1.81371 -0.2299
-1.61715 0.72048 0.09967
-2.95149 -0.19691 -0.42252
-2.69853 1.74028 1.89526
0.42156 1.8617 2.96308
1.91181 3.08727 2.10296
2.61805 0.69606 1.8129
2.61296 2.10039 1.6586
4.31209 2.19228 1.48867
5.79734 0.5634 1.00529
5.92415 -1.07544 0.85422
6.14617 -0.13193 -0.15411
5.085 0.50873 -0.88214
6.12578 1.28691 0.84312
4.57446 0.91073 1.24545
4.53245 -0.58376 0.09558
2.91566 0.05497 0.46136
2.27743 -0.22743 -0.70644
3.47072 0.49012 1.09022
2.1222 -1.22695 0.88251
3.55602 1.01047 0.5548
4.9789 3.03685 -0.341
4.96739 0.89625 -1.54642
5.2451 -0.18782 -1.61486
2.23102 -2.27387 -1.81455
3.50808 -1.53853 -1.8479
2.37662 -0.79305 -2.01956
1.22905 0.14069 -0.48422
0.36106 0.12454 -0.30593
-1.91682 2.3106 -0.40882
-2.77407 1.10338 -1.22638
-2.59953 0.01857 -1.59398
-1.79127 -1.28841 -1.98615
-3.55335 -0.06628 -1.14886
-4.18092 -1.26918 -0.13196
-3.80689 -0.756 0.34511
-5.16448 -0.61571 -0.91887
-7.59562 -0.39378 -0.55874
-6.78571 0.06736 1.19689
-7.32593 -1.05037 1.97053
-5.93935 -0.04932 1.66445
-5.91923 -0.63698 1.81415
-3.85275 0.59025 1.37187
-3.05439 -0.85953 1.30018
-2.9103 -0.96153 2.84837
-3.31391 -1.10712 1.57448
-1.86668 0.24774 0.13398
-0.68081 0.01958 -0.83276
0.03373 1.32614 -0.34328
0.79603 1.60678 -1.47634
0.08946 0.20372 -2.18874
0.9218 0.53728 -3.16947
2.61856 0.92978 -2.85926
1.93783 -0.22523 -3.44528
0.34838 0.14445 -2.74189
-1.02527 0.65031 -1.26085
0.7615 -3.22225 0.27773
-1.73161 -3.93664 -0.16766
-3.54148 -1.77562 -0.33792
-3.69501 -1.06203 -0.09176
-3.73777 -1.75695 1.03859
-3.67547 1.31166 2.36703
-5.00952 2.95278 2.44471
-4.1993 1.49934 0.8984
-4.10714 1.79001 -0.48282
-2.41048 0.81525 -1.49319
-1.09313 0.46686 -1.14588
0.59945 -1.03066 -0.4097
0.76646 1.02546 -1.06798
0.24733 0.04611 0.22136
-0.47547 -1.95972 -0.06375
-1.74069 -0.05999 -0.78405
-0.61416 -2.73938 -2.00893
0.24867 -3.65093 -2.68384
-1.49285 -2.75792 -3.36867
-1.14127 -1.87804 -3.73341
-3.03201 -2.75984 -3.91743
-3.95814 -3.18348 -2.49732
-4.37234 -4.41434 -4.51441
-5.60495 -4.33232 -3.69197
-6.06822 -3.58652 -3.19035
-7.22956 -2.82576 -1.58807
-8.47317 -3.61789 -2.30775
-10.09389 -3.83904 -1.94393
-8.5998 -2.6148 -0.59451
-8.02029 -1.44947 -1.43399
-8.22638 -1.27684 -3.00065
-9.23517 -1.88492 -3.89901
-10.03862 -3.01402 -3.59466
-9.32176 -1.67377 -2.6937
-7.97445 -1.3327 -3.62069
-8.07262 -4.54156 -4.95718
-9.31591 -5.58895 -5.42454
-9.31995 -3.51942 -4.34731
-10.38796 -2.30641 -4.40089
-13.34013 -2.15816 -3.67688
-14.04911 -3.13331 -2.89956
-13.10219 -2.54823 -3.28572
-12.47315 -2.95459 -2.52988
-12.69959 -3.00231 -3.86027
-12.08043 -1.69231 -5.29123
-11.68928 -1.51153 -5.61376
-11.91811 -2.11894 -4.39221
-11.08574 -2.05334 -3.12641
-11.39299 -1.87472 -3.29884
-12.40414 -1.29134 -3.08241
-12.26591 1.00932 -3.19326
-13.05533 -0.38625 -3.33413
-11.84587 -0.30723 -3.05832
-11.8144 1.44666 -2.54193
-12.46943 -1.67408 -3.75413
-10.83632 -1.30521 -4.43543
-9.91804 -3.56 -3.62071
-8.85539 -2.69835 -2.75044
-8.76248 -2.05414 -1.5755
-8.84954 0.28469 -2.12693
-11.25855 1.11283 -1.76536
-12.18174 -0.55632 -1.47508
-11.38405 -1.49201 -2.89241
-12.30808 -2.45453 -2.14511
-10.51221 -2.42996 -3.18584
-10.27684 -3.42116 -3.32561
-10.09688 -2.69375 -3.20921
-11.73606 -3.06394 -3.43972
-12.5049 -1.24856 -2.89546
-13.18716 -1.84659 -3.05786
-12.94383 -2.71875 -3.65451
-13.104 -1.13022 -1.90465
-12.85324 -1.03246 -1.1678
-11.93117 -1.04486 -2.01811
-12.26924 -0.5541 -0.35686
-11.29383 -1.03832 -0.21423
-10.04103 -1.55718 -0.49937
-11.1815 -1.01108 -1.1163
-10.18713 0.50193 -0.93397
-8.36386 -0.92606 -2.89736
-8.59322 -0.6952 -1.46767
-8.28449 0.57944 -2.4627
-8.18885 -0.21651 -2.36645
-9.02956 -1.73786 -1.51833
