-0.89132 -1.60627 0.30788
-0.92273 -1.31431 0.27676
-0.42455 -1.16842 0.29593
0.23128 -0.67395 0.33718
-2.42041 -0.52831 1.01964
-0.98244 -1.18229 -0.19249
-1.71441 -3.05319 0.06198
-2.6136 -1.78391 1.92227
-0.9268 -2.09745 -1.49545
-0.38574 -0.59957 -0.49705
-0.97644 1.24838 0.98625
-1.92974 2.00661 -0.73216
-1.19966 1.15322 0.95607
1.82887 -0.20231 -1.51918
2.42071 1.26109 0.35376
1.91128 0.01522 -0.16004
0.16464 -0.86349 0.30379
1.53979 -0.33213 0.14951
1.71151 -1.06258 1.0866
-0.02772 -1.2127 1.0961
-1.32937 -0.53502 1.35647
-1.00077 -0.6424 -0.44692
-2.21833 0.62894 -1.33555
-2.05737 0.52356 0.55065
-0.50139 1.96752 -0.71815
-0.64558 2.93142 -0.29565
-0.69937 1.95638 -0.90238
0.6116 2.5114 1.25943
1.18131 0.99273 -1.37756
0.46091 1.13456 1.26473
-1.41316 0.37824 -0.01005
-0.10833 0.64167 1.7213
0.20606 2.20015 -1.50105
-0.67549 2.79271 -0.10278
-0.63679 3.5077 -2.09714
-0.67551 2.74704 0.74206
0.79751 0.09652 -0.4848
-0.62468 -0.02616 0.65415
-0.50324 0.24686 -1.55298
-0.80637 -1.93325 1.56414
-1.5921 -1.66259 -0.7275
-0.50197 -0.84912 -2.1162
0.20783 0.5101 -1.05169
-0.53605 1.44764 -1.04381
-1.42166 1.17688 -1.64685
0.5778 1.44238 -1.52944
1.62206 3.13671 -0.60049
3.34401 1.08209 -0.57596
1.4787 1.47727 -0.01793
1.10815 1.80909 2.20309
1.01512 3.80386 0.81016
1.19029 1.37958 1.28188
1.06097 2.23046 1.74286
-0.50858 3.58932 2.01506
-0.75077 2.90085 -0.03921
1.01871 2.49463 1.08351
0.18775 4.07834 -0.26777
-0.19436 3.69376 0.63089
1.38966 2.01257 0.40803
0.88508 2.11739 1.43468
2.26573 0.71655 2.09931
0.05285 0.29651 1.37104
0.27861 1.10108 1.07348
-0.655 2.28662 0.76564
0.81184 4.61474 -0.28857
3.08494 3.96531 1.78371
0.84291 3.36629 0.88118
0.92357 3.25548 3.46016
1.79018 3.21984 2.34994
0.38572 0.72013 1.08174
-0.70938 3.2628 0.1437
-1.05701 3.44956 -1.01031
0.26769 4.19873 -2.54686
1.51704 3.93708 -1.70138
0.36575 4.09238 -0.86052
-0.04418 4.30546 -1.27806
2.48959 2.5529 0.4914
2.06008 3.25441 0.31308
2.44802 1.71129 1.17117
2.44662 2.59862 0.02735
3.78067 3.59209 1.16562
3.03245 6.20787 2.22698
0.2785 5.91911 2.1087
0.97061 6.50686 1.67256
1.48914 6.32819 2.00184
2.0154 6.9103 1.22427
1.03984 7.3181 0.51011
3.03688 9.53667 0.06728
2.80209 9.62368 -0.51489
1.89109 7.55367 0.73418
0.91519 7.2668 -0.74948
2.61343 8.65719 0.89796
2.4353 9.18445 0.56295
0.5203 6.43743 -1.68712
1.80639 6.31772 0.01359
5.43479 5.8676 -0.23109
3.8438 3.60311 1.27674
3.38965 3.40392 0.71281
2.96353 3.66992 1.63427
1.19786 2.89467 1.61995
1.04267 1.0802 2.40089
0.36644 0.67717 -0.53399
-0.29468 2.3234 -0.05203
0.08619 2.76729 0.02855
-0.43412 1.05928 -0.78353
-1.00213 -0.50183 0.16466
1.08269 -0.0427 0.73525
-0.25858 -1.59202 -1.12426
-1.10523 -1.61518 0.29269
2.07389 -0.45698 0.10401
1.33535 0.31289 -0.24775
-0.98014 0.72818 0.26054
-2.36766 -1.49529 -0.55573
-0.81678 -0.21128 0.34575
0.56616 1.69641 -1.2023
0.74458 -0.5094 -0.82183
0.51595 2.77401 0.75565
1.04156 2.90541 0.89267
1.01057 2.72389 1.33979
0.28377 3.11865 -0.01439
1.94664 2.15229 1.57876
0.66909 3.41505 -0.29439
0.97206 1.38672 0.40615
1.18891 0.65891 1.0828
2.70891 -0.06781 1.83089
2.86583 0.02203 0.71248
2.07435 0.71263 -0.25788
0.84987 0.79662 0.4398
-0.33256 -0.43698 -0.52383
0.47453 -0.95453 0.42307
-0.37659 -1.58799 1.58756
-0.37812 -1.43146 0.01381
-1.64215 -1.96713 0.66609
-0.45453 -1.24878 0.32289
-0.27131 -3.24511 -1.2681
-3.08575 -2.64849 -0.96444
-0.59479 -1.46763 1.26539
-1.76415 -2.7894 0.17256
-1.29812 -2.63131 1.90422
-0.50478 -2.45022 -1.48025
-1.32718 -2.69007 -0.46895
-0.41852 -0.62839 -0.55476
0.19141 -0.64552 0.47264
-1.67258 -0.68774 0.52476
-1.31188 -0.80381 -0.68911
0.42987 0.39373 -0.91032
-1.92442 0.15941 -0.5232
1.10573 1.87757 0.3277
0.16729 1.07807 -0.85038
2.1226 -1.21343 -0.0649
