0.47306 1.14618 1.02807
1.97567 0.35668 3.33443
0.64537 0.35018 3.09634
1.2364 0.51094 2.03009
0.89798 1.22151 2.0322
0.95266 0.58045 0.4142
1.78411 2.39038 -1.69784
2.25693 0.47136 -2.15184
-0.14489 1.05242 -1.82533
-0.08214 1.85471 -1.42897
1.6319 1.67768 0.34971
2.06877 0.65122 0.5098
1.55717 1.39266 1.43487
2.70359 0.7692 1.34615
1.19561 0.32466 0.67902
1.11498 1.43206 -0.33337
2.16576 1.20167 -1.84247
1.5243 1.04626 -1.64773
1.52639 1.63887 -2.49584
0.27296 2.52905 -1.67782
0.24129 2.93461 -2.0573
0.58658 1.89767 -3.87197
-0.79333 1.53758 -4.20595
-0.49765 1.41929 -4.31257
-0.71027 1.81096 -3.86357
0.99868 1.90742 -3.43789
0.63194 2.02386 -1.70638
0.53494 4.1232 0.11279
1.55599 4.94836 0.12915
0.06418 4.61529 -0.39525
1.19438 4.67448 0.34898
0.84857 4.76813 1.06397
1.10408 3.51069 1.1257
1.28182 0.75266 1.05636
-0.61396 0.31545 1.63872
1.4435 0.02499 0.58598
2.33787 -0.49642 0.64293
0.1417 0.08199 0.25533
-1.01043 0.01962 -0.03577
-0.67604 0.53031 -0.81309
-0.64306 0.85749 -2.18906
-1.46209 1.88269 -2.2367
-0.62584 -1.3807 -1.65172
-0.01659 -2.63922 -1.0432
-2.19656 -2.81422 -2.28321
0.08546 -2.7639 -3.36674
-1.26042 -3.75295 -3.9595
-4.21522 0.25705 -3.10043
-1.5192 -0.45275 -1.93624
-1.32952 -0.47476 -0.72303
-2.29372 0.15073 0.14676
-0.31966 0.68937 0.44179
-0.07549 0.79379 1.81017
2.18406 1.20026 3.84037
1.12884 -1.70016 5.05348
0.62202 -0.46886 2.34786
1.73423 -1.01389 2.31925
1.91262 -2.07296 3.52252
0.23417 -1.6301 4.50272
1.74769 -0.6958 3.01396
1.12114 -0.2931 2.16787
-0.90228 0.59061 2.12399
-0.05757 0.66887 1.431
0.47504 0.26624 1.26581
0.52615 0.48778 2.50344
0.81367 1.01796 -0.00304
0.52382 0.33775 0.01992
-0.45943 1.2866 0.48685
1.33592 1.955 -0.77308
1.01684 1.04989 -0.88319
-0.39132 3.1581 -1.736
-1.96427 1.69558 -0.30035
-0.53816 1.09947 0.49387
-1.21983 -0.86442 -0.45663
-1.44467 -0.65646 -0.65267
0.82636 -1.82227 -0.6674
-1.51053 -0.66816 -0.80144
0.55615 -1.46533 -0.50523
1.74628 -1.72161 -1.53483
-2.3636 -0.91258 -0.17192
0.3899 0.03545 -0.56331
-1.04287 -0.35175 0.19364
0.48515 -1.31328 0.51981
-0.50082 -0.99415 -0.04837
0.22626 -3.37275 -0.20512
-4.10307 -1.55289 -0.35373
-2.58787 -0.42071 -0.90715
-1.80072 -2.68904 -0.29654
-0.03868 -1.93526 -0.28077
-0.21544 -2.73323 -1.4896
-1.17984 -2.63601 -0.22717
-0.30225 -1.06888 -0.77359
-0.3484 -0.64038 -0.7322
-0.61031 -0.74475 -1.0477
-0.83838 -0.24164 0.22424
-1.27162 -0.41297 0.76017
-0.60546 -0.57958 1.26401
0.84813 -1.26501 0.51729
-0.75908 -2.87612 -0.63988
-1.21845 -1.5493 -2.45108
-0.4105 -1.53022 -1.12285
-2.02402 -0.98816 -0.60943
-0.71881 -1.18209 -0.09172
-0.89963 -2.05267 1.74313
-0.43132 -2.34096 1.38699
-0.23479 -2.09525 0.60441
0.21001 -2.30628 1.12974
-1.63696 -0.5615 0.22857
0.62731 0.38821 -0.87939
0.42159 0.80289 -2.00958
0.4173 -1.74037 -2.60401
-1.15881 0.23915 -2.91206
-3.22578 0.49698 -3.97078
-1.75179 -0.06436 -2.5017
1.08861 0.69953 -2.57315
1.55754 -0.96749 -2.79048
-1.36221 -2.78624 -0.44327
-0.68282 -2.7105 0.21651
-0.29417 -3.92601 -0.96014
-0.87357 -0.97005 -0.91971
0.87489 0.90922 -1.91473
1.7596 0.27307 -1.89431
-1.61147 0.33297 -3.05212
-0.17971 -0.35772 -2.77081
0.69745 0.27124 -2.50628
0.23941 0.0429 -3.00684
-0.71046 0.53693 -3.84749
-1.67444 0.10822 -3.82029
-1.36555 1.26957 -3.13106
0.31769 0.78177 -3.64538
-0.7343 0.19359 -3.79681
0.35513 -0.62238 -3.28418
-2.41534 0.16181 -3.22463
-3.00328 -0.08849 -3.03663
0.61944 -0.56081 -1.17933
0.70982 -0.67927 -2.53084
-0.07726 0.87445 -2.19952
0.17849 -0.96841 -0.60579
-1.4747 -0.41848 0.39658
-0.92908 0.62362 0.0673
-0.27502 1.79444 -0.01304
-0.34571 1.33453 1.11815
0.27812 1.09806 0.74653
0.94526 0.15858 0.38196
-0.98233 -1.33153 -1.14821
0.46434 -1.81221 -0.92316
0.36744 -1.42207 -1.371
-1.09637 -2.14922 -1.22877
-0.95733 -1.52981 0.25438
-0.98338 -0.18332 0.34871
