-0.26016 0.65929 0.05289
-1.04942 1.24083 1.20957
-1.20225 2.73353 0.36797
-1.63114 2.88354 0.04514
-1.49256 3.43198 0.19192
-0.35467 3.94812 -0.61769
-1.03776 3.42042 1.67634
0.26689 1.65408 -0.54326
0.29371 -0.8984 0.21805
-1.1636 0.3697 0.89306
-2.22029 -2.09701 -0.30105
-2.30149 -2.86661 -0.56436
-1.25534 -2.36231 -1.83497
-0.44326 -1.42546 -0.07314
-1.71618 0.11942 -2.28016
-1.1302 -0.55827 -0.48733
0.48342 0.82371 -0.11513
1.37161 2.25676 0.82792
0.29988 1.83402 0.24736
1.68644 0.95067 1.21061
1.66882 -0.85637 1.31937
1.36432 -1.57529 1.06349
0.77712 -2.68351 1.6425
0.62158 -1.06181 0.39281
0.38084 0.19207 0.99767
0.03785 0.31043 -0.36476
2.07299 -0.21827 1.39279
3.27188 -0.72667 1.70801
2.47929 -0.4822 0.65021
3.2727 -0.85864 -0.13145
3.29325 0.06209 -0.26919
2.4473 0.09251 0.27432
3.64453 1.19209 1.0091
5.22732 1.53643 0.60329
4.87357 1.30189 1.51084
4.02461 0.98139 1.70687
3.96732 3.90525 1.25781
3.83091 4.62722 0.92794
3.5222 4.35017 0.93355
3.74201 4.45617 -0.67541
4.95151 5.18532 -0.89666
5.30204 4.28846 0.77877
6.14292 3.46953 1.18324
6.08889 4.38967 2.30435
6.186 2.98692 1.41124
4.7538 3.89142 1.3861
3.96947 3.5406 2.984
3.07245 4.43433 2.38354
5.19224 6.05126 2.97023
3.40665 5.92978 2.7778
4.56221 6.83515 -0.07173
5.55397 7.06781 1.15103
5.68488 6.37722 1.45078
7.95364 6.99846 1.41715
7.52165 7.60186 2.24528
7.69657 7.32779 1.15153
7.54833 5.41167 3.00268
6.41165 4.87094 3.00132
7.99162 4.31612 2.95479
7.57442 3.48192 0.40486
8.06774 3.0067 0.53495
8.49571 3.17902 1.06413
7.27648 4.70246 2.24261
6.77138 4.9582 2.07895
6.36114 4.7718 2.64305
6.76048 4.72371 0.32115
6.59721 4.88694 1.27005
5.58147 5.70438 0.43238
6.26601 5.41822 2.97258
5.91422 4.41347 2.63129
6.28603 5.31252 2.74867
6.926 4.8592 3.15737
7.12864 5.18279 1.29316
6.74831 5.04952 2.96926
6.16747 6.06289 1.78583
8.27145 7.00621 1.40855
7.9537 7.12846 2.96242
7.31278 8.01479 2.64276
7.51483 6.66527 2.18952
5.24286 6.8788 1.31291
5.32641 6.83325 1.76352
5.18471 6.4411 2.17016
6.79045 5.65583 2.99021
7.2977 3.81113 3.33733
6.23884 4.98621 1.82467
6.86356 5.63624 2.04499
6.47738 5.92941 1.92429
6.96319 6.13846 3.10261
6.12305 8.33623 1.69022
7.78532 9.07441 -0.8512
8.07377 9.795 -0.01934
7.86769 8.55325 3.62849
5.26042 8.092 2.62858
7.05967 6.29057 3.59263
6.79599 4.55309 5.60569
7.17274 5.21259 3.18339
9.60919 6.27041 1.4921
9.54401 5.0825 3.29444
9.53213 8.10909 2.00201
9.81012 8.13328 3.96143
9.75959 7.30803 4.73906
8.36054 7.62703 4.39305
7.78955 6.82195 4.88836
7.19512 7.26763 3.16021
8.4832 7.74611 1.52087
6.93208 9.7209 1.56146
5.90336 10.93893 1.43259
7.18262 9.29888 1.84169
6.76877 8.10933 1.38013
5.96282 7.85534 1.88887
5.4952 8.76476 5.06454
6.63004 6.91796 4.73362
7.27131 7.60422 2.01248
7.24044 5.55392 1.76677
7.57892 4.77958 1.97682
8.42888 5.99124 0.73336
7.60123 4.47462 3.47121
8.06059 2.53925 3.34393
8.02235 3.55671 6.27846
9.35528 4.48726 2.8384
11.20292 3.59779 1.35481
10.8841 3.82654 1.65566
9.95247 6.44336 4.31409
9.7095 6.8209 3.98651
8.84908 4.11745 4.5631
7.62893 3.4945 5.0666
6.20529 4.42438 3.6274
7.74232 5.18033 3.34834
6.82959 6.24448 1.12937
5.81998 6.53286 2.53226
6.0127 7.40931 1.97693
6.42732 6.88795 0.633
6.51854 4.74531 -0.81931
4.49135 2.75413 -0.23767
5.07387 2.35278 0.46997
4.11021 1.40854 2.14357
5.17498 3.39178 1.60148
5.10337 2.37113 -0.45076
3.97372 4.57939 1.79857
3.46376 4.55523 3.51939
1.06396 2.67868 2.17842
2.07016 2.71662 0.56884
1.95651 2.57231 -0.09275
0.31198 4.37576 -0.3753
1.26479 4.64361 0.68663
2.31549 5.36665 0.7919
1.92906 3.58744 1.56659
1.60469 4.40886 -0.01002
2.37326 3.03761 3.13304
2.01972 1.772 1.24816
