2.24835 -0.02206 1.22755
0.98489 -1.64476 0.84877
0.32264 -2.00302 -0.64995
-1.08073 -1.70017 0.32528
-1.18875 -1.27156 -0.7074
-1.38913 0.27767 0.20616
-2.15238 -0.65868 -0.9038
0.01503 -1.75302 0.6975
-0.37011 -1.74997 -1.86197
-0.54064 -1.29578 -0.31821
-1.61898 0.2802 -1.14734
-2.79326 0.34474 -0.06061
-2.17681 1.66553 -0.19136
-1.32777 1.71434 -1.97013
0.47135 1.21721 0.96949
0.5958 0.17714 -0.61935
1.5867 -1.33456 1.04296
-0.29686 -0.69929 -0.03757
-0.6092 0.05452 -0.57726
-1.96125 1.02844 -2.09549
-1.58894 2.62967 -0.20326
-1.90626 3.48428 -0.22102
-0.32686 3.74529 -1.54047
0.54613 4.64533 0.125
2.1542 4.88175 2.659
3.05577 4.80663 0.99611
2.06467 4.69453 0.86011
1.28303 4.69497 1.35219
3.56707 6.16944 2.7736
4.49097 6.54904 1.37933
5.63136 6.5731 3.84986
6.45514 5.49627 1.97304
7.06968 6.19349 1.72953
5.57764 6.39993 1.39206
4.46323 5.25763 2.05736
3.47206 4.93666 2.77417
2.9942 4.846 1.19192
4.20152 3.51819 2.21333
3.49601 3.89196 1.88326
3.71978 4.89881 1.11698
4.45779 2.58117 0.18937
5.78038 2.66284 1.18591
3.54612 1.20367 1.66951
3.1159 1.3519 0.4915
1.16569 3.06577 0.56775
2.30075 4.31518 0.34555
2.70608 3.25888 0.17331
2.56023 3.52236 -1.2149
2.35589 2.53462 0.22614
0.89039 2.62349 1.15238
0.64441 3.6006 2.24271
0.72425 3.62602 1.77132
0.38733 2.43346 -0.66967
1.32424 1.10936 0.35992
2.03778 1.62938 0.50826
1.23717 3.85813 1.18344
1.2658 5.01914 0.2617
4.23149 5.04319 0.38621
3.82218 4.90483 0.80361
3.29284 3.0038 1.56777
3.10579 3.38173 2.63124
1.59252 3.74874 2.21354
0.75651 5.00225 -0.38124
3.48226 4.19745 0.54294
5.32626 2.92126 0.63427
5.28407 3.3727 0.40039
4.17131 5.14072 3.19951
5.51547 5.18924 0.76072
5.33702 5.9821 1.40715
5.32968 4.04387 0.83199
5.09955 4.98272 1.05483
5.9682 4.70322 0.11285
4.97909 4.93555 2.22542
3.89123 4.32203 2.49552
4.8179 6.41343 0.85203
2.24866 5.55929 1.4307
5.51354 5.75034 1.53981
3.86947 4.74828 1.73124
2.96137 6.62873 0.42076
2.41002 6.91773 0.22468
3.3131 7.61277 1.32852
3.41048 5.81261 2.85155
4.39939 6.45543 2.58956
3.97719 8.39986 2.48649
4.04869 7.80335 1.51489
5.85729 8.61505 1.83785
5.91712 9.18951 3.86995
5.50117 9.0427 2.5829
4.25441 7.50105 2.23197
4.28174 6.40155 2.18501
4.0695 6.8286 2.24811
3.85339 5.32524 2.31777
4.20899 5.95954 2.54908
4.33498 6.01188 2.03839
3.98925 4.02359 0.5195
5.78365 4.59353 2.75573
5.81864 3.88763 1.66821
3.24313 2.96384 1.46956
1.4465 3.55334 1.79016
4.33246 4.5965 1.91793
2.93942 5.44033 1.01406
4.10009 4.4779 2.27247
2.59185 5.21448 2.16156
3.53262 4.39619 1.92479
3.40261 4.83525 1.14105
2.91612 4.52024 1.59011
1.87371 3.71834 -0.43095
2.02715 3.4903 2.81041
4.10859 4.58561 0.28146
5.08769 4.60347 -0.35796
3.92755 5.39412 1.14634
3.53996 4.99822 1.64327
5.37197 6.91129 1.40832
2.94862 7.57067 2.44923
5.6116 9.0557 0.18439
4.4771 6.80023 2.7443
7.91475 7.06157 2.24826
8.04808 6.65152 2.11183
4.95918 5.88723 2.7018
7.72517 5.43209 2.42564
7.14362 5.56573 2.34142
6.3018 5.0852 3.85548
6.14118 3.76438 1.22398
5.65654 2.74685 2.7338
5.67274 4.11861 2.33983
3.18328 4.14264 1.49164
3.00704 4.98031 0.22743
2.22151 7.44702 -0.20917
3.82317 7.80764 0.32485
4.58969 7.23953 0.65948
4.07484 6.46974 4.04066
3.51299 5.23132 3.78255
3.0008 5.59549 1.38066
2.16489 4.40424 0.6503
3.89852 4.47502 3.54521
2.87116 3.35604 2.8415
3.16196 2.00641 1.91356
4.43681 1.77782 1.44244
3.77706 2.46218 -0.69824
2.83453 3.45311 0.08551
3.2449 1.49608 0.71699
5.69013 0.39427 1.0673
2.93921 0.44761 1.21194
2.43987 0.81824 -1.05877
1.87613 0.49789 -0.06842
1.26652 0.81196 0.3452
0.598 1.43136 -1.14837
1.50937 2.22005 -0.54456
0.66147 1.13131 -0.60149
1.29972 0.48703 -0.13234
