-5.99534 0.30735 -1.55812
-7.18934 1.04965 -4.18513
-6.41537 -0.41976 -1.35866
-6.95235 -0.25017 -3.55303
-7.13416 0.45811 -2.4849
-7.45314 -0.06158 -2.79706
-5.41295 -0.80341 -1.86069
-5.90528 1.35723 -4.44232
-6.11895 0.77277 -1.71419
-6.62082 -0.49843 -1.7574
-5.69238 -1.21988 -0.35883
-5.85556 -1.51744 -2.13551
-4.42726 -1.22106 -2.32538
-4.198 0.17621 -3.88627
-4.09761 1.3366 -2.58627
-4.28519 -0.42469 -2.9069
-3.55106 -0.53812 -1.27882
-3.01651 -0.05657 -0.83464
-2.58971 -0.11712 -1.92195
-3.11798 -1.66543 -2.31993
-3.00835 -0.5378 -0.23024
-1.53871 -0.74126 -3.40984
-1.76515 0.35181 -2.23263
-2.72676 -1.14314 -1.96449
-2.91868 -0.00167 -2.87723
-3.73115 -0.20701 -3.05275
-4.09655 -0.40872 -1.05034
-5.01106 0.00266 -3.74284
-4.57867 0.21898 -2.7041
-4.45723 -0.51496 -4.3753
-2.4904 -0.67885 -4.40559
-2.31486 2.49871 -3.58545
-0.86255 2.23555 -2.16196
-1.22855 -0.39435 0.66851
-1.10208 -0.71856 0.58073
-0.40972 -1.24617 -0.10538
-0.13589 0.13495 0.22484
-2.26579 1.46063 0.01146
-2.82191 0.23279 0.98662
-2.79563 2.66501 0.34917
-0.86772 0.02384 -2.17741
-0.41164 0.77306 -1.18835
-0.81751 0.16206 -1.08256
-1.67702 -0.14977 0.30699
-0.12122 2.1262 -0.55918
-0.145 0.96608 -1.27393
-0.26966 -0.25124 -2.34985
1.19162 2.38951 -0.70133
1.93841 2.62479 -0.57815
1.91094 1.26434 -1.02123
2.99931 0.08324 -0.81641
2.69994 -0.42213 0.32534
2.23666 -0.30803 3.43483
1.9458 -0.75292 0.02115
1.98734 -1.73271 -1.21044
1.62217 -0.4477 -1.96576
1.64227 -0.31224 0.29692
1.42899 0.77748 -0.67264
1.95728 -1.35558 1.49715
1.82702 -1.23143 1.5309
2.38988 -0.34613 1.65708
2.65879 0.26177 0.15081
2.62576 0.51856 0.83521
1.48205 -0.95377 0.51076
1.16066 0.86669 0.90023
2.05949 0.32834 -0.97305
2.37055 1.85333 0.94815
1.60166 1.22209 0.38138
2.3738 0.8435 0.71628
2.92304 0.17168 0.49253
2.94922 -0.90046 0.2081
3.78376 0.32708 0.42524
1.30302 1.27425 1.69247
0.76557 1.03539 1.81858
1.90922 0.97101 3.23282
2.72233 2.68218 1.09196
3.51219 1.7166 1.02748
3.64951 -0.71364 2.73033
2.54154 0.32652 2.40011
0.94701 1.15624 3.11783
1.9306 -0.77155 2.82564
1.68575 -0.7031 1.33085
3.32259 1.37945 0.75385
1.36702 -1.03767 0.86642
0.1594 -0.12832 1.48729
0.77301 2.41679 1.7697
0.40794 0.02173 -0.28059
-0.27115 0.6458 1.00988
2.16129 0.9704 -0.43928
2.38107 0.66206 1.44882
0.37715 0.24246 1.09782
-0.1165 1.38877 0.1736
1.89031 -0.40187 -0.00758
2.34039 -0.59108 -1.03144
2.84952 0.54899 2.67395
2.76501 0.67019 1.9644
3.06619 0.32877 1.01953
2.93851 0.5648 1.228
4.80147 -0.14356 0.31191
5.18241 -0.37199 1.43456
5.55784 -1.64648 2.45483
5.65573 -2.00395 2.99814
5.36216 -2.98233 1.65068
3.20199 0.39489 1.8987
1.4538 -0.91399 2.18456
1.48456 -0.4983 0.51928
2.13978 -0.30199 1.0427
2.08969 -0.31872 -1.65999
1.52258 0.94903 -1.15749
2.54074 -0.75574 0.17157
0.74504 0.07108 0.7273
1.21354 0.6565 0.57712
0.40652 -1.06485 -0.24385
0.32149 -0.50677 -0.39509
0.96656 -0.42291 -0.8119
0.34961 0.56314 0.79829
0.54395 -0.48904 -0.58767
1.427 -2.76427 -1.53634
1.27644 -1.79261 -1.62174
1.02891 -0.45521 -1.52286
-1.10235 -0.28803 -1.21026
-2.41971 -2.25995 -2.78996
-1.8802 -1.10036 -0.24242
0.08959 -0.92307 -1.29133
0.60792 1.42527 -0.86185
-0.97127 0.13608 -0.66807
-0.41016 1.46107 -0.58674
0.52708 -0.42165 -0.35074
-0.63072 0.93922 0.21268
0.71457 -0.05283 1.61029
1.32396 0.45016 2.62239
0.72957 -1.01287 0.78707
-0.24987 -0.00976 -0.82136
0.75974 0.33762 -0.9002
0.23921 0.01026 -0.38873
0.02919 0.57354 0.17351
0.18196 -2.85737 -0.85536
-0.62475 -0.53081 0.13898
-0.78385 0.68958 0.35248
-2.57954 0.01586 0.7484
-1.25422 -0.34616 0.1292
-0.02982 0.7818 0.90383
-0.63605 1.20657 -0.3171
-1.44406 0.18159 -1.22228
-1.90688 -0.53575 1.75853
-0.97603 -0.39355 1.34932
0.02388 0.72503 -0.26184
0.43895 -0.34661 0.30606
1.07853 1.32776 -1.2548
0.28031 0.4119 -0.28288
