2.4366 0.18919 3.58884
1.82337 1.53883 1.70614
-0.6204 -0.84859 1.84568
0.18797 0.33418 0.15795
-0.55525 -0.04921 1.74444
-0.4285 1.48234 0.65948
-0.33311 0.92755 -0.56671
-1.12708 0.9042 -0.47062
-2.72003 0.46949 1.46284
-1.78613 1.81072 0.80464
-1.8012 0.39901 1.30047
-0.57171 -0.35866 -0.60559
0.70471 -0.08743 -1.2574
0.14814 2.4938 0.88221
0.83222 1.32571 0.92597
0.18124 0.16479 -0.60376
3.01173 -2.21588 1.24009
1.61719 -0.1202 1.75766
-1.26757 1.2954 0.4602
-1.13287 0.52986 1.2178
-0.87043 1.13854 0.16636
-3.10612 0.12036 0.28346
-3.35866 -2.74816 1.11087
-0.88412 -0.99587 -2.48965
-0.63774 -2.11536 -1.30096
-0.21097 -1.94955 -2.7773
0.36168 -1.06645 -1.35096
0.34939 -0.10193 -0.65651
-0.23345 -0.22958 0.19753
-0.66411 0.69814 -1.81518
0.20734 0.64339 -1.00029
-0.00452 0.44387 0.65396
-0.8656 0.25935 0.92166
-1.93411 -0.45355 0.04462
-0.14963 0.40704 1.32631
-1.1032 0.26446 0.03967
-0.36745 -0.21269 1.87488
-0.05455 0.87179 -0.5047
1.55709 -0.78706 -0.42577
2.03056 1.07428 -2.78038
1.60977 -0.90406 1.81002
2.69904 -0.08588 0.0208
2.33081 0.73198 0.29742
3.97801 -0.34485 1.59127
2.71254 -1.41173 -1.53833
1.97432 -0.70866 2.78848
1.93288 0.30989 0.69364
0.01436 1.42237 0.39542
-1.52978 -0.9717 0.02102
-2.65788 -0.45623 1.10489
-0.38639 1.527 0.2621
0.18158 0.40705 -0.24101
0.3619 3.38425 -1.49086
-0.00627 -0.82304 -1.98322
0.35479 1.84845 0.12703
-0.39302 -0.39795 -1.32143
-1.27722 0.24394 -0.04966
-1.29322 2.48221 0.77561
-0.90702 1.48523 2.02106
-0.09623 -1.34702 2.09468
-0.19691 2.16364 -0.86228
-0.51047 -0.47496 -0.91958
1.9255 1.1386 0.0356
2.76304 -0.53295 0.78108
2.78036 0.55898 -0.21388
1.8636 1.61225 -0.53447
1.33267 1.28717 1.34668
0.59663 0.53885 1.44303
-0.30571 1.84343 0.77052
-0.97918 2.09044 0.26782
-3.17574 -1.72418 1.96727
-3.09708 -0.3985 0.68773
-1.65668 0.20742 1.058
-1.4589 0.69132 -0.41588
-3.76506 -0.60133 -0.19949
-2.69059 -0.40704 -1.01804
-1.00608 0.09371 -0.50574
-1.86491 -1.06774 -0.01473
-2.66465 -1.04711 -1.12525
-2.22038 -0.25792 0.23412
-2.15556 0.2375 -0.77897
-3.0911 -1.28083 -0.95589
-3.53329 0.52371 -0.32179
-1.88417 -0.15471 0.09835
-2.60962 -0.53403 -0.91737
-2.23276 -0.3818 -1.10597
-1.80991 -1.21444 -2.73678
-1.98901 -1.51134 -0.34606
-0.45778 -0.26782 -0.68794
-0.00157 -0.47138 -1.87476
-1.48825 0.94043 -0.75233
-2.33729 -1.48519 -1.88874
-1.49961 -1.218 0.98209
-2.91912 3.04523 -0.28435
-2.5631 0.42263 0.03316
-0.33372 -1.85439 -0.85678
-0.29774 -0.99507 -1.91297
-1.86051 -1.10692 0.35159
-0.87451 0.92104 -0.60342
-1.77551 -1.00275 -0.25052
-0.57938 0.19547 -0.34232
0.27161 1.13002 -0.97022
-0.76008 -0.82622 1.70752
-1.50683 0.17407 1.43295
-1.57139 -1.16119 0.04639
0.2259 0.53508 1.78319
-0.01161 2.11087 -0.54812
-0.54114 -0.07107 -1.35039
0.55344 -1.04664 -0.34965
-1.72789 -0.6138 0.73159
-1.77302 0.28328 1.97842
-1.10916 2.16873 -0.614
-1.6486 -0.17171 -0.815
-2.40832 -0.12143 -1.96
-3.91401 -0.58905 0.47209
-2.78735 0.08445 -0.56523
-2.80913 1.8139 -0.61592
-2.44316 1.02775 0.11675
-3.84606 -1.1656 -0.68052
-2.60032 0.61288 -1.8627
-1.9341 0.2749 -0.10843
-3.25323 1.65549 -0.07171
-1.24406 0.87928 -1.50009
-2.10955 -1.39508 -1.55451
-1.49781 -0.49787 -0.84561
-1.38412 1.15394 -0.2569
-1.44887 -1.17215 -0.18772
-0.9192 -0.71051 0.32269
-0.5125 0.39668 0.7417
0.2181 -0.89442 0.62615
-0.11049 -1.5034 -0.54834
0.47993 0.79428 -1.0107
1.05662 -0.15946 -1.93002
1.23419 -2.13097 -0.39699
-0.86495 -0.55668 -1.78583
-2.24244 -0.46978 -0.79141
-3.3694 1.65934 1.12656
-2.36296 0.48622 -0.0736
-2.36114 -0.85712 -0.17211
-2.57839 -0.89771 0.55971
-2.6249 -0.54945 0.79706
-1.78422 -0.30194 -3.48528
0.73188 0.53787 -0.80854
0.48302 -0.96668 0.26279
0.17646 0.00691 -1.18685
0.94414 -0.97145 -0.28569
1.4362 -0.01063 1.00793
1.12742 0.46492 0.23027
1.11135 0.21987 1.55945
0.67291 -0.15748 -1.07842
