1.34887 2.11354 -0.23977
0.41889 1.79167 1.43799
-0.3675 0.98257 1.66701
1.60781 1.81456 1.37032
0.06402 2.1913 0.85264
0.0091 2.89158 -1.31177
0.24839 2.41202 0.57277
-0.56642 -1.379 -0.47948
-0.48711 -0.70692 -0.33453
0.67486 -2.04773 4.21185
1.06212 -2.19499 0.80305
1.23806 -0.65581 0.19956
2.71105 -0.27679 -1.41693
2.3568 -3.14242 -1.33225
1.57726 -3.51581 0.57773
-0.55929 -3.6476 1.00103
-0.29431 -2.46287 1.79874
1.5505 -1.79209 -2.48817
2.46637 -0.70124 -1.2256
3.83905 -0.49089 -2.93903
3.09821 -1.21895 -0.61322
3.12029 -1.46957 -0.73037
0.96359 -2.38568 -0.09667
-0.01991 -1.39219 1.51934
-0.82137 -1.40166 1.31893
0.05761 -2.31229 0.76204
0.24173 -3.34559 -1.49856
1.37414 -3.12255 1.15499
0.69466 -1.81865 -0.01909
-0.52997 -1.46287 -0.25304
0.42818 -0.44186 -1.14239
-0.34281 0.01712 -1.57128
0.53028 -1.54803 -1.30529
-1.30116 -1.21312 -2.15376
-1.43771 -1.33051 0.95515
-1.78788 -1.15347 0.85848
-2.92184 -0.80709 1.25778
-2.79116 -0.37777 -0.21358
-1.48921 -0.02806 -0.79001
-0.34561 1.32736 -0.13386
-1.2988 -1.00144 -1.26014
-2.15875 -0.00746 0.26707
-4.17041 -0.40531 0.28084
-3.3071 -1.91853 -1.3002
-4.16841 -2.77392 0.69398
-3.44997 -3.76557 -1.44296
-2.90532 -2.19948 -3.34976
-1.79662 -4.2628 -0.88214
-2.14638 -4.02606 -2.49994
-1.50238 -4.45742 -1.94966
-0.65227 -4.32226 -1.40866
-0.91191 -3.80688 0.33278
-0.49827 -3.59519 -0.81093
-2.02513 -3.37367 -1.09077
-2.1362 -3.24171 -1.04836
-2.21255 -4.53421 -1.74974
-1.36045 -4.97027 -1.53929
-1.26225 -4.60346 -0.53991
-0.86812 -3.28054 -1.95905
0.59924 -2.86774 -1.48293
-0.31905 -2.19704 -0.39389
-0.40807 -1.83898 -0.20265
-1.11572 -1.06438 -2.01128
-2.41442 -1.44716 -1.76214
-1.70433 -1.36944 -1.83897
-2.33004 -0.49909 -2.31444
-1.5918 -0.7715 0.84609
-2.25459 -0.45052 0.5893
-2.02974 -0.62624 -0.39116
-0.27654 -1.18735 -1.46496
-0.19478 0.28985 -1.21928
-1.88444 -0.21539 0.24111
-0.4449 1.17411 -1.17105
-0.76236 2.15926 0.43953
-1.19909 1.20591 1.2286
-0.40767 2.37707 -0.49018
-1.93725 1.39703 -0.62444
-1.54636 1.11305 1.49877
-3.53856 2.53615 -1.59893
-3.52695 1.7985 0.45576
-1.75931 0.39226 -0.67832
-3.16312 -0.36543 0.80366
-0.92958 0.17194 -0.94945
-0.021 0.93991 -0.26148
-0.31888 -0.45058 -0.32539
-1.23806 -1.0137 -1.83876
-0.97689 0.1485 -0.8708
-1.46384 -0.60367 -0.47828
-0.82623 -0.87573 1.04492
-0.7103 0.03585 0.43822
0.1795 0.35789 -2.3145
-0.55984 0.63507 0.0372
-2.72435 0.94665 -1.21125
-2.54826 2.13236 0.15116
-1.7763 1.05139 2.67503
-0.46537 0.31594 0.29489
-0.87638 1.37561 -1.06054
-1.47251 2.49973 -0.65562
-1.20332 3.81795 1.2979
-0.64874 3.74574 0.44794
-0.07497 4.16973 1.18034
0.14151 3.2272 0.9893
1.37538 4.90872 0.73152
2.90643 4.15496 0.64838
2.96795 2.88304 1.01114
3.73477 2.33288 1.72316
3.13972 0.40562 2.06086
2.80085 -0.75492 1.70128
2.31143 -1.73282 0.22049
1.7577 -2.41833 2.34886
3.33421 -0.85706 2.41105
3.79821 -0.62953 0.72797
5.20175 0.04538 -0.01723
4.02654 -0.18235 0.38095
3.9301 -0.8701 2.05727
3.19962 -0.31156 -0.10563
2.68365 -0.84344 0.42242
3.75723 -0.44442 2.53494
2.07389 0.23313 2.54665
2.6506 1.11196 -0.39078
4.12131 -0.24997 -0.4925
3.01154 -0.86989 0.95143
1.8782 -0.66109 1.1391
1.25864 -1.05884 0.99523
1.20586 -2.01374 2.5017
3.22404 -1.30057 2.9486
2.12005 -2.5499 0.63496
2.47188 -3.21994 -0.18766
1.54663 -1.73929 0.86352
1.44155 -0.81759 0.19403
0.63708 -1.53834 1.629
0.92752 -0.73181 1.08302
0.42549 -1.13639 0.0264
0.28656 0.38179 0.86648
0.70851 -0.13741 -0.22174
2.12795 0.57782 0.22312
0.95192 1.19412 -0.20179
1.35896 1.61583 -0.55966
2.75319 2.48168 -0.16165
1.87867 3.98634 0.75357
0.77088 3.52531 0.24046
1.15787 5.39587 1.48563
-0.3635 4.41611 2.67243
-0.24259 4.01249 3.2915
0.02552 3.04293 1.91471
0.68984 3.9399 1.33431
-0.23008 3.57321 1.81776
0.94091 3.44743 0.77564
1.44297 3.24703 0.25146
2.01177 2.99804 0.01469
