2.92656 -0.39757 1.26724
2.83045 2.5689 0.00601
0.58147 1.402 2.18708
1.5248 -0.04306 1.7513
1.09413 2.09155 1.48366
2.45496 -0.16967 1.91039
1.78393 0.77348 1.35686
2.88362 1.87019 1.97725
1.40753 3.26217 1.12582
0.27165 0.96407 1.1475
0.05657 -0.28899 1.16442
1.25878 0.94115 1.66529
0.72806 -0.79242 1.13275
-0.06843 0.67276 1.4382
1.21361 0.77762 -0.42492
0.43684 0.71706 -2.19066
1.13374 -1.32232 -0.28908
0.29997 1.36708 0.60797
0.73441 0.50506 1.276
-0.10963 0.8139 1.1727
1.89349 -0.12841 2.19698
3.23831 0.76271 0.99771
5.36281 -0.12816 -0.0745
3.96893 1.44856 -0.4763
3.85391 0.53085 0.18271
5.09551 1.36134 0.74156
5.07063 -0.06554 0.67531
4.1468 0.56223 -0.22902
4.18661 0.97502 -1.93372
5.25269 0.39826 -0.28736
3.13337 0.87177 0.51501
2.13796 0.46801 -0.23353
2.7068 -0.26042 2.73517
2.85583 0.90341 2.13268
0.79536 1.75116 1.37015
0.204 1.37071 2.06201
-0.01465 0.42067 1.71796
-0.19005 0.69304 -0.33035
-0.1445 0.0214 -0.75025
0.27733 -0.22033 -1.35003
-0.34629 0.40374 -1.7477
-1.38359 0.05338 0.23022
-1.07718 -1.08211 -0.16989
-1.06768 0.96688 -0.25566
1.4175 -1.44511 -0.3752
0.66282 0.41384 -1.4939
0.74255 0.34356 -1.71245
1.68509 -0.93495 -1.80391
0.68899 -0.06971 -0.98115
0.15156 -1.14954 -0.23396
-0.19914 -0.98358 -0.62937
-0.61817 -0.20199 -2.08606
-0.34506 1.06643 -0.29578
1.36479 -1.79574 -0.06544
1.13296 -0.03713 -2.03161
1.93427 -1.13489 -1.92765
0.90105 1.42064 -0.14962
2.27445 1.46216 -0.75214
3.818 2.48543 -0.43927
5.37788 0.38642 -0.71152
6.26784 0.22947 -0.03118
5.03645 0.89768 -1.59332
4.80382 0.18419 -1.65467
3.14974 2.96756 -2.97551
2.33068 0.34327 -1.57688
-0.10179 -2.90191 -0.0757
0.44213 -0.15461 -0.98253
2.01666 -1.22542 -0.14187
2.23782 -0.68462 -0.71188
2.8104 1.0169 -1.95811
3.36524 1.37492 -2.78372
3.84689 1.18367 -1.27115
3.50521 -0.57318 -1.03294
3.63045 -0.16559 -1.05566
5.1824 1.51886 -0.51955
3.0661 0.02524 1.43027
2.99664 1.83158 0.29143
0.82536 2.23359 1.50835
-0.54725 -0.60372 0.7161
-1.45839 0.87061 1.63676
-2.72221 -1.25796 -0.32174
-2.97593 0.23085 1.63454
-3.82317 -0.43414 0.58045
-2.68514 -0.56926 1.47439
-2.72765 -0.14215 1.33467
-2.19549 0.43915 0.1903
-4.26924 -1.53778 -0.75668
-3.4276 -3.42387 -0.15451
-5.18828 1.37385 0.38374
-5.3828 -1.09067 0.28824
-5.10174 -1.96778 0.70545
-4.03301 -1.43846 -0.13925
-3.76885 -1.11814 -1.02756
-0.8928 -1.41862 0.17253
-0.17466 -0.61992 -0.37891
-1.64706 -0.1784 -0.90198
-1.57284 -0.12256 -1.65512
-1.56651 0.02982 -1.59784
0.11052 1.37451 0.28853
0.70259 0.58014 -1.03477
1.04811 -1.19654 -0.18444
2.00839 -0.33093 -1.40492
2.0671 -0.96992 -2.23045
1.94466 -1.81608 -2.89718
2.05029 -0.98054 -1.67042
3.24476 -2.44443 -1.67915
1.81306 -0.20928 -2.51906
2.20294 0.03576 -0.19596
1.6185 0.19102 -0.46137
0.60411 -0.40862 1.74326
-0.71067 0.41089 2.24316
-3.07332 0.50004 0.39441
-3.37168 -2.99832 -0.26835
-5.14407 -1.01743 0.69025
-4.42685 -1.33796 -0.71888
-4.70861 -2.20725 -0.6927
-6.26143 -0.28632 -0.31465
-5.60443 -1.75057 0.48707
-4.75367 -1.28571 -0.43311
-4.09662 -1.23172 -0.91283
-2.26622 -1.12605 -1.73782
-1.26478 -1.50133 -0.82494
-1.01734 -1.2902 -0.79092
0.03798 0.34975 -2.05818
0.15027 -0.17721 0.66481
0.20255 -0.66112 1.09312
0.48675 -0.13319 1.54666
0.12841 0.32237 1.34321
0.00232 1.52272 2.41128
0.38883 -0.64963 0.87155
0.26477 0.96487 -0.57169
0.35291 2.07197 -1.74305
0.31678 1.18812 -0.3506
1.15356 -0.00031 -1.22465
2.0116 -0.52125 0.34256
4.04117 2.59784 2.0512
3.76477 1.90036 -0.30052
4.22274 1.38036 0.50578
3.27341 0.60345 1.8599
3.08607 3.21248 2.40321
2.42047 0.88057 2.50329
0.98452 1.16627 2.59452
0.66845 2.14987 2.33588
0.37002 0.00756 3.0337
1.35079 0.45077 2.52579
1.2936 0.61736 1.13582
1.59699 1.11265 0.6481
1.96127 0.27698 0.95598
1.62404 2.23842 2.75587
0.55326 -0.73187 2.11454
