0.14443 0.04376 0.57136
-1.91467 3.40416 0.07911
0.42931 -0.44037 0.44855
-0.94985 0.17311 0.18171
1.11351 -1.33648 -1.34276
-1.51807 -0.18358 0.71395
-0.79746 2.19573 0.43789
-0.70925 -1.5157 -2.14795
0.80409 1.49204 0.34271
-1.53623 -1.16282 -0.57039
-1.11139 -1.84246 0.34842
1.93658 -0.7696 -2.86259
-0.20383 0.46306 0.89747
0.82242 0.22184 -2.50596
-0.51306 -0.19558 0.15666
-0.51721 0.40395 -1.06098
-0.68497 0.19575 2.4124
-0.86646 0.13519 -1.07228
-2.02179 -1.14485 0.0569
0.50903 -0.27322 -1.0451
-1.17185 -0.40109 0.40394
0.15509 -0.41683 0.02171
0.52883 1.45703 -0.2046
-0.32404 -0.27861 2.52265
0.07008 0.00546 -0.75666
0.33184 2.48302 0.91549
-1.60243 -1.49509 1.49508
-1.59713 0.70876 -1.26334
1.84113 1.01618 -1.95435
-0.9172 1.63775 1.33725
0.55303 1.15645 -0.05319
2.80705 0.64955 -0.85292
0.37654 1.08569 1.72648
0.24646 0.86003 0.17189
-1.75935 -1.23673 1.78778
-1.57464 0.9911 -0.84666
1.30493 1.0938 0.0483
1.12334 -0.07699 1.42363
1.29078 -1.25485 -0.49281
3.23086 -0.27422 1.84411
-0.42493 1.532 -0.11457
-2.56067 0.79739 1.08547
-1.45082 -1.1017 -1.81839
-0.78721 0.94721 -2.09829
0.8401 0.23435 0.71169
-1.34754 1.20262 -2.57176
2.66374 0.24963 -0.86889
-1.78804 1.54166 0.28156
0.04191 0.1441 -1.60889
-0.20905 0.88571 0.57941
0.55571 -0.24153 0.03385
-0.10913 -0.07811 0.93625
-2.03218 1.18388 2.00013
-0.66178 -0.98455 -0.55989
-0.05835 -0.05221 -1.14688
1.77912 -1.35292 -0.66417
-0.55684 0.51895 -0.8804
0.74663 0.98755 -0.38772
-1.39754 0.74526 0.79758
-1.30802 -0.74313 -0.41924
-0.47808 -0.04534 -0.68373
-0.97161 -1.17353 -0.75374
0.29093 0.74645 -0.12391
-0.48253 -2.07398 0.39504
-0.95263 1.20738 0.24682
-0.32982 1.75603 0.44419
0.0591 0.39405 0.21816
-0.08758 2.42968 -0.8922
0.10137 -1.19418 0.20782
1.46491 -1.18805 2.0315
0.12003 1.34961 0.64581
-0.97262 0.28064 -0.73566
-0.7965 -1.11125 0.8447
1.49125 1.20768 -0.97638
0.46884 1.33822 0.33451
-0.50741 -0.78088 0.81394
-0.62591 -0.20739 -0.90542
-0.02826 1.25584 -0.96578
-0.50246 1.12976 1.3072
0.28025 0.12438 -0.44859
1.24099 1.13051 -1.01385
-0.57014 1.17191 -0.24427
0.52655 -0.42987 -0.18846
1.85854 -0.69747 0.88988
0.9438 0.67757 1.96274
-0.30261 1.34326 0.84189
0.47683 1.70212 0.24607
1.0862 -0.30707 -0.21663
-0.45005 -0.30376 -0.40497
1.34279 0.02344 0.65949
0.2515 -0.35466 1.3692
1.31161 0.91518 0.35921
0.78209 0.19171 2.90283
0.42887 0.51525 0.28569
-1.33948 -1.58127 -1.5529
0.99602 -0.27914 -0.94214
1.1041 -0.16708 0.63653
0.32202 -1.49459 -0.38384
1.72667 -2.0848 0.93565
-0.7222 -0.5643 -0.19467
-1.62646 -0.22885 2.26204
-1.62042 2.06484 -0.42082
-0.82168 1.71255 -2.58565
-1.03228 -0.63419 0.17878
-0.15271 0.46415 0.46835
-0.18571 0.44956 -0.14482
-0.01702 0.13528 0.89129
-0.785 -0.74989 -0.21241
-0.12927 -0.2581 -0.1303
-0.44105 0.36936 0.51467
-2.97712 0.72597 1.77644
-0.72461 0.87874 0.69679
-0.04281 1.41132 -0.59821
-0.46715 0.23392 -2.07396
1.35137 -0.3397 2.32896
1.31485 1.88512 -0.08687
-1.39697 0.26949 -0.77616
2.70483 1.04751 1.05028
0.84387 0.07302 -0.30389
2.19194 0.59055 2.23866
-0.49654 0.56224 0.97315
2.10356 0.07572 -0.12381
2.83151 -1.01884 0.3241
-0.58567 1.67329 -0.82552
0.21543 0.09147 1.28324
1.2588 -1.5683 1.81494
-1.33305 -1.60266 -0.637
0.19962 0.16087 1.66793
-0.9552 0.99468 -1.46611
0.54739 -2.14913 0.71274
0.35669 1.587 0.24318
1.22621 0.02887 1.3625
0.27732 -0.64784 0.9469
0.81141 0.09408 2.73061
1.9938 0.60447 2.45512
1.76698 -0.59089 1.78791
-1.36305 0.01526 -0.59278
-0.8575 -1.50496 1.98655
1.20365 -0.4237 -1.90426
0.10858 0.7771 -0.86972
0.79146 -0.33115 -0.52002
-1.13269 0.53886 -1.04769
0.04921 0.18423 1.66967
-1.64904 -0.11406 1.45639
0.3408 1.36287 0.44786
0.09213 0.07056 -0.50072
-0.57375 0.58172 0.8363
0.06398 -0.87617 0.2649
0.73673 0.53284 0.12315
-1.19493 -2.01972 -2.06151
