-0.04084 -2.00981 -2.2963
-1.49467 0.82426 -1.03203
0.90023 1.68608 -1.50312
4.13262 1.01193 -1.10502
1.71683 1.19257 -1.11804
0.8421 1.8037 -3.00549
2.15755 0.08061 -3.21872
3.45334 0.33033 -2.09414
3.80438 2.15138 -2.24627
2.17372 3.27449 -0.95736
3.81631 1.11455 -0.71778
1.8109 1.48447 -0.35414
2.41094 1.69668 0.00125
4.63261 1.55705 -0.03761
5.33438 1.42969 0.47407
5.41023 1.1818 0.70782
4.50916 -0.40397 2.00865
2.07075 1.23335 2.24101
0.47564 0.69485 2.05671
0.62605 2.672 2.25096
-1.05831 -1.1599 3.83867
-0.09616 0.1385 3.97805
1.34147 -0.65515 4.34052
0.44023 -0.20645 2.66084
-0.51654 -1.41705 3.80236
-2.05957 2.00521 3.12899
-0.58094 1.36179 4.25614
1.28394 2.11825 3.03231
2.98877 1.65415 2.40046
4.6863 0.44289 1.51166
4.16384 -0.25614 1.03918
3.53618 2.78467 1.70474
3.74909 1.54753 2.20207
3.94366 2.04286 1.60147
3.68329 2.99258 1.27648
2.90833 3.02526 0.51627
3.08457 1.97509 2.25673
3.66274 1.29472 3.9604
2.71777 2.03721 3.95756
2.15953 2.51989 4.76155
1.52562 2.20734 4.84764
1.99591 -0.82906 5.37736
2.62253 -0.83377 4.53417
3.30564 0.58885 4.69424
1.2755 2.37159 3.23187
1.04999 1.76341 3.79129
0.72957 -0.05996 3.09834
0.2465 0.96553 2.13513
0.27769 -0.35005 2.24091
-0.29908 -2.00425 3.48911
-0.52125 0.07265 4.35307
1.40021 -0.99415 3.65507
-0.16418 -0.79669 3.99065
-1.18845 -0.17664 4.74666
-0.10922 -0.26151 4.35489
0.16143 0.54706 2.88328
2.33109 -0.44224 2.40744
2.95393 1.36481 2.42888
4.11892 0.81313 2.67985
2.55715 1.97571 0.66964
2.20863 1.20958 -0.14924
2.27719 1.87675 -1.31849
3.78492 0.81204 -1.37444
2.88391 1.3043 -1.5182
0.81343 0.82099 -0.47047
1.21574 0.69339 -0.51665
1.6813 0.75034 0.99081
1.48349 0.63273 1.40577
-0.62144 0.49509 2.79106
-0.96747 1.4122 3.37455
-0.36743 0.69534 2.73509
0.84297 -0.89583 3.53254
0.75295 -2.05345 3.78417
-0.94938 -0.14841 2.95494
-1.10212 0.25442 4.07887
0.87617 -0.54633 4.5022
-0.41111 -1.15893 4.94575
-1.36021 -0.16098 4.72103
-0.73965 -0.33647 5.25826
-1.707 -1.30183 5.15381
-2.33602 0.84275 5.55602
-1.81342 -1.18919 5.60184
-1.64603 -1.08556 5.98167
-2.91289 -0.7577 4.15909
-4.0315 -0.7005 3.89586
-3.51755 -0.66775 3.58048
-3.45946 -2.38474 2.65662
-2.46045 -1.52715 3.29078
-3.10875 -3.36506 3.18374
-4.86591 -3.12943 1.48143
-4.38133 -1.17416 1.46188
-3.4089 -3.80656 1.51123
-5.28394 -2.91872 2.34729
-4.65214 -1.59649 2.07207
-4.23948 -2.13095 1.03315
-3.75031 -3.35409 1.71509
-5.57176 -1.46629 1.63526
-5.52972 -0.45044 0.91524
-7.03067 -1.29481 0.86443
-7.73988 -2.48244 0.80769
-8.11974 -2.10389 -0.82269
-5.10232 -3.19089 -1.56565
-5.22885 -3.56225 -1.69388
-5.30801 -3.22818 -3.54381
-4.82018 -2.44257 -5.70999
-4.92166 -0.96822 -5.54616
-5.56358 -2.63052 -7.93757
-5.74708 -0.21101 -8.27807
-2.78392 -1.25454 -9.23425
-3.18659 -2.6611 -8.96067
-2.16139 -2.38541 -8.70846
-3.83108 -1.43072 -7.55888
-5.65813 0.66794 -7.82393
-4.97766 0.48819 -9.44284
-5.79688 -2.60583 -8.01897
-5.47177 -1.03313 -9.14915
-6.64894 -2.29705 -9.82826
-6.56997 -3.35615 -7.2603
-6.62874 -3.97993 -5.92216
-7.62394 -3.04139 -7.18564
-7.67149 -1.43249 -8.02472
-5.31835 -0.93331 -7.09044
-4.08018 -3.06344 -6.01509
-4.26976 -2.24268 -5.90935
-2.90504 -3.58303 -4.99687
-2.97766 0.01712 -4.33018
-2.23488 -1.01564 -4.90449
-2.13065 -1.11158 -5.30431
-2.64295 -2.54365 -5.52738
-2.23734 -0.97203 -6.07826
-0.88539 -1.22872 -5.98081
-0.92983 0.99025 -6.92391
-1.28248 1.10108 -5.31115
-0.72227 0.27662 -3.70696
-0.5691 -1.45669 -4.05602
0.281 -0.05204 -4.45518
1.4423 -1.03217 -3.65062
1.3736 -1.43028 -1.06856
0.95618 0.38906 -1.38951
1.65358 1.20177 -0.3146
0.8525 0.92409 1.32949
0.39434 2.26245 0.93175
1.79016 1.68964 0.98825
2.40126 0.38672 0.42255
2.2295 1.28659 0.63393
0.36361 0.52363 0.97119
1.17352 1.1993 0.33353
0.48351 -0.506 1.29711
-0.95692 -0.57353 0.99453
-0.47192 -1.64814 1.44373
