-0.40545 0.98591 2.67579
-0.79579 -0.79756 2.13963
-0.34727 -0.34458 2.58634
1.80923 2.00034 1.31823
1.8405 -0.35055 0.16962
-0.71913 -1.91654 -0.80755
2.27567 1.10611 -0.18808
3.10792 1.09995 -0.35415
1.67052 -0.14616 0.70345
0.7479 0.21763 1.82327
-0.16626 1.43734 2.12351
-0.87848 0.91 3.69985
1.18811 -0.45458 1.74959
1.46881 0.10087 1.84221
-0.33095 -0.02823 2.72415
0.85693 -0.67209 3.22028
-0.21972 -0.08873 1.86812
0.69303 -0.56604 1.23071
0.69494 0.9652 2.75788
0.91761 0.53956 3.10986
1.8161 -0.83857 5.4382
1.66621 -0.6028 5.12827
1.00325 -0.70939 4.96348
1.5591 1.48377 4.21948
3.10081 -1.48943 4.29968
1.93729 1.08069 2.77147
2.83845 -1.2945 2.84029
1.73576 -2.76488 1.50393
2.16486 0.25553 -0.50783
1.44304 1.31514 0.4719
-0.83079 -0.17091 2.58245
0.75841 1.2425 -0.76643
0.78123 -0.61286 -0.97133
-0.58015 0.1834 -0.2697
0.65204 0.98505 -1.89404
-0.45005 0.91545 -2.73847
-0.06525 0.33137 -3.1111
1.2327 0.14547 -1.69784
1.26862 0.13671 -1.42104
0.66109 -0.87089 -1.87365
-1.02904 0.06893 -2.65962
-0.8041 -0.69417 -1.8428
0.39322 -1.06793 -2.20332
-0.70876 -1.53989 -2.45827
-0.3643 -2.20081 -1.26349
-2.31184 0.7288 -1.52017
-1.81344 0.30786 0.18655
-1.19599 -0.42771 1.44336
-1.54779 0.44893 0.77922
-0.96192 -1.01641 -0.70126
-1.10488 0.78585 -0.63383
-0.91569 1.42672 0.37311
-0.72718 -0.66416 1.39021
0.2456 0.37941 -0.146
0.17343 -0.99916 -0.86647
0.37276 -0.29684 0.37054
1.13472 0.28682 0.85457
0.34099 -0.70923 2.20968
-1.12589 -0.75899 1.55825
-0.85127 -0.09159 0.43444
0.8911 0.00728 0.98442
1.18259 -1.3982 2.20197
1.00137 0.19444 1.67454
2.09528 1.48612 1.27037
1.67448 0.49749 0.73179
2.43033 0.49787 1.43768
0.28837 1.58682 2.74183
1.25534 0.13543 2.79898
0.35081 0.66181 2.95874
1.4897 2.34024 2.42908
0.93108 0.46472 2.55833
0.78276 0.95813 0.26716
1.67179 -1.14633 1.34916
0.88551 0.2814 2.05228
2.54057 -1.01501 1.87729
2.56264 0.98609 1.68196
0.93151 2.42537 1.79357
0.30808 -1.66763 1.31188
-1.34512 -1.2549 1.27706
0.79346 0.47276 0.05165
0.9444 0.27799 -0.63541
0.97292 0.12541 -1.86736
-0.05031 -0.3258 -3.02243
1.06734 -0.12921 -2.2852
2.65182 -0.25959 -1.85204
1.43286 -0.96712 -0.89781
0.55914 0.30288 -0.19477
-1.21896 0.88259 0.04085
-1.26949 0.01412 -1.14107
1.75276 1.27813 -0.11746
0.09235 -0.99798 0.08689
-0.46724 2.0481 -0.60691
-1.35583 0.08033 -0.71407
-1.68634 0.14217 -1.49943
-0.43984 1.15376 -1.09947
-1.6155 -1.45767 -0.83357
-1.51434 -1.10382 -2.61948
0.24934 0.69592 -3.85964
0.4578 -2.09978 -1.72992
-1.94665 -0.7934 -2.03552
-0.83359 0.94093 -2.1301
-2.23962 -1.43148 -2.41585
-1.37376 1.91835 -1.96476
-0.66299 -0.97728 -1.33614
-1.06283 0.58896 -1.94297
0.00798 -0.92583 -1.57433
1.18298 0.36686 -0.09435
1.88716 -0.46874 -1.73362
-0.95354 1.24355 -0.90138
-0.24388 0.20393 -1.28583
-0.14924 2.64276 -3.28879
-0.55822 -0.68034 -3.32429
-0.53217 0.07904 -2.56598
-0.31326 -0.27578 -1.92715
0.04965 -0.88135 -1.53323
0.03658 -0.1021 -1.06865
-0.51185 0.80566 -1.54412
-0.4145 0.70009 0.25614
-1.43473 -0.83606 -0.20412
-0.40239 0.15124 -2.00632
0.04694 0.48467 -0.76561
1.40016 0.84401 -1.98034
-0.87418 1.27129 -0.3806
0.60337 0.78408 -1.50358
-0.02604 0.61715 -0.08241
1.05438 -0.96395 -1.84451
-1.54762 1.23989 -2.01626
0.59147 1.66161 -1.29677
-0.91541 0.15595 -0.28083
0.63554 -3.00982 1.81771
0.17668 -1.26815 0.87983
-0.62896 -0.56976 0.49577
-0.44289 -0.34998 0.17146
-0.47346 1.43099 1.07463
0.52009 0.56082 1.87832
-1.2061 -0.75423 2.03536
1.96008 -0.28402 0.68323
-0.84035 1.21553 1.24423
0.34767 -0.37314 2.4318
0.87695 -1.32158 1.63312
0.6025 -1.22702 1.8278
-0.79725 0.01201 1.39535
-0.84037 0.62439 0.15473
1.00819 -0.23024 1.15209
0.44238 0.34331 -0.30823
0.01693 -0.01938 1.06784
1.21422 -0.69059 -0.60357
2.59633 -0.97878 -1.85598
1.49181 -1.15111 -0.73466
-0.16912 -0.50536 0.03162
