-4.3825 -1.33294 -0.95926
-4.56108 -2.42839 0.42007
-4.68179 -0.93051 -1.90538
-3.67881 0.25957 -1.35805
-3.26223 1.43072 -1.98384
-2.96698 -0.25929 -0.26234
-3.14185 0.32892 -1.72228
-3.06089 -0.8541 -1.59073
-3.87283 -0.7079 -0.78124
-5.57087 0.22414 1.57112
-4.04298 1.09315 -1.40124
-3.127 0.8173 1.25855
-3.48236 0.93578 -0.17643
-2.17931 -0.34172 -1.61857
-1.28636 0.24893 -0.16306
-0.61808 -0.81723 0.10419
-1.2998 -0.70447 1.14301
0.09203 1.55327 0.02405
0.11514 -0.13628 0.59993
0.80934 1.7707 0.15226
0.63418 0.63148 0.24819
1.75993 0.92544 -0.51551
3.03416 0.30847 0.87006
2.59446 -0.81324 -0.82254
3.68077 -1.16913 0.30576
3.1936 -0.37995 1.73573
2.81586 -0.67677 0.18173
4.25679 0.07632 0.43756
4.47509 -0.80905 1.27328
4.3521 -0.47492 1.76186
4.23464 -2.09688 1.52116
4.3794 -0.41918 0.07252
3.81617 -0.62373 -0.02316
4.63523 0.22523 0.09409
3.47628 1.39734 2.76448
3.83089 1.42573 -1.41844
5.67941 1.04948 0.20622
5.13376 2.4749 2.75576
4.79008 2.21799 1.20443
4.44635 2.57883 1.56674
6.67886 1.7009 -0.06671
8.58176 1.02371 2.24334
7.61865 -1.14679 0.1817
7.065 -2.75211 2.99834
5.7251 -2.52611 3.28937
5.16751 -3.67026 3.42065
4.37687 -1.99753 1.89311
4.08777 -2.67331 1.01313
4.19392 -2.29621 1.77011
2.54961 0.11578 0.17534
3.77003 0.08201 2.77134
3.82444 1.66504 2.6609
4.67425 1.22259 -1.16014
4.23134 1.25512 -0.53815
4.8634 0.50515 1.70795
5.02705 1.73506 0.99804
5.31563 1.5748 1.28803
8.14571 1.69178 1.49617
8.61655 1.34497 0.5942
9.3234 -1.45677 1.54399
9.18403 -1.45832 1.04533
8.70335 0.11497 0.54459
6.03332 0.55275 1.84911
4.32778 1.58918 1.65515
4.40888 0.64348 1.74025
4.06679 0.82109 2.01184
2.38073 1.42102 1.88476
2.17759 1.76705 0.78184
2.20544 2.00841 0.59545
2.38664 2.28168 -0.49757
2.52618 2.48564 1.68808
0.89833 3.0491 -0.25618
2.0976 1.47037 -0.56232
2.27277 0.30638 1.73699
2.32762 0.00785 0.35707
0.75979 -1.35184 -0.05048
0.79945 -0.68422 0.71001
1.58776 0.73345 -0.10893
1.82688 -0.43179 -0.47131
3.62966 -2.19695 -0.35268
2.34446 -2.64668 -0.2934
1.43134 -3.20459 1.09193
0.60261 -3.93476 -0.86695
-1.62652 -2.18731 0.84204
-2.2741 -1.13332 0.48746
-1.33111 -0.10753 -0.02243
-2.48204 0.7948 -0.24712
-1.08933 0.19137 -1.34945
-2.0345 -1.2985 -2.54346
-2.40002 -1.02241 1.62672
-4.92622 0.02307 -1.10858
-5.35171 -0.41672 0.53172
-5.6432 -0.37826 -0.21914
-6.7033 -0.13693 -1.07769
-5.61823 0.1477 -3.9379
-5.9253 -0.59301 -1.57632
-6.01136 -0.05339 -2.18146
-7.57815 -0.34841 -1.95988
-8.38161 -1.10231 -2.08702
-7.93468 -0.62839 -3.08041
-8.1336 1.56846 -1.04149
-8.31395 0.75063 -2.07417
-5.86897 0.85062 -1.30711
-4.44537 0.48429 -2.24914
-4.75766 0.33719 -1.48302
-4.38601 1.20205 -2.13814
-5.70043 1.56075 -2.03275
-6.51158 0.24961 -0.47269
-4.34367 -1.36912 -1.84963
-4.44644 -0.82127 -2.62364
-4.48237 -0.31851 -1.90024
-5.65018 -0.06697 -1.82091
-4.58318 0.87253 -0.99034
-4.56689 -1.08195 -0.26054
-3.83051 -1.53246 -0.87505
-4.31157 -0.3481 -2.65355
-5.21767 -0.01797 -1.2322
-5.64996 -0.32603 -3.27419
-4.59728 -0.77091 -0.34166
-3.84459 1.79951 -1.37893
-3.86008 3.07349 -2.36047
-2.813 2.14766 -3.82623
-1.21011 3.24114 -1.20201
-1.62669 2.48491 -1.12313
-0.03941 0.31172 -0.79915
1.65507 -0.05147 -1.31974
2.89114 0.37349 1.04628
3.66367 1.97936 -0.47214
5.51996 0.27006 0.69894
4.54934 0.34596 0.97606
5.12943 1.40974 0.15362
5.25577 1.94474 2.29138
2.91636 2.02117 2.32613
2.30613 2.24372 0.8971
3.8728 3.82955 0.62676
2.28712 1.05178 1.4801
5.0524 0.04616 0.45778
5.67673 -1.32858 -0.11494
7.44009 -1.99715 1.2914
5.89313 -0.57254 0.16447
5.15086 0.09401 1.63288
4.59854 1.07103 0.72944
4.40946 -0.01802 2.10843
5.23541 -0.73682 -0.46984
3.58053 -2.50761 -0.88312
5.66506 -3.00921 3.15532
5.35523 -2.55426 1.27334
4.41652 -3.10914 0.85478
1.96699 -2.97092 0.68472
0.51649 -2.41624 2.86911
