0.52753 0.15178 -0.34998
-0.54135 -1.26018 1.00328
0.06969 -1.42084 1.81061
0.99989 -1.54669 3.05054
2.52245 0.21782 -0.53422
3.59488 0.96717 0.02638
2.33164 1.72643 -0.05599
2.46188 1.43156 -2.25725
3.42808 -0.04054 -1.22954
3.10221 1.55912 -1.01352
1.78509 2.02072 -0.25681
0.92073 1.56359 0.57956
1.00755 0.65838 2.03553
1.58322 1.05064 3.9479
3.63462 -0.91492 6.11072
4.72861 1.17084 5.05782
4.42874 0.81537 1.62252
3.60591 -0.49627 1.73641
3.83665 1.32439 0.03851
3.49001 0.93699 0.66633
3.29352 -0.94185 3.35417
2.79554 -0.66362 2.46368
2.34666 -0.79666 2.28374
2.45877 0.7134 2.06553
3.87514 -0.36199 3.25496
4.191 0.60668 3.82251
3.09304 0.3995 4.50435
2.86424 1.06433 5.3735
1.26818 0.69009 5.59072
3.59195 1.4854 7.07364
4.23075 0.39066 5.99608
4.36107 0.61316 5.51396
3.7193 -0.84462 5.09415
3.67196 0.95721 4.10084
2.05527 -0.60271 2.8492
0.62349 0.2975 4.03778
-0.34854 -0.34751 4.48095
-0.82867 -0.32955 5.56961
-3.36364 0.97969 5.86527
-4.19401 -1.4769 6.50865
-5.47197 1.29016 4.18568
-4.71822 -0.36682 2.66828
-2.92611 -1.56119 1.82248
-2.22551 -2.36232 -0.01113
-0.71195 -1.85719 -2.29711
-0.29054 0.28013 -5.06447
-0.24143 -0.7718 -5.65056
-1.77793 2.04246 -6.36315
0.50759 1.01582 -7.34939
0.42303 -0.2999 -3.99714
1.61998 1.24228 -3.34609
2.42756 0.16713 -4.11656
2.78809 2.0223 -3.75669
2.56898 1.20868 -2.36942
1.89564 0.76996 -0.50474
1.86905 0.48702 0.72053
-0.00167 2.00462 0.94113
0.04693 2.55081 1.1503
-0.17831 1.18141 2.12185
-0.43065 -0.14242 3.28216
-0.15115 -0.36951 3.6144
-1.18716 0.33796 2.91696
-2.91915 1.46995 3.82047
-1.19005 -1.65708 2.61819
-1.3699 -0.10705 0.85474
-0.57075 0.75109 -0.1121
-0.22411 -0.44037 -0.96283
-1.76085 0.50558 -1.04794
-0.24553 -1.28047 -1.01538
0.15579 -2.25712 -0.05449
-0.71493 0.38498 0.69776
-1.02762 -0.42475 0.05465
-1.27293 1.45568 0.68853
-0.84733 -0.90075 0.50682
-0.57532 0.03161 2.30196
-0.79785 -0.23352 1.07353
-0.19484 0.22923 -1.05646
-1.3396 0.41503 -3.09487
-1.68834 2.0753 -3.47588
-0.05346 -2.0923 -3.73552
-0.67797 0.21135 -3.57424
-1.97301 0.16055 -3.79103
-1.11635 1.21061 -3.37542
-0.52582 0.00908 -3.62627
-0.27087 -0.35676 -3.84069
0.83651 0.34708 -2.32108
0.40755 0.22236 -1.97328
1.63918 -0.10263 -2.21654
1.86074 0.94901 -1.31425
1.51931 0.01977 -1.56842
0.2158 0.2844 0.1838
-0.03765 1.74689 0.47763
2.58471 -0.26778 1.91042
4.26939 0.42869 1.5074
5.38323 0.4749 2.28437
3.70496 2.17275 0.70332
1.68914 2.69188 1.48892
1.54074 1.62624 1.93453
2.37291 1.77334 2.63952
1.76445 0.48626 4.14015
1.56496 0.13429 3.92038
-0.48778 1.51923 3.14428
0.29739 0.53762 3.08554
-2.385 -0.67977 4.45772
-2.93481 0.21916 4.37039
-3.94444 -0.70691 3.80168
-3.10743 -1.1331 1.7442
-0.71957 -0.38492 1.70022
0.12794 0.13815 1.69211
0.27897 -0.95545 1.91626
-1.82467 -1.12892 3.05002
-1.25635 -0.85472 1.01323
-2.37425 -0.33382 -0.28331
-2.2319 -0.53984 1.33871
-3.0126 -0.84733 0.97576
-3.61978 -0.11197 0.89011
-4.89682 -1.00912 -0.49608
-4.50958 -1.30435 -0.52116
-4.22764 -1.50991 -1.15412
-3.18203 -0.91792 -2.29865
-2.99277 -0.21544 -2.69199
-3.35101 -0.58375 -3.22134
-1.83933 -0.76806 -2.52898
-3.41242 -2.17434 -3.2917
-2.5466 -0.36164 -1.52434
-3.77368 -0.98078 -3.68591
-3.60953 -0.84214 -3.0568
-3.13404 -1.38084 -2.62106
-2.78749 -0.91391 -2.78431
-1.63935 -0.0033 -3.76072
-1.54823 -1.0588 -4.84245
-3.2818 0.11557 -5.21422
-1.41109 1.05089 -4.65647
-0.47822 -1.22695 -4.51201
-1.42099 -2.0172 -3.26782
-2.52294 -0.96005 -2.66095
-2.80405 -0.99945 -4.50876
-2.08334 0.21488 -5.24216
-3.21963 -2.37004 -5.59643
-5.1121 -1.69712 -5.4363
-5.77019 -1.40281 -5.80019
-5.18941 -1.65389 -5.26601
-4.16322 -0.30191 -4.09942
-5.27666 -1.78482 -3.17825
-5.38206 -2.40391 -1.8866
-4.51053 -1.84605 -0.98969
-3.8364 -1.50399 -3.10408
-2.63839 -0.02617 -3.13811
-0.65587 -0.93788 -3.41528
-2.86232 -1.41338 -3.0806
