1.6262 1.9457 -0.40886
1.25106 2.43676 0.52761
-0.88715 2.692 -0.34048
-0.3764 -0.39346 -0.85067
1.02978 -1.75572 0.73616
0.58294 -1.31881 -1.48712
0.06287 -2.02964 0.50231
-0.29678 -0.57206 1.31943
0.24509 -0.926 0.64035
-1.32703 -0.60841 -0.23937
-0.19202 -0.97979 0.07222
-2.30442 -0.30491 0.0666
-3.11059 0.44257 0.6048
-3.90294 -1.02662 1.0826
-2.03378 0.16151 0.66322
0.27388 -1.44242 0.17696
-0.86087 -1.95138 0.23296
-0.54195 -2.3761 -0.13948
-0.76146 -2.6284 0.96579
0.36217 0.80046 0.01844
0.00519 0.59375 -1.20123
0.90386 -0.11756 -0.10013
0.62871 -0.76122 0.03839
0.27515 -1.46969 -0.3001
1.26609 -1.95703 0.26471
1.08903 -1.57477 -0.59686
2.61694 0.86149 -1.2807
1.62832 1.78824 -0.49843
1.11449 0.69615 -0.76526
-0.17486 0.08058 0.4607
0.68431 1.13592 -0.50523
-0.79654 0.36603 -1.35471
-1.9588 -1.00765 0.49333
-0.64857 -0.24728 -0.54109
-1.24166 1.73884 0.08783
0.13081 0.57318 -0.28171
-0.82973 -0.25575 -0.39893
3.18937 0.05067 0.23414
1.1084 -0.22388 -0.28808
0.47128 -0.89636 -1.46287
-0.11314 -0.99578 0.08157
1.88405 -1.54433 0.92721
1.16549 -1.16572 -0.21453
0.52557 2.33477 -0.7394
1.04909 0.83193 -0.73986
-0.36372 0.5286 0.1577
0.04725 0.404 -0.51375
1.06273 1.65013 -0.23942
-0.0336 3.94668 -0.1177
-0.59935 2.18062 0.60393
0.14183 1.81409 -0.52218
0.50605 2.94327 -0.54838
1.20643 0.1295 0.45611
0.68941 -0.35173 -1.11
1.86981 1.23966 0.00482
0.71811 2.55398 -0.7043
1.45183 1.27784 -0.99916
-0.30609 0.96455 -1.98359
-0.87082 0.78195 1.0836
0.72893 0.51431 0.87483
1.58673 0.9319 0.87157
0.90312 2.7233 1.23084
-0.64356 2.16278 0.60928
-0.34567 0.82086 -0.40083
-0.59631 1.06448 0.08685
0.9155 -1.17862 1.66869
0.06528 -1.06091 0.36668
1.3273 -0.65195 -1.12923
2.1595 -1.77491 -0.23621
1.51624 -2.05862 -0.07078
-0.48314 -1.42083 0.4452
0.01836 -0.53588 -0.51736
1.6117 0.85467 -0.17858
1.17466 1.3451 0.99788
-1.07664 1.46094 0.3135
-1.09154 1.38772 -0.40829
0.27331 2.74483 0.20393
-0.12997 3.24606 0.27029
0.87339 1.08556 -0.89804
1.2932 0.56281 0.10449
1.52025 1.74612 -0.05981
0.41268 -0.56833 -0.15391
2.08806 -2.56918 0.24593
1.92278 0.22509 0.50309
2.60431 1.0079 1.16654
0.60401 1.64076 0.74871
0.59886 0.71899 1.02213
0.44134 0.79816 -0.36916
0.24914 1.93596 0.86561
2.3394 2.16827 0.68414
2.32647 1.45065 0.73774
2.58601 1.32244 0.94758
1.97075 1.10992 -0.10368
1.69533 1.69017 0.36152
-0.12073 1.61833 1.47126
-0.00713 -0.13749 -0.37064
0.46445 -0.88125 -0.71882
2.10197 -0.46607 1.45962
1.20306 -0.12055 0.29079
1.49636 0.11706 0.30444
-0.11648 0.65676 -0.53942
-0.84241 1.33443 0.56227
-0.38664 -0.02227 -0.81699
-0.66542 0.67918 -0.44734
-0.53935 -1.19607 -0.46132
-1.57361 -1.53755 -3.0625
-0.42789 -1.83687 -0.16021
-1.47147 -0.20928 -0.07848
-3.01308 -0.73977 -1.11377
-2.14228 -1.55263 0.51427
-2.79067 -0.40692 0.75794
-1.51724 -1.70073 -0.75709
-0.20348 -1.42333 -0.32591
1.01242 0.29073 1.55908
0.48716 -0.09829 -2.31501
-1.53713 -1.17643 1.23796
-1.95389 -0.03871 0.47149
0.11404 1.33216 -0.14119
-0.49788 1.01011 0.40819
0.94455 -0.70175 -0.07825
1.60293 -0.36399 0.23881
1.14402 1.8214 0.53736
1.16864 0.87885 0.23883
-0.97972 2.02801 1.12065
0.31188 1.95994 1.22537
-0.7683 2.16918 -1.50153
0.45398 0.28017 -0.17698
0.77277 0.51902 1.18133
0.70853 0.94198 -0.93711
0.104 0.39237 -3.29266
0.42038 1.21023 -1.54196
0.82691 1.05489 -0.63921
1.4388 0.8265 -0.68607
0.46955 0.6387 -1.12664
-0.74759 0.38298 0.78932
-0.3474 -1.03101 -1.54393
0.96064 -0.61147 2.50223
1.28374 0.30822 -0.22907
1.96065 -1.69357 -0.3765
1.6846 -1.03975 0.06138
1.7555 -0.60311 -0.39103
0.30723 -1.42365 0.87386
-1.85434 -0.52892 0.42082
-1.74584 -1.35632 -0.17371
-1.5391 0.57462 0.1777
-1.01265 1.60097 -0.60722
-0.85497 1.67154 -1.68946
-0.42496 -1.48466 2.19524
0.47472 -1.41069 -1.9594
0.95112 -0.47873 0.42926
