4.0044 2.43297 2.31206
3.32565 2.61702 2.82063
3.01156 3.2589 -0.27397
3.81938 2.83795 1.07542
2.41038 4.55196 0.95614
3.23288 6.01816 -0.35713
3.10399 5.00908 1.29256
3.29979 3.94135 1.10283
3.14567 4.28381 1.29118
3.44955 4.64751 1.38563
4.10872 3.98905 1.18898
3.13524 4.34387 2.00584
2.93106 3.13166 3.22788
3.52818 3.15875 0.29726
5.36989 3.73148 0.58639
4.71648 2.47069 1.99228
5.26162 3.32713 1.77941
3.74212 1.86372 -0.91614
4.24994 3.22328 0.94319
3.58094 1.82265 1.52901
3.59112 1.78663 0.26338
4.43978 4.28372 1.82299
4.41196 3.92297 2.34007
3.87575 5.23323 2.79416
3.97068 5.32219 0.02042
2.20786 5.27134 0.03263
-0.20639 6.02191 1.60248
0.79694 4.45538 2.38701
-0.17378 4.19475 1.32587
1.54243 2.27408 1.52077
1.69518 0.7974 2.14321
1.22221 1.34172 2.88385
0.30165 1.32671 3.1019
0.44776 0.43194 0.51277
0.46951 0.59461 -0.63405
-1.17836 -1.63037 0.28307
-1.92963 -1.44232 2.17069
-2.31737 -0.5627 0.87266
0.15519 -0.43349 -0.44732
-1.25137 -0.49494 -1.6247
-1.37778 -1.12376 -0.69634
-2.18422 -1.43615 -0.32829
-2.30128 -1.20636 0.4326
-1.78162 -2.9295 0.47916
-1.54605 -3.74821 1.05431
-0.1097 -3.48605 -0.66771
0.31663 -1.88072 -0.44043
-0.33836 -0.65258 -0.10025
0.91874 -1.26428 -1.81516
0.66925 -0.56071 0.11166
-0.83919 0.77261 -1.05732
0.70644 -0.19435 0.46486
0.20418 -1.2445 0.84193
-0.43658 -1.06624 2.98805
1.75632 -0.54995 0.41563
0.66368 -1.53992 1.29919
1.4738 -2.10461 -1.00648
-0.78157 -0.06159 -0.60646
0.36626 2.06173 -2.27464
-1.40538 2.50207 -1.33327
-4.20298 3.71098 0.00608
-4.03086 4.22263 0.78223
-3.74073 1.16539 0.23475
-2.33057 -0.36848 -1.10054
-0.33533 -3.11399 -0.09707
0.32956 -2.23912 0.90863
-0.33289 -1.97085 2.31632
0.64045 -1.88148 -0.06592
1.12188 -0.60484 -1.33782
-0.16896 -2.06202 -1.27346
-0.75896 -1.44393 0.9767
0.0331 -1.97932 0.66268
0.83909 -0.96439 0.05271
1.96155 -0.52299 -0.14496
1.41369 -1.42427 1.12563
0.16894 -0.21062 1.48351
-0.5745 -0.8222 2.01107
0.41096 0.49981 -0.05452
-0.00335 -0.04936 -0.05265
-0.56921 0.64315 -1.00167
0.68452 2.13759 0.31023
-2.20781 1.54221 1.82329
-1.10001 1.77169 1.08725
-0.20069 0.13463 -0.90577
0.52357 2.3247 0.9902
-0.54111 1.78546 1.43467
-0.57435 0.2797 0.8644
-0.50892 0.24111 -1.15556
0.50604 0.17202 -0.03335
-0.16109 -0.72173 2.36066
-0.54903 0.94911 0.02802
0.05539 1.179 -1.75003
-1.4571 1.37701 -0.97836
0.071 0.22098 -0.21812
-0.0882 0.19701 0.62446
-0.817 1.90719 0.41875
-0.38888 0.59085 0.63228
-0.61328 1.92763 1.11375
-0.55191 0.71126 0.80546
-0.86318 -0.28677 3.41357
-1.36489 -2.35719 0.89755
0.2295 -2.00696 1.01405
2.34115 -2.30496 1.14582
3.97326 -1.60072 0.12309
4.43469 -2.10688 -1.0441
3.04058 0.26752 -1.17823
1.75295 1.16244 -0.21628
1.55489 1.10881 -0.51328
2.48392 -0.11869 -1.40264
2.31406 -0.29313 -1.12761
1.62184 -0.24714 0.49642
0.12666 -1.07932 -0.0377
-0.10362 0.09628 0.33181
0.16341 0.67355 -1.62679
-1.12888 0.77137 -0.54831
-1.55441 0.96727 0.72126
-2.71787 1.04401 3.0195
-2.62047 0.29927 1.45661
-0.40668 -0.7929 -0.26248
-1.10537 -0.18361 -0.28389
-0.29912 0.53284 0.28468
-1.0695 1.3137 -0.35073
0.28002 -0.11251 -0.44662
0.59132 -0.08557 0.7708
-1.28612 -1.4424 -0.53354
-0.57826 -2.35104 0.28859
-1.6397 -2.63338 -2.10592
-3.45714 -3.92952 -0.55958
-2.26775 -3.93364 -1.68704
0.82896 -4.27898 -2.01461
0.68198 -5.76994 0.59025
0.4569 -3.87615 -1.54205
0.04684 -2.81784 -0.66443
1.08344 -3.74614 -1.4469
1.40011 -3.33737 -1.74779
-0.69832 -1.80587 -1.1518
-0.84534 -2.22413 -0.95039
-2.28314 -1.45547 -2.84711
-2.34236 -0.49403 -2.52963
-1.41627 -0.85714 -1.09293
-1.5778 -0.72058 -0.10656
-2.83823 -0.22669 0.27735
-2.31066 0.82271 1.10755
-2.86601 0.98599 -0.43863
-1.46694 0.30094 -0.78487
0.25226 0.73439 1.46157
-0.48906 -1.40119 0.22958
0.23376 -0.01414 1.89176
-0.54149 0.07897 -0.61893
-0.01051 -0.52553 -0.05624
