2.61912 0.91355 -2.98186
1.60034 1.66054 -1.73957
1.42888 0.63988 -0.2857
1.88299 0.35779 -0.79722
1.43658 0.67604 0.95881
0.71125 0.4004 0.59989
0.50014 0.63028 -1.12928
1.16754 0.96528 -1.89675
1.35416 -0.28017 -0.25587
0.8136 -0.66275 -1.31994
0.39124 -0.69241 -0.97391
0.09 -1.52285 -0.59463
1.20625 -2.23497 -0.10047
0.44981 -1.51492 0.01191
-0.12112 -2.13975 -1.19022
0.31993 -2.80549 -0.06172
-0.46748 -3.01436 0.613
-0.67746 -2.87703 0.4482
-0.8315 -3.81029 0.52653
-1.1749 -2.88207 1.57088
-0.99362 -2.86245 0.48903
-1.1409 -1.32692 0.26185
-0.70974 0.407 -0.21003
-2.38777 -1.74524 0.64386
-3.37022 -0.80943 0.11768
-5.81617 0.64292 -0.77697
-2.55304 -0.35038 0.97816
-1.55452 -2.37526 1.75366
-1.51599 -2.16032 2.02807
-2.57266 -3.70661 -0.24304
-1.16336 -3.14537 -1.55983
-1.65467 -2.42213 -1.77445
-3.86801 -3.43668 -1.57606
-5.88457 -3.24794 1.90454
-4.76699 -2.86291 0.2472
-5.1509 -2.55983 1.46738
-4.50946 -3.22582 0.98131
-3.0401 -4.86 -0.23847
-3.26162 -3.97082 -0.61389
-2.5725 -4.77692 -0.2683
-1.69186 -4.4541 1.93084
-2.26673 -4.80067 -1.11481
-2.03863 -4.37235 -1.0152
-1.80089 -4.45418 -1.98174
-3.79776 -3.85472 -1.02069
-3.6638 -3.74168 -0.48985
-5.10587 -2.96641 -0.47669
-6.40865 -2.42517 -1.03804
-6.36073 -3.87782 0.53149
-4.81922 -3.49123 -0.42702
-3.2054 -4.57077 -1.17804
-2.0592 -3.31268 -0.19428
-0.41259 -4.32919 1.23663
-2.09489 -3.92249 1.43271
-3.02916 -2.71081 0.11943
-2.92301 -3.79853 1.29118
-0.15855 -2.01938 1.01195
-1.48983 -2.12087 0.29561
-2.75797 0.71088 0.62904
-2.05148 -0.47403 0.49078
-1.9472 1.4931 1.60205
-1.89088 1.66337 -1.405
-0.83093 0.55683 -0.54984
0.71722 -0.89936 0.30139
0.62088 -1.31117 1.03427
0.17178 -2.67046 0.94517
1.30647 -2.65842 -1.74934
0.40715 -1.67014 -0.55013
-0.00291 -0.13436 0.38288
0.0165 1.05201 1.97208
-0.99249 0.84804 2.73809
0.243 2.70603 1.07988
-1.62709 1.27437 2.53506
0.33861 0.47459 0.18464
0.13199 0.93334 1.80353
-0.94765 1.5805 -0.16476
1.85753 1.36931 -1.23242
1.75956 0.17978 0.1724
2.54517 -1.72071 -0.98575
0.0943 -1.45363 -0.85582
1.24831 -1.36016 -1.616
0.3752 1.08848 -0.47547
0.82443 1.43784 -1.23494
-0.36728 -0.31783 -3.06036
-0.79293 -0.75851 -2.10378
-1.37863 -0.80385 -1.45202
-2.00455 -1.33549 -1.66963
0.1813 -2.57108 0.02208
0.09448 -2.18739 0.29866
-0.53374 -2.15357 0.07956
-2.35205 -1.59587 1.61646
-0.91391 -2.04722 -0.13619
-0.69886 -1.7614 -1.20484
0.1821 -1.16828 -0.28738
-1.14425 -0.2998 0.59276
-1.14195 -0.43393 -0.07924
0.29759 0.71536 1.14927
0.53691 1.852 0.23641
0.8449 2.40509 0.24994
-0.75464 3.43422 0.3886
-0.12979 3.56414 0.48664
-0.13731 2.75763 0.61242
1.72448 1.73939 -0.848
1.57479 2.10224 -1.16963
0.98504 1.29369 -0.87943
1.56953 0.80587 -0.41716
0.23126 1.48239 0.23662
2.23649 1.77753 -1.36554
2.69573 1.94868 -1.25876
3.40976 1.86746 -0.55492
2.28445 2.67004 0.49571
1.17603 3.92307 2.06273
1.26163 2.07446 0.21313
0.93079 1.22039 -1.94981
0.48938 0.98032 -1.4764
1.29539 1.25303 0.09096
0.97053 3.57232 0.82321
0.81995 2.98112 -0.90191
1.25629 0.85169 -0.04916
0.18037 1.64198 -1.11273
1.16861 1.49391 0.50944
2.08233 1.39013 -0.10615
2.34095 2.82104 0.0135
2.52916 1.36516 -1.52962
2.79172 1.37481 -2.44018
1.77935 0.50857 -2.25453
1.90945 2.0081 0.02524
0.32029 5.35883 -0.3633
-0.46916 5.15196 -0.58072
1.01905 4.35617 -1.07943
0.75776 2.1364 -1.20364
1.38952 1.6122 1.14257
0.76266 1.9215 0.40222
2.6951 1.89907 0.85372
4.06201 0.30441 -2.04284
4.57167 0.46616 -3.51538
2.99354 0.6526 -1.5186
3.22201 1.14894 0.19196
1.76627 3.54458 1.6236
0.96854 4.67661 1.42194
0.73522 2.88106 -0.04317
1.66357 1.91952 0.08605
1.45396 2.97818 0.64497
2.46504 2.98248 0.25376
2.5883 2.69217 2.17472
1.22707 2.9564 1.31822
-0.85004 2.51832 -1.82098
1.79463 2.65412 -0.20302
2.46933 2.91769 0.18447
3.85388 1.35654 -0.33353
