-0.84192 1.28594 -1.09554
-0.39042 2.01366 -1.61121
-0.58652 1.02539 -1.16868
2.08669 -0.75178 1.24531
-0.12923 0.33236 2.51236
0.44847 0.92138 0.77126
0.22001 1.20323 1.1
0.67844 2.16183 0.07342
-1.60938 2.41538 -0.03832
1.25561 1.19492 0.18799
-0.39257 1.33173 -0.29869
-0.79002 0.05689 0.95133
-0.26854 -0.94606 -0.86764
0.22474 -0.07905 -0.25889
-0.55522 1.19488 1.55013
2.03773 2.02755 1.6301
-0.5997 3.31405 0.20605
-0.36239 2.38749 0.16271
-0.05088 3.4746 0.21669
0.35382 3.51237 -1.59576
-1.06074 3.99524 -1.23853
0.51185 3.44811 -0.98365
1.7911 3.74165 -0.10799
0.65939 2.52712 -0.06723
2.7612 3.03395 1.71074
1.46977 4.92427 0.10169
-0.52094 4.96663 -1.10252
2.59648 5.54696 -0.47067
3.08753 7.26746 0.29683
1.19663 7.81917 0.38681
2.2073 6.98172 0.8422
1.12887 6.2791 -0.08617
1.15158 7.63937 0.54409
2.34361 6.43757 -1.59718
0.73172 6.46968 -0.37622
1.58491 7.43312 -1.18442
-0.44965 6.45198 -0.21485
1.99201 6.33906 -1.61558
1.90842 5.69811 -0.23669
0.95933 5.35083 0.73035
1.46817 6.12592 -0.03143
0.4829 5.58723 -1.47977
2.46364 5.71414 1.00059
0.86673 4.63426 0.71855
2.44926 4.4335 -1.94091
-0.14881 3.12498 0.21995
1.60646 3.08841 1.50665
2.24992 3.73627 0.91173
2.0277 2.62543 -1.33118
0.62296 2.841 -0.63656
1.08141 2.05585 -0.77552
1.59892 2.03865 0.54422
1.13784 0.90415 -0.69633
-0.54965 -0.68709 0.28319
1.20677 -1.38395 -1.10816
1.44447 -0.63349 2.165
2.62027 -0.81083 -0.11145
1.42188 -1.97119 -0.59458
2.17938 -2.74319 -1.4731
-1.67419 -0.94461 -1.17182
1.52526 -1.30142 -1.07656
-1.3826 -1.69922 -0.79601
-1.53158 -2.20758 0.27185
0.69913 -1.4941 0.16962
0.11651 -1.22109 3.44484
0.69169 -1.93242 0.54838
-2.38575 -2.94764 -0.93581
-0.40463 -2.74495 -0.70339
1.32809 -1.53307 -1.1289
-0.65925 -0.69067 0.30831
-0.66325 -0.71203 1.34055
-2.47562 0.06202 1.61679
-0.62774 0.46683 0.73769
0.05622 0.8583 -0.86669
0.86732 1.40571 -0.93689
1.47185 1.6316 -0.45591
-1.09537 1.76122 0.69839
0.54137 -0.52576 -2.28609
0.95666 -0.90814 -0.19099
-0.22139 -1.47263 0.55536
2.16003 -0.55119 1.80096
-0.21476 -0.27011 0.93122
-0.11408 0.36291 1.93503
-1.81992 -0.70977 0.66153
-1.41962 -0.48591 1.31105
1.54203 -1.26088 -1.09295
-0.59687 -1.17089 -0.82318
-0.12725 -2.19338 -1.14677
-0.02981 -0.64707 -1.69895
-0.16948 -0.57652 -0.28138
-0.3023 -0.02424 -0.03896
0.31487 0.74505 1.22845
0.05001 -1.21995 -0.28142
-0.58018 -1.67258 0.92244
-0.84012 -2.98157 0.22682
-0.46195 -4.75113 1.59871
0.43955 -4.76151 -0.27045
-1.603 -3.64877 0.19568
-2.23094 -4.11187 -1.58816
-0.99071 -2.64052 -1.53579
-1.22423 -1.73874 0.11915
-1.29137 -1.48215 -0.94941
-0.37013 -1.92297 -1.43279
-1.132 -2.83204 0.48607
-1.3371 -2.48403 -0.06856
-0.764 -2.83348 -0.0818
-0.02736 -3.7582 -0.31046
-0.41904 -2.79273 0.01797
-0.84504 -4.44021 -2.0976
0.11473 -4.67334 -0.81652
-1.55877 -2.20775 0.6828
-1.01877 -2.74439 0.0379
-2.26892 -2.56161 0.51704
-0.95411 -3.08082 0.63385
0.09567 -2.6366 0.65962
-0.36389 0.31152 1.80439
-1.44487 2.01641 0.38099
0.61044 2.66702 0.39715
-0.07439 3.80993 0.87608
0.91525 4.54484 0.66875
1.55646 2.90251 -0.32126
-0.56454 3.98486 0.54724
0.08144 3.6659 0.42599
-0.76645 2.56247 -0.95229
0.67431 2.30996 0.74125
1.18449 3.84189 -0.24905
0.62355 5.17363 1.05498
1.14135 4.53158 -1.47027
0.4324 5.80822 1.59795
0.6524 6.39082 0.51179
1.33418 6.44346 -0.59006
1.05813 5.15097 -0.52324
1.19247 4.0609 -0.80499
1.03345 3.79421 -0.78385
0.77879 4.52419 0.48167
2.27312 6.76653 0.58848
2.45802 6.58061 0.95417
0.41736 6.87511 1.35003
1.80029 6.39404 1.39428
-0.3609 4.87259 3.57421
1.75745 4.484 1.48945
2.64524 3.45634 -0.14902
0.73637 4.22546 0.42991
1.96496 3.96844 0.18434
0.97428 5.28942 -1.03282
1.23731 4.62728 -0.54613
1.29259 4.33802 -1.00349
2.0981 3.9384 -0.50632
1.47289 3.98585 1.17595
1.56028 2.52305 0.53687
