-0.19286 -0.90174 -1.14641
0.21674 -1.70517 0.53662
-1.10344 1.22469 -0.22812
-0.23081 0.42985 -0.8915
-0.54157 -2.18226 -1.69353
0.10491 -1.49695 -0.75954
0.03387 0.74726 0.48918
0.87084 0.13265 -1.02611
0.92126 0.57111 -1.53509
-0.43074 -0.36579 2.35985
0.17155 -0.0501 -0.16288
0.78533 0.06802 -0.68834
0.42804 -2.09499 0.98365
0.65812 2.02437 0.40076
0.62127 0.88039 -0.21436
0.06139 1.37628 0.38679
0.2929 1.03328 1.49675
-0.23531 -0.13397 -0.73039
1.27233 1.55089 0.15817
1.01251 0.49534 -0.02519
-1.21673 -0.85971 -0.4449
-0.03046 0.57977 -1.28332
-0.69344 -0.54887 0.49818
-1.58993 -0.27503 0.82032
-2.90558 0.12138 0.18475
-1.91246 0.55562 -0.34943
-0.89768 -1.23438 -1.4181
0.74702 -0.68381 0.01626
0.45835 -0.86144 0.092
1.00462 -0.09076 0.55345
0.95135 -0.93572 0.67562
0.96948 -0.78098 0.0128
0.33074 1.03442 1.16705
-1.53503 0.98311 1.05759
0.06697 -1.35862 -0.4221
0.09208 -1.65486 -0.6662
0.005 1.04057 -0.7824
1.77614 -0.08851 0.34543
1.7598 -1.13086 -0.01971
1.53118 -0.31082 -0.49088
-1.01095 -0.19823 1.53551
-0.53941 0.53217 0.65414
-3.71235 0.49974 0.78144
-3.3477 -0.03881 -1.24521
-3.05069 -0.81414 -2.03827
-2.71975 -2.15749 -1.28531
-2.15987 -0.66121 -0.75795
-1.30279 -1.05611 0.00335
-0.49563 -0.98738 -0.90341
0.42173 -1.4829 -0.5367
-0.18625 -0.74036 -0.07104
-1.15736 -1.45991 0.03694
-2.58068 0.32653 1.50924
-3.17645 0.46767 -0.91856
-3.54697 0.38475 -1.49456
-1.41043 0.57288 -1.80286
0.15176 0.63476 -0.76316
-0.14938 -2.15464 -0.34048
-0.40737 -0.71176 -1.39633
-0.64513 -0.30457 -0.23158
0.33911 -0.726 1.25524
0.31443 -1.88062 -0.12906
-1.05771 -2.13168 1.1787
0.24825 -0.95079 1.05173
0.81269 -2.51792 1.22389
0.01142 -0.76523 0.83433
0.17655 -0.21953 0.74164
-2.10025 -0.93122 -1.11555
-0.16565 0.28462 -0.59116
-1.50126 -1.79462 -0.32991
-0.517 0.12661 -1.95658
-0.30542 2.46429 -0.29009
1.81475 0.94821 -1.65257
0.47507 1.22182 -0.61482
-1.14821 1.64539 1.08562
-0.10593 1.821 0.05739
0.43348 -1.31199 -0.92474
1.71476 -0.21456 -0.41043
0.66189 1.23944 0.37783
0.04953 2.16324 0.27436
1.22486 1.23331 0.01501
-0.58139 2.29471 -1.80507
1.02623 0.85808 0.08587
0.83128 0.60573 0.85071
0.70275 1.35676 1.02971
0.45959 1.3714 -0.8664
-0.82084 1.71571 0.30047
-1.25732 0.97442 0.28704
-0.41279 1.72123 -0.83901
-1.16655 1.10516 0.14218
0.42315 -0.85308 -1.32971
1.00331 -1.36626 -1.08658
-0.62482 -0.63145 -1.15089
1.77646 0.58755 -2.18109
1.61554 -1.03207 -0.7643
-0.02023 3.0622 -1.40319
-1.05594 3.55431 0.84176
0.16176 1.29246 2.14044
0.903 -0.87678 -1.62798
-0.78429 -1.55289 -1.75275
1.17293 -0.58476 -0.4546
0.70196 -1.39624 -1.04882
0.30155 0.28868 0.75074
1.26309 0.0069 -0.74305
-1.71881 -0.08307 -0.44929
0.74195 -0.09709 -1.25302
-0.07184 -1.34852 1.44465
0.63258 -0.03598 0.42724
0.76251 -2.47162 0.88981
1.7893 -0.68074 1.66572
-1.42294 -2.24967 -0.27823
-2.45878 1.06006 -1.74646
0.66393 1.6529 0.21411
-0.13665 -0.6433 0.64675
-0.44963 -0.26552 0.18035
-0.00941 -0.1834 0.4324
0.35402 -0.92641 1.63534
-0.02363 -0.19988 2.01133
0.80394 0.17067 -1.19058
-0.25913 -1.30394 -1.44047
-0.47426 -0.75787 0.86048
-0.90844 -0.3986 -0.54775
0.71372 -0.89076 -2.56093
1.84487 -0.82259 0.21171
0.25833 -0.57448 1.29747
-1.71462 -1.33794 -0.21967
0.65487 -1.77838 -1.35402
-0.37161 -0.66121 -0.45154
-0.66306 0.21098 1.10505
0.36715 -0.83635 0.2781
-1.14936 -0.22361 0.63383
-0.02264 -1.91918 -1.22858
-1.34777 -1.17898 1.10263
-1.45635 -0.38912 -0.50871
-1.98849 -1.01237 0.42715
0.12359 -0.17291 -2.09146
-0.4279 -0.13553 -0.50538
-1.09446 -1.22562 1.28998
-1.35016 0.39911 -0.31529
-0.69621 -0.92206 0.70949
-0.88055 -0.27514 -0.0491
0.69513 -2.61356 -2.00037
-0.04643 -2.88274 -0.16546
-0.40336 -0.79568 -0.40491
-1.12962 1.54152 -1.62481
0.32455 0.76963 0.71796
0.06624 -1.18466 1.8293
-2.14286 0.47121 0.46693
-2.58594 2.07758 -0.11808
0.71786 0.56712 -0.62061
