4.53551 -1.81549 3.40792
3.6737 -0.94975 4.96062
2.72499 0.73359 5.39972
1.619 1.16027 6.35313
-0.92043 -0.45987 4.84678
-2.24656 -1.3821 5.48567
-2.07729 -1.32434 6.26061
-2.16312 -2.02027 6.20572
-1.25621 1.37744 5.05497
-0.54535 0.94806 4.5343
-0.9234 1.27162 3.01846
-0.21471 0.04619 3.32138
-0.70104 -2.45897 0.9592
-1.77119 0.53123 1.93919
0.92997 0.13766 1.14562
2.78664 -0.204 1.71255
0.88657 0.7363 1.45356
1.90571 3.16124 1.40574
1.68139 -0.70069 1.87564
1.31151 -1.16397 3.01675
1.30049 -0.10841 3.87005
1.26114 -0.35708 3.21388
2.53507 -0.57091 3.01425
2.32935 0.00591 1.99468
1.6517 0.19235 2.22121
1.08717 0.66849 2.85871
1.67544 -0.20698 0.92115
0.51517 0.9848 0.09411
1.08096 -1.1896 -0.10975
0.98355 -0.54865 -0.09387
2.06139 0.13531 0.35476
1.79652 -1.28496 1.16136
1.0026 -0.32936 2.12503
0.72746 2.40518 1.45451
1.65889 -0.23825 2.58331
1.69967 -1.7652 1.46136
1.37004 -0.17182 0.99594
2.64534 0.17724 2.33293
2.36504 1.04652 3.87451
1.51357 1.30144 4.85601
1.41692 -0.63058 7.13665
0.89231 0.10549 5.80333
0.64863 0.95449 6.29247
1.54494 1.39919 6.46569
0.581 1.46715 4.31184
0.91193 0.43118 3.25546
1.84535 0.14617 2.66129
1.76766 -1.75501 2.78805
1.88108 -0.13152 4.56111
2.46535 0.14551 5.66708
1.73322 -0.08522 4.87118
1.01663 -0.47331 4.39496
1.319 0.30934 4.7754
0.52354 -0.85955 4.57458
0.15928 2.32313 3.64399
0.15884 0.59253 5.22815
-0.21755 -0.57392 3.5709
1.16259 0.67475 2.00381
0.17973 1.76267 1.31322
1.04414 1.6884 1.07291
0.01208 2.30727 0.05564
-1.15863 1.35506 -1.50572
1.89242 -0.68724 -1.30628
2.57069 0.24852 -0.29233
3.61158 -0.30606 0.6577
2.27073 -0.7013 3.01335
2.13078 0.13616 1.82351
2.42219 -0.22808 3.22347
1.07462 -0.38365 4.28472
1.46933 0.21572 5.23451
1.72861 -0.80752 4.17346
0.96235 -0.61679 1.6334
1.16913 0.44363 2.83903
0.84948 1.18748 3.89917
2.26023 -0.75605 3.63876
1.20032 -0.74031 3.65231
1.26427 0.80309 4.69692
2.49819 -0.09767 3.31084
2.3973 -0.56368 2.80036
1.24425 -1.09797 3.03299
2.65029 -0.70184 1.61753
2.59504 2.0477 2.26056
3.28254 0.92561 2.84176
2.16943 -0.23412 1.94247
1.66817 -0.47261 0.91882
1.78683 -0.12006 1.07116
2.61576 -3.16892 2.10663
1.97956 -0.42711 0.7786
-0.20604 -1.02668 -0.15183
0.61442 -0.843 1.14161
2.29337 -1.03402 0.71779
1.01331 0.29788 -0.27454
-0.73112 -1.26188 0.61832
-0.34467 0.11798 -0.15487
-0.36747 -0.40076 -2.22353
-0.34381 0.51822 -0.86398
0.46712 -1.07309 -0.47565
0.16752 -1.23398 -0.78052
0.1043 -0.70781 -2.26206
-0.42503 -1.06957 0.44349
-0.62552 -0.59977 -0.98257
0.65836 0.94442 -0.93268
0.69844 1.78663 -0.74864
-0.04324 0.79939 -0.80876
-0.43758 1.30166 0.64335
-2.80237 0.01632 2.21781
-2.72868 1.29913 0.91036
-2.25223 -0.56533 0.92264
-2.22751 0.5106 0.69958
-2.18259 -0.25097 -0.21225
-3.47797 1.19792 -1.21359
-3.37253 1.16484 -0.90197
-1.34048 1.06011 1.25787
-1.55352 1.53322 0.73007
-1.83258 -0.43986 -0.43906
-2.53722 0.30799 -1.95875
-0.27915 0.70276 -2.33032
-2.17093 -0.27905 -1.52818
-1.27063 0.17203 -1.13273
-2.35002 0.27051 -2.84248
-1.75537 -0.95143 -3.64024
-0.47933 -0.72639 -5.42805
-0.23887 0.0606 -5.5831
-0.27404 1.84215 -4.52014
1.78342 -1.00869 -3.54037
0.2308 0.06091 -2.80007
-1.81186 0.75022 -2.68242
-0.67793 0.66131 0.21893
-1.14991 1.37451 1.49789
0.19751 -1.26577 0.56224
-1.44607 0.6903 1.76783
-1.14637 -0.10015 1.78806
0.94717 -0.12284 -0.10797
2.48068 0.56295 -1.36127
1.27436 0.49206 -2.13597
1.7902 1.1705 -1.29003
1.08147 2.86156 -1.26225
2.44475 0.46989 0.05233
3.09484 0.49094 -0.80153
2.5671 1.86474 0.99602
3.91678 0.15334 3.65603
2.47643 0.17983 4.91456
4.35961 -0.07483 5.7558
3.08218 1.84971 5.51928
2.36869 0.37671 5.85938
2.30747 -0.61987 4.31362
2.50812 -0.27646 5.24175
0.99387 -0.29452 5.26449
3.20472 0.51755 5.45765
3.14671 1.71166 3.72968
