3.45037 -0.50761 0.53698
4.92532 -0.29218 -0.14199
4.01625 -0.68069 1.1329
3.30452 0.11988 1.50757
2.96362 -0.35808 -0.31879
2.40247 0.6614 -1.48962
1.06098 -0.84265 -1.70517
-0.49473 0.04644 -0.74175
0.30219 -1.50454 1.16116
1.32571 -0.89297 -0.52942
-0.34554 0.46309 0.20168
-0.10885 0.64964 -0.51312
0.58671 -2.28109 -0.56593
-1.17245 -2.39053 -1.75383
-2.14434 -1.22407 -2.14281
-2.60006 0.09117 -1.09889
-1.19363 0.26645 1.66247
-1.53033 0.13318 1.01303
-3.21566 -0.00422 1.08248
-3.38739 0.35801 0.23361
-4.69212 -1.58422 -0.72999
-4.49018 1.64197 -2.76162
-5.56216 0.67409 -2.26875
-4.19342 -0.62746 -0.65712
-4.49749 -1.06086 -1.19174
-3.9189 0.93057 -0.27935
-4.14439 -1.50573 1.69223
-4.54925 0.22487 0.49605
-3.53785 2.20546 0.06295
-3.06393 -0.67262 1.76712
-1.22257 0.74794 0.19091
-0.44112 -0.01855 1.18804
-1.10239 0.18788 -0.65477
-2.30438 0.23865 -0.33435
-0.74747 -0.257 -0.22335
0.81131 1.24374 0.34708
0.00717 0.21532 -1.21517
-1.46021 0.51951 1.39877
-2.55938 0.15535 -1.28643
-1.45935 -0.16713 -0.70869
-3.36996 -0.77488 0.08506
-4.33875 0.19252 0.29041
-4.03322 -1.02197 1.44633
-3.96521 -1.50562 0.14224
-4.59298 2.31854 -1.0981
-2.83788 -0.4848 0.09088
-2.32234 -0.98436 -0.23696
-1.71083 0.68749 -0.79107
-1.27646 0.39464 1.75242
0.22863 -0.15333 2.18839
-1.39885 -0.15353 2.70063
-0.49977 0.71317 1.64127
-1.40076 -0.30858 -0.24969
1.46057 0.05863 1.62159
1.73077 1.43638 0.52827
3.25646 0.16686 1.46911
3.62112 -0.15904 0.92304
3.50503 0.00253 2.53032
2.97501 -0.1409 1.90026
3.18033 0.34772 -0.09543
3.96464 0.33297 0.87951
4.59025 -1.37603 0.17071
4.72941 0.12197 0.46022
4.82525 -0.36711 -0.91752
5.925 0.98004 -0.18988
4.87131 -1.01539 -1.57993
3.59735 -0.70996 -1.44392
3.80344 -1.25503 -1.77672
5.38785 -0.78798 -1.8226
5.90887 -0.73057 -0.47008
6.25079 -0.0422 -0.69922
4.39445 -0.45649 -0.84782
4.24863 1.65245 0.32197
3.7375 -0.74395 1.07188
6.18236 0.46005 2.17746
6.30948 1.17867 0.67557
6.81689 0.04316 0.07559
7.64007 1.4026 0.07901
7.83481 0.3503 -0.57604
7.61326 -0.4737 -2.29412
7.80581 -0.19292 -0.70188
7.65067 -0.21013 -0.92471
7.01621 -2.24445 -0.36843
5.67527 -2.61804 -1.32876
4.46514 -1.25224 -2.47508
4.03616 0.82962 -1.10433
5.20404 0.33628 0.75729
4.06123 -0.79952 0.3389
2.67714 -1.4482 -0.60204
2.7142 -0.87371 -1.66647
2.25956 -1.53702 -0.81687
1.1913 -1.33518 -1.05328
1.48824 -0.97432 -0.93892
1.64886 -0.88943 0.16548
1.09236 -1.0641 1.22282
1.233 0.23887 -0.12035
-3.18621 0.86817 0.17309
-2.95433 -0.14679 -0.82112
-3.41185 1.89351 -0.9102
-3.00389 1.55448 0.55978
-1.08101 0.38666 1.62299
-1.6315 -0.85094 2.50275
0.02796 0.3999 1.08527
2.87902 -0.47094 0.88816
2.82442 -0.26126 -1.27708
3.07239 0.44227 -2.60427
2.68494 -0.74567 -2.21353
1.94605 -1.49602 -2.68563
3.19652 -0.01214 -0.154
4.42149 -1.48186 -1.08915
4.00182 -3.74805 -0.43988
3.62515 -2.97465 -0.75254
1.45049 -0.28038 -0.39115
0.75923 -1.11044 -0.45925
0.82495 0.52275 1.04938
-0.76942 -0.95215 0.95365
-0.75923 0.58806 -0.75768
-0.26845 -0.80644 1.27079
0.38618 1.92945 -0.19712
1.15357 -1.26028 1.23803
2.40819 -0.41852 -0.80651
3.16519 2.18689 -2.23756
3.03807 1.09831 0.36944
3.15986 -0.49772 0.06262
3.53963 -0.54922 0.61477
2.89301 0.3568 0.134
4.72497 0.74257 0.78964
5.33378 -1.21955 1.08419
4.10359 0.20584 -0.69384
4.46589 0.07598 0.80819
3.68313 -0.30856 0.83817
3.36278 0.15422 -0.28018
2.75557 -1.61961 0.94948
1.65193 0.16374 1.84276
4.05282 -1.067 -0.77214
3.78972 0.07073 -2.83561
5.65838 1.64054 -2.40322
5.14795 -0.05487 1.47388
5.25395 -0.45418 2.08434
5.90944 0.97157 0.35914
5.92104 1.17956 0.9438
4.24634 -0.068 0.54441
5.28252 0.36942 1.80676
5.4846 0.49919 0.79784
6.9687 -2.42202 -1.77874
7.16333 -0.20889 -3.46506
5.29018 -0.14562 -0.30811
5.75485 -2.08692 -0.19225
6.71348 -2.72042 -1.02183
4.79993 -0.95016 -1.8414
