-0.16831 -2.27519 0.07527
-1.49377 -2.36122 0.85974
-2.98922 -2.22431 -1.51414
0.47898 -3.4776 -0.84121
1.63617 -4.55315 0.80123
0.98059 -4.23932 1.31634
0.95576 -1.95399 0.49744
-1.40784 -1.0223 1.14672
-1.02354 -0.96562 0.68619
0.45253 -0.04085 1.37472
0.73102 -1.24105 1.21102
-0.17381 -0.59671 0.62654
-0.66332 -1.08776 1.37948
-1.3051 -1.96727 0.14543
2.1193 -2.09265 -0.3557
0.34747 -0.93574 1.41448
0.45682 0.77021 -0.63144
1.42954 1.00129 -0.80458
1.06127 2.11686 0.05616
-0.76323 2.39823 -0.02964
0.57069 2.84478 0.99207
-1.05203 2.1669 -0.328
-0.05393 1.77187 0.05849
-0.29801 0.99933 0.48802
-0.39431 0.73023 0.50174
0.5753 0.09004 -0.89757
0.23483 -0.52213 -1.3134
2.64518 -0.50205 1.73904
-0.37533 -0.69208 1.07228
-0.22284 -2.08369 1.22449
0.68348 -0.65426 0.12043
0.00494 -0.03453 1.90932
-1.33924 0.65242 1.56807
0.1963 -0.17969 -1.00757
0.29819 -1.39049 -1.01974
-0.59482 -0.91337 -1.17387
1.17936 -3.20504 -0.66282
-0.4529 -1.1877 1.10999
0.28219 -1.74092 1.59188
1.40986 -2.00541 -0.22382
0.01652 -1.86376 0.25528
2.0899 -0.38676 0.7096
1.60298 1.04024 -0.17578
1.69017 -0.12303 -0.14108
-0.19269 0.92607 -0.91817
-2.38434 2.48177 -0.56221
0.8736 2.78568 -0.437
-0.36469 2.97518 0.00878
-0.34327 3.53194 0.33619
0.15407 5.3838 -1.72573
-0.86124 3.42427 0.09466
0.15696 2.92927 -0.43798
0.75122 3.44024 -1.43623
-1.93203 0.2753 0.65032
-1.41761 -0.21452 0.25408
1.15278 0.6403 1.55315
-0.15181 0.13601 0.91292
0.32201 0.503 -1.20702
0.17143 1.39087 1.92235
-1.23948 1.01003 0.82855
0.04955 -0.47261 -1.20241
1.32127 -1.9874 -0.02827
-0.96055 -1.32566 0.63389
-0.82114 0.78351 1.07814
-0.68109 0.46558 1.36221
-0.57651 1.12408 1.79522
1.19865 -0.24801 0.747
0.36695 0.52801 1.65186
1.85227 0.94177 -0.7591
-0.41309 2.6642 -0.36775
-0.52349 0.35748 0.58376
0.25645 2.24085 -1.25369
0.649 3.42266 -2.32949
-0.98795 3.71147 -0.03644
-0.19671 3.08734 -0.73949
0.38812 2.42448 -0.19513
0.79516 -1.20077 -1.5393
-0.66787 -1.59947 0.70884
-1.75239 -0.67534 1.04978
-0.93555 0.73596 0.02474
2.21216 0.46994 -1.2453
1.77284 -0.97455 -0.99778
-0.20722 -0.70102 -0.79136
-0.1633 0.87151 -0.04197
1.57544 0.36205 -0.05629
-1.81828 -1.05363 0.94925
0.0033 -1.22291 -1.15446
0.43862 0.44405 -0.11482
1.02949 -0.4301 -0.94847
-0.79848 -1.16582 0.84819
-0.34894 -0.96507 0.0281
0.2299 -0.4187 0.3056
-0.18534 0.69022 -0.0561
0.73734 0.52286 0.38641
0.75645 0.06449 0.27039
-0.1809 1.89661 2.24151
2.41573 1.49833 1.68451
-1.12365 1.63023 0.59354
-0.53847 0.57421 -0.91876
0.33923 1.16672 -0.56076
0.63348 1.3519 0.53506
1.15906 1.30492 -1.28197
-1.4132 -0.78732 -1.6284
2.36727 -0.25637 -0.39102
-0.31599 0.08953 0.19394
1.02244 -0.527 -0.33979
1.16602 -1.08343 0.2353
-1.48695 -0.70954 -0.92349
1.17105 -0.61888 0.0049
-0.35561 0.67294 -0.10743
0.74098 -1.09778 1.10687
0.46415 -1.45181 0.52971
-0.83317 -1.08669 0.91332
1.60559 -1.41533 2.4029
0.9142 0.73138 1.36164
0.20246 -0.54841 -0.52852
0.07711 1.3325 0.31118
0.07751 -0.96185 1.08794
-1.00632 -0.07439 -0.13741
1.11871 -1.08588 -0.91215
-0.5181 -0.11422 0.13228
0.32878 -1.69559 -0.91006
1.06377 -1.06148 -0.25547
-0.14718 -0.75022 -1.62433
-0.39263 0.68496 -0.60347
0.1862 0.74253 -0.55203
-1.34787 -0.46445 0.21738
2.4174 -0.54937 1.44326
-1.31205 -1.70389 -0.3731
-0.42219 -1.31368 1.03296
-1.08446 -1.92304 0.78542
-0.89542 -1.518 0.89513
-0.93144 -1.52313 0.58167
-0.88099 -1.3434 0.1145
2.35128 -0.25562 0.82081
0.61354 -0.86845 1.17134
-1.31089 -1.77922 1.97485
1.51332 -0.8126 -0.84262
0.47806 1.60882 -0.61036
-0.13345 2.94789 0.38458
-0.60732 2.72315 0.68454
-0.02655 1.26585 3.02006
-0.58581 2.40845 0.96654
-0.69795 2.40343 -0.43428
-1.1332 2.24632 -1.85038
-0.59977 0.83437 0.22761
1.56619 1.05376 1.36629
1.05985 2.00968 -0.46344
-0.15924 1.75765 0.76557
1.20139 3.32588 0.47138
