1.58737 1.2889 0.33046
0.63409 0.00656 -0.75691
-0.87892 0.35052 -1.52384
-0.01066 1.73752 0.26402
0.72144 1.41598 1.28819
-0.78746 1.10556 1.99333
0.55559 -1.15629 -0.02641
1.08602 1.24695 -0.29071
0.65876 -0.72751 0.48474
0.22388 0.22257 -0.93398
-0.18685 -0.00679 0.1933
0.56481 -0.93894 0.27079
-0.55021 -0.28902 0.43191
-0.4986 0.5425 0.90498
-1.48434 0.8363 1.32594
0.34582 1.05351 0.49517
-0.05982 1.70314 1.14728
0.99898 0.92066 -0.33515
-0.22087 -1.07621 0.63508
1.21236 1.21956 -0.88083
0.15937 0.44092 1.75652
-0.51138 1.66615 0.78821
-0.84074 -1.75876 1.08121
0.02238 -0.94448 -0.51804
0.72838 -3.14981 -2.36552
-0.62695 -1.86078 -0.28893
0.07587 -1.78312 -0.34228
-3.39279 -0.24267 0.46784
-0.67408 -1.7488 -0.67326
-1.36421 -0.98833 -0.53976
-0.5704 -0.82729 -1.80852
-1.62158 -0.30478 -0.61642
-0.91442 -2.14929 -0.06896
-0.34598 -0.18526 -0.20024
-1.13503 1.55514 0.23014
-0.86323 0.9014 -1.43332
-1.62522 -0.46036 -1.20206
0.51701 -1.53413 -1.13351
-0.03542 -0.5506 -0.44806
-0.23366 1.15822 -2.12197
-0.95221 1.84871 -1.46651
-0.26289 -0.544 -1.32432
1.53136 -0.18416 0.09117
1.34859 0.26076 -0.20355
2.00723 1.66883 0.18288
0.95168 -0.28361 0.29339
0.04252 0.93821 0.17044
-0.42566 0.57446 1.34603
-0.13377 0.92166 0.40676
1.04765 -0.12427 1.6384
1.28927 0.21151 0.28763
1.55185 1.46876 0.82394
1.25332 2.62432 -0.20956
1.959 2.02041 -0.02095
2.89726 1.28095 -0.91044
2.74117 0.37744 0.62812
1.05303 2.50453 0.19387
1.37823 1.07886 -0.01996
2.21261 0.20734 0.90278
0.85639 0.76897 1.5802
1.7603 1.17341 0.35934
0.5819 1.34289 1.13324
0.35674 -0.99061 -1.11391
0.58404 -0.44155 -0.47661
0.93422 -0.55567 2.21578
-1.29174 0.5947 1.33678
-1.74266 1.58651 0.06807
0.98039 -1.44002 0.59865
0.767 0.69158 0.7295
0.27654 -0.4541 1.1641
0.30013 -0.21048 -1.41245
-0.08262 -0.0385 -0.88741
-1.10412 0.30273 1.15749
0.64531 -0.16482 0.77319
0.84213 1.30104 -0.98159
0.42546 0.77865 0.07621
0.7116 3.30385 0.86746
-0.07321 1.78248 -1.5113
0.59176 0.84583 0.6272
1.72095 1.24061 0.74239
1.3669 1.98509 -1.07777
0.92502 3.39008 0.17441
-1.27509 0.78128 -0.92212
-0.54345 -0.43541 -1.14502
-0.57266 -0.05883 -0.23
1.72754 1.04248 0.81925
0.44029 1.78206 0.01811
-0.21172 1.50094 -0.09584
0.09704 0.68015 -1.95346
1.82018 0.43882 -1.12932
0.55341 0.043 0.52098
-0.95243 1.35889 -0.30705
0.40951 1.39194 0.13867
-0.10631 0.69356 0.94726
0.5993 -0.1237 -0.0812
0.78962 -0.5271 0.54187
-0.04585 0.02504 -1.81892
-0.91992 1.01014 1.42755
-0.85415 -2.70229 0.15977
1.53004 -2.56511 1.5437
0.963 1.39728 1.80861
0.41689 1.60906 -0.16308
0.23007 0.5296 0.9618
-1.21651 -2.25536 -0.9869
0.0048 -1.93807 -2.46154
0.63525 -2.77721 -1.50871
1.84255 -0.96991 -1.55237
0.70743 0.13861 1.05759
-2.36669 0.55127 0.78686
0.38146 -1.95143 -1.10755
-0.6673 -1.4791 1.22841
-0.30756 -2.36016 0.82328
1.08287 -1.75764 1.12598
-0.46358 1.72819 -0.58801
-0.04188 0.41173 -0.34031
-0.83016 -1.16369 0.66603
0.29701 -0.27427 1.24527
1.06145 1.38152 2.64516
0.25636 -1.47257 -0.23769
-1.94982 -1.11898 0.21576
-0.79218 -2.09805 -1.57852
-1.2835 -0.09202 -1.4293
-1.43007 0.07393 0.17579
-2.54724 0.5591 1.81272
-0.63663 -0.12321 -0.21511
-0.07616 0.71539 0.89079
-0.22102 1.27427 -2.15875
1.61891 3.20496 -0.17804
-0.00177 -0.01087 0.2168
-0.77831 -1.66145 1.04319
-1.04567 -3.87975 1.02087
-0.04151 -3.30532 -0.1269
-0.43608 -1.64476 1.77595
-2.9735 0.49915 -0.39753
-2.2695 1.1807 2.69376
-1.92442 -0.28331 0.31817
-1.86462 -0.91249 -0.39959
-1.36299 -0.17356 -0.71778
-2.02753 0.55307 -1.2587
-0.42531 -2.96124 -0.39192
0.50664 -1.03347 -0.30424
-0.85315 -1.13764 -0.07282
-1.8531 -0.95577 0.25425
-1.93388 -0.90955 -0.02867
1.1737 -1.13822 -1.5941
-0.20616 0.36998 0.50448
-0.71468 0.0755 0.6782
-0.54758 -0.7217 0.15491
-0.3985 -0.57662 -1.43159
1.52437 1.38779 0.80742
