-0.08515 -0.25646 -0.07878
0.16545 -0.38713 -2.16209
0.05677 1.00965 -1.80368
0.05385 1.19143 -0.88572
-0.44354 -0.07409 0.44273
-0.81607 -0.43081 -2.00143
-0.97987 -1.3757 0.50832
0.40018 -0.13877 0.80066
-0.67085 -0.05068 2.32613
0.84298 -0.12019 -1.04845
0.28098 -0.46247 -0.1407
-1.2242 -2.54106 -1.38445
0.11159 -0.17628 -0.85973
0.00704 0.42745 0.65483
-2.01209 0.67249 0.95572
-2.58441 -0.14209 0.10829
-1.41662 -0.16215 1.27674
-0.95508 -0.20342 -0.2007
-0.83581 1.11967 -1.74991
-1.95265 0.55558 -1.01448
-0.77519 0.00413 -0.14133
-0.27666 0.04499 -1.25653
0.31395 -1.77541 -0.14659
0.37641 -0.42859 0.11983
-0.76385 -0.41581 -1.10146
-1.89181 0.76055 -0.019
-1.78762 0.73618 1.3324
0.76211 -0.2834 1.4772
0.30824 0.4599 0.86893
0.11318 1.08697 0.14541
1.54514 0.63409 1.30571
2.26158 1.00429 1.1694
-1.2152 -1.20553 -1.90476
-0.54927 -1.22816 1.49941
-0.20282 -1.81843 -0.65015
-0.42012 -2.10292 -0.07615
-1.68949 -3.07542 -1.7122
-0.57171 -0.03335 -0.78134
0.55165 -2.1101 -1.14579
-1.06763 -0.45084 -1.95007
-0.4405 -0.15868 -0.19389
-0.16521 0.25437 -1.71367
-0.25034 0.35338 -0.9901
0.09163 -1.11955 0.9875
0.4073 0.06126 1.26543
0.26521 0.54182 0.32256
-0.06168 0.5949 0.15526
-0.23622 2.00371 0.6033
0.5758 -0.56603 -1.19838
1.38224 0.97853 -0.28075
-1.03583 1.89787 -0.49806
-0.01148 1.6426 2.89799
0.09913 0.32249 0.80905
1.65921 -0.68681 0.68966
-0.12298 0.577 -1.3628
0.69693 2.11739 0.58202
2.05657 1.48 0.39279
1.32399 0.21534 0.0774
0.35751 0.5536 -1.00859
0.07503 0.63216 0.80702
-0.70875 1.42082 -1.28818
0.66574 0.33411 -0.94602
-1.28055 -0.22543 3.01611
-0.36152 -1.69138 0.42941
0.09171 1.82766 0.85848
-1.04472 -1.15627 -2.85019
1.22879 -2.05084 -1.60102
1.94199 -1.73333 -0.8105
-1.20868 0.89029 -0.46839
-1.64232 0.87591 0.12853
0.37839 -0.25505 2.04447
-0.60416 0.49145 0.54043
-1.11988 -1.32816 -0.24253
0.5305 -1.18438 -1.45481
0.41563 0.1001 -1.84178
0.31165 -1.27166 -0.4646
-0.67159 1.02606 1.19926
-0.57449 2.05728 0.66093
0.57697 -1.14448 1.00891
0.31068 -0.12715 -0.07948
-0.30408 -0.24597 0.12383
0.25151 -0.4767 1.23442
0.98428 -0.63339 2.12958
-0.03108 -1.00176 -0.92191
0.25775 0.29422 -0.22154
0.03312 -0.41603 1.80005
2.26759 -0.76422 -1.76031
0.51875 -1.37905 0.89997
-0.1746 -1.01033 -0.31094
2.14677 -1.79205 0.71706
-0.20839 1.06355 1.55275
-0.37358 0.61007 0.06543
0.43402 -0.21674 0.97887
0.23498 -0.27502 0.54438
-0.71229 0.69123 -0.74496
0.36454 0.95825 -0.04707
0.35361 -2.53521 1.2531
-1.57446 -0.18272 0.25324
-0.70278 -0.46768 0.1611
0.58551 -1.05558 0.47996
0.17266 -0.61501 0.1433
-0.66595 0.30199 -2.22182
-1.64318 1.41719 1.05085
-0.47574 -0.00104 -0.84811
0.00092 -1.08443 -0.65024
-1.48752 1.93573 -1.0392
-1.35653 -0.20054 0.9978
-0.75153 -0.45798 1.76509
-0.00041 -0.12638 1.70465
-0.20473 -1.06419 -0.30034
-0.77369 -0.90791 0.7829
0.30901 -1.4054 -0.54674
1.00148 0.81069 -1.66982
-0.37531 0.14044 -1.51002
0.51958 0.13543 1.75696
-0.62609 -0.79581 0.13265
-0.24335 1.12198 -0.78643
-0.94961 0.73354 -0.69353
0.31136 0.40897 -0.62704
0.99696 1.66493 1.06255
1.38096 -1.14526 1.29201
-1.66206 -0.62685 1.033
-0.87833 0.05599 0.63606
-1.05841 -0.71543 -0.12532
-1.39497 -0.44539 0.86746
-0.27856 -1.7002 2.1939
0.75843 0.99699 -0.71206
-0.41211 0.00149 -0.89272
-0.42082 0.45753 -1.23792
0.94164 0.69753 -1.37168
-2.47739 1.6111 0.28711
-0.27233 0.08898 0.64373
0.59058 -0.25684 0.34921
-0.50041 0.00033 -3.37098
-0.74197 0.3827 0.09205
-0.37299 0.48202 0.79493
-0.24759 0.23019 0.94757
-0.08789 0.24454 -0.33212
0.89452 -0.39333 0.67429
-0.23878 0.26641 0.83869
-1.02125 -0.68372 -1.13244
-0.86338 -0.67051 -0.42455
-1.11518 0.34818 0.26759
0.55749 0.28445 0.27791
-0.33704 0.48207 0.92625
0.71305 -0.80864 3.07564
0.31747 1.19887 0.99714
1.57497 1.11618 0.17989
0.49297 -0.88823 -0.26524
1.57119 -0.27049 1.19804
