1.19138 -0.52748 0.51222
-0.14469 0.30254 1.03169
-1.44199 0.37202 0.01133
-0.9011 1.59215 0.85071
-0.4369 3.03639 0.17558
-0.17178 2.31611 -0.80977
-0.6637 0.19164 -1.42688
0.04736 0.4584 -0.42082
-0.76723 0.90824 0.31186
-0.72234 -0.86789 0.51121
0.63989 -1.1746 1.10518
-0.00081 0.05955 -0.78028
-0.0567 -1.55663 0.38051
-1.50925 -0.72075 -0.32772
-2.5047 0.75749 0.82747
-0.63587 1.29287 1.29204
-0.85808 1.32809 0.01852
0.5251 -0.18099 -0.12527
0.80762 -0.28749 0.6695
2.3739 -1.75952 -0.19992
3.85219 -1.54186 -0.59774
2.16541 -1.35322 -0.02914
2.00875 -0.54075 -0.04246
1.35437 1.25391 1.74948
2.23366 2.61715 2.15454
2.61949 3.59261 0.61636
0.90113 3.5222 -0.98692
-0.01171 2.77561 2.30925
-0.32131 1.3501 1.6487
-0.7515 2.15289 0.25074
-0.97937 1.78039 -1.69544
0.19235 0.64324 -0.40033
-0.54175 -0.61429 -0.48284
-1.03972 1.08964 -0.33544
-0.96464 0.95171 0.53006
-2.91005 0.94798 -0.84752
-3.0824 0.60132 -1.49029
-2.68488 1.90392 -0.0131
-0.2156 1.55059 -0.77777
-0.83554 0.44089 -1.84162
-0.05192 -0.36368 0.99127
-0.22628 -0.4757 0.3165
-1.04638 0.22095 -0.99606
0.62842 0.13219 -0.68654
-0.82227 0.89985 -1.68755
-1.02011 1.6968 -0.86376
-2.50313 1.4264 0.6294
-1.38666 2.13089 -0.70934
-1.53852 1.89149 0.50841
-1.79899 0.2899 -0.62877
-1.64559 -1.25361 0.33082
-1.23125 -1.99665 -1.36496
-0.38513 -2.14645 0.81682
-0.3642 -3.85651 -1.90105
0.37253 -2.83385 0.22549
-1.55814 -3.12523 -1.41012
-1.55971 -1.51597 0.10393
-1.02082 -1.95859 -0.05052
-1.56616 -1.14495 0.76341
-0.58401 -1.30632 1.0328
0.25536 -0.02566 -0.3792
-0.26502 0.31886 -1.19173
-0.50836 -0.50511 0.39341
-1.39242 -2.20703 -0.33013
-1.41263 -2.93692 -0.57356
1.95458 -2.87683 0.65222
1.99881 -1.40488 0.42738
1.18943 -0.2661 1.2908
0.92214 1.68258 -0.83787
0.48912 1.56554 -0.52737
-0.39804 1.1992 -1.16728
0.98619 1.20991 0.44228
-0.75033 -0.3809 0.46373
0.03062 0.60184 -0.25062
0.22505 1.12486 0.2628
0.52392 0.24213 1.8658
0.87571 0.34965 1.77865
-0.77991 -1.33833 1.23816
-0.22029 -1.55776 0.56468
-1.53478 -1.89144 0.18973
0.31011 -1.60401 1.00183
0.16045 -1.08694 0.56908
-0.02339 0.08173 -1.12938
1.6662 2.48197 -1.63415
-0.41889 2.98921 -0.97857
-3.0506 2.11456 -0.09344
-2.02564 1.60453 -0.46901
1.13798 1.19827 0.36584
-0.97397 1.74698 -0.10007
-0.07216 -0.18623 -1.26034
-0.16418 -1.69082 -0.10059
-0.52617 -2.29448 0.84055
-0.78592 -3.18326 -0.31131
0.18588 -2.37525 -0.78221
2.39086 -4.89523 -1.09045
0.97828 -5.48918 -0.28963
1.00882 -3.23496 1.55998
-1.20528 -1.06242 0.52278
0.47494 -0.20251 1.12063
2.24896 -0.79336 -0.0328
1.24975 -0.5686 -1.1136
0.93947 -0.97066 0.24967
0.7019 -0.56716 0.96809
-0.35089 -0.88159 0.91884
-0.56303 -0.21221 -0.73345
0.66042 0.38735 -0.69512
1.3878 2.80187 0.18487
0.25984 2.05917 -0.74347
-2.62905 1.73841 0.6105
-2.41324 1.65181 -1.36945
-3.07437 2.53508 0.25675
-1.48522 0.91621 0.00653
0.38662 0.28187 -0.44891
0.40437 -0.95821 -0.75118
-0.19384 -1.46668 0.22741
0.36317 -2.07463 -0.68927
1.14683 -0.13329 -2.64614
0.30468 1.41155 -0.68581
-0.00877 -0.16348 0.99227
-1.00976 -0.54712 1.60447
-2.08811 -0.15588 0.07164
-2.83205 -2.66472 -1.17382
-2.97275 -3.47038 -0.14582
-0.70145 -3.11715 -0.77322
-1.57022 -4.50235 0.72937
-0.66343 -5.16606 -0.72449
-0.91394 -6.83259 -0.83508
-0.18265 -6.56361 -1.07569
0.96069 -4.87868 0.5506
-0.33563 -4.62694 0.48451
1.32501 -3.69297 0.57724
0.88296 -3.82444 -1.65226
0.46238 -3.37628 0.23606
2.25015 -3.19674 0.62606
0.82296 -1.75258 -1.97699
-0.77732 -0.50051 0.25226
-0.02354 -0.61053 -1.39468
-0.05206 -0.5447 0.01336
-1.127 -0.59738 1.12412
1.38645 -0.61467 1.25188
0.78492 -2.15225 0.11756
1.53202 -1.15985 1.26452
1.12983 0.53526 -0.42443
-0.43895 0.47081 0.83025
-0.1187 1.84257 -0.15731
-0.44028 2.38322 -0.07571
-1.29328 3.30053 -0.14274
0.50605 3.22538 0.63734
-1.66462 2.94899 -0.22634
-1.89924 1.9139 -1.1476
