-1.04782 1.26833 -0.33544
1.33312 1.09005 -0.52401
0.24988 0.74925 -0.08459
-0.19215 0.48535 -0.84541
-0.0524 0.94445 0.59328
-0.0618 -1.94739 -1.83771
-0.33897 -1.82162 0.45532
-1.3566 2.13717 0.8127
1.41754 -0.0169 1.10314
-1.02672 -0.43555 -2.28223
-0.01977 1.20264 -1.30935
0.34879 0.75932 -0.40371
1.33441 0.31094 1.26648
0.82592 1.39687 -0.88206
1.46041 -1.66568 0.06346
-0.54513 -0.21248 0.79297
1.02663 -0.05939 -0.64457
-0.97494 1.6152 0.61425
0.98924 -0.41031 0.51429
-0.62663 0.29854 -1.42313
-0.57155 0.57556 0.78642
0.49124 1.02405 -1.5714
-0.23876 -1.15888 -1.45237
0.40147 -0.06171 -0.93134
0.85647 -0.38029 1.70151
-0.46068 0.27713 -0.11821
-0.46135 -0.55537 0.18235
1.12585 0.66414 0.13935
0.93404 -1.00467 -0.01158
0.5864 -0.34248 -1.1889
-0.29492 -1.03621 0.12697
-0.52624 0.33555 -0.84862
0.40962 -1.71449 0.13171
-1.28927 -0.07478 -0.22046
-1.01792 -1.50986 -0.02989
-0.33103 -0.48821 -1.60102
-0.35611 0.24256 -0.87593
0.14586 0.8638 0.55172
1.99177 1.68658 -0.55238
0.61705 0.30204 -0.31463
-0.91683 -0.40764 0.70914
0.12123 0.05966 0.55801
-0.91959 -2.18743 1.02625
-0.71501 -1.76509 -0.02472
-0.44059 -0.89982 -0.80418
-2.2205 -0.26979 -0.08114
-0.15739 -1.07575 -0.56951
-0.11276 0.25539 -0.47634
0.00913 0.7778 -2.62175
1.80889 0.32305 -0.65524
0.48347 -0.99006 -0.18098
-0.11173 -0.9735 -0.72724
-0.34054 -0.52729 1.07448
0.01287 0.39337 0.90938
-1.00497 0.23503 1.15313
-0.93955 0.70521 -1.39309
0.93201 -0.33924 -0.12057
-1.82441 0.8525 0.57939
-0.28481 0.33765 -1.01218
-0.39321 0.21019 -0.46835
-1.4247 2.06455 0.70699
0.54685 -0.5426 0.35871
0.91074 0.69892 0.56258
0.2608 -0.44239 0.15444
-0.89736 -0.84716 0.27771
-0.80748 3.02622 1.2736
-0.15645 0.90917 -0.15933
1.27823 0.33275 -0.00091
0.93251 0.82096 -0.69541
-2.77965 1.78845 -0.60534
0.18895 -0.03352 0.58942
0.56595 0.39585 0.05699
0.48038 -1.09462 -0.58386
-0.32504 -1.75058 -0.04541
-0.84612 -0.80658 1.05356
-0.08018 1.36426 0.41853
0.99801 -0.31095 1.34232
-1.29523 0.39553 -1.36831
-1.11337 -0.71549 -1.62948
-0.73085 -0.98566 1.30515
-1.10418 0.85571 0.0095
-1.04435 -0.30663 -0.55573
0.86826 -0.81 -0.27168
0.21062 -0.15943 -0.496
-0.30669 -1.17092 -0.46341
0.54364 -1.1579 0.01064
-0.20444 0.28565 1.22213
0.73619 1.24948 0.50329
0.15461 -0.10576 0.27615
-0.49025 0.02918 -0.08826
-0.22122 1.0031 0.64961
-0.79687 1.77064 0.2193
-0.28142 -0.53824 0.98487
-2.21667 0.25657 -0.78365
-1.80956 -0.30066 -0.67169
-0.88158 0.52714 -1.11506
-0.41031 0.70377 -0.3518
-0.1695 0.0092 -0.35871
0.75558 0.54323 0.50757
0.35644 1.36535 -0.83571
-1.33148 -0.42687 -1.46421
1.15685 -0.58775 0.88168
-0.13797 -0.45726 -0.98109
-0.27919 -0.46654 -0.8797
-1.66818 0.84234 -0.95377
1.67511 -0.9884 -1.04627
-0.23397 0.4868 0.53629
0.35877 -0.33811 -2.60217
1.01277 -0.95429 0.17007
0.25728 0.74599 0.95918
0.46923 0.86183 1.15629
0.59033 -0.15405 0.1
0.21611 -0.12906 0.73485
-0.35172 0.18228 0.97984
-0.37273 -1.03585 1.69706
1.50403 1.01708 0.06645
0.62439 1.18444 0.96508
2.78537 0.96462 -0.96706
1.63108 -0.2389 0.76002
1.80835 1.6728 -0.59623
1.20654 -0.51326 1.03982
-0.4534 -0.2599 1.76007
-0.19236 0.31026 3.15603
-0.33884 1.15178 -0.10928
0.20587 -2.91551 0.06856
-0.06543 -1.78525 -2.72948
0.29117 -1.18573 -1.36642
0.60003 0.49056 -0.17853
0.31913 -1.37703 1.96691
-1.48281 0.03121 1.51053
0.42204 1.20922 0.74246
0.50711 -1.28177 0.29275
0.8277 -0.88094 1.16923
-1.04424 2.2842 1.70213
-0.13235 2.06742 1.40488
2.08648 0.7723 1.18019
0.36214 -2.07687 1.95246
-0.13245 -0.53396 1.79101
0.57033 -1.91989 0.79368
0.61174 0.45647 -0.10191
-1.1512 -0.32473 -0.64881
1.40073 -0.58173 -0.86945
1.07701 1.6497 -0.13067
1.87214 0.19256 -2.03971
1.56168 -2.25703 -2.08601
0.9321 -2.18047 0.81986
-1.29722 1.19199 -1.18656
-0.19506 -1.41945 -0.44905
-0.03141 -0.23641 -0.25346
-0.83582 0.51684 -0.17285
