-6.31879 -3.33889 0.57388
-6.39055 -4.84499 0.25654
-6.208 -4.9864 -0.37558
-6.42465 -5.82555 0.89274
-7.0828 -5.09601 -0.98971
-7.76631 -3.75125 -2.17293
-7.68967 -2.8978 -1.1984
-8.76781 -2.73344 -1.09694
-7.39075 -2.81572 0.55195
-5.11071 -3.00416 -0.73453
-6.13358 -2.80205 -0.2805
-3.95534 -3.39163 -1.69419
-4.07952 -3.98365 -0.25895
-4.27917 -2.91727 0.27277
-4.58461 -2.6551 0.68554
-5.93134 -2.48916 0.60547
-4.78437 -3.43413 -1.15751
-5.41128 -3.97647 -0.51243
-4.80175 -4.18884 -0.39908
-4.5786 -3.77279 0.58821
-2.64687 -2.85475 -0.64507
-1.53082 -3.92464 1.31535
-1.17463 -4.01584 0.47452
-3.37249 -4.36914 -0.76373
-3.48511 -4.55486 -0.75436
-3.69536 -3.50564 -1.04488
-6.27242 -3.91261 -0.55767
-5.87471 -3.94769 0.07052
-5.69372 -3.91765 -0.31799
-5.19918 -2.53421 1.15551
-4.05626 -2.61951 0.22397
-4.74662 -2.90947 0.9229
-5.00791 -3.84154 1.65113
-4.77694 -3.10109 0.28146
-5.49763 -2.16151 -0.15526
-3.38487 -1.4107 -0.05639
-3.31977 -2.59882 0.03343
-5.39065 -2.22382 0.80658
-5.55489 -4.27711 2.14817
-6.46619 -3.49565 1.46956
-6.43979 -3.53034 -0.33369
-6.00064 -1.70301 0.41286
-3.82693 -1.25974 0.28336
-3.98985 -0.85414 -0.18584
-1.6247 -2.69528 0.26682
-2.12909 -2.27182 -1.55771
-4.39049 -2.25837 2.58019
-3.88458 -2.76021 -0.22525
-1.93924 -3.36606 -1.50337
-1.62966 -2.75033 -0.24037
-2.78401 -2.93852 -0.49426
-2.58372 -4.07792 -0.05062
-2.66114 -3.53057 0.8964
-3.78759 -3.68105 -0.29527
-4.78927 -4.91375 -1.5881
-4.43008 -4.00354 -1.01521
-4.22373 -4.77076 -0.27596
-4.86089 -4.48246 0.35453
-5.23362 -4.35685 -0.46748
-5.1668 -3.24243 1.56235
-3.04054 -3.93697 1.36912
-3.02496 -1.88401 -0.24787
-2.74533 -2.04426 0.93114
-2.68142 -0.4566 1.71155
-2.77694 -0.85721 1.87011
-1.16216 0.0295 1.08673
-0.01938 -0.18537 0.50048
0.51467 0.73364 1.37406
1.95446 2.52147 0.1137
-0.42991 3.24632 0.39326
-0.71543 2.3863 0.12062
-0.56859 1.55579 -1.28474
1.15571 0.93604 -0.55374
-0.50354 0.06696 1.23835
-0.00764 -0.04102 0.73823
-0.90672 0.24629 0.6978
-0.48079 0.36401 -0.14641
-0.91777 0.00032 0.25316
0.24795 2.67186 -0.27829
0.45693 2.33702 0.56975
0.54116 2.20715 0.20031
-0.51981 3.39239 -0.32664
0.21507 3.52049 -0.34054
0.77099 2.32485 -1.24254
1.72666 2.82888 -0.89501
1.95383 3.40421 1.56632
2.76974 2.52539 -0.09997
1.92452 3.32486 0.09254
0.00469 4.0445 -1.91702
-1.31377 3.63813 0.42667
0.82505 3.66991 -1.93402
2.02872 2.74867 0.02233
3.41634 3.43611 -0.41539
3.73759 2.46949 -0.35399
3.6686 2.34398 0.27217
4.01709 2.67069 0.25839
3.13818 2.6319 -0.58115
2.08061 4.32955 0.11129
1.48356 4.46569 -0.68274
2.1682 4.09005 -0.57154
2.66649 3.87638 -0.84683
3.47741 4.00732 -1.2256
1.93618 1.73498 -0.23755
2.2399 1.94283 -0.69853
1.90248 1.63406 -1.74092
1.63751 2.81357 -0.30464
0.2014 2.86148 1.17468
1.57294 3.50784 2.02982
2.47443 2.94402 -0.57421
2.86023 1.81249 -0.08245
3.43367 0.34463 0.64632
3.39809 0.52828 -0.58534
1.8508 2.88614 1.2839
0.45858 2.15103 -0.41662
0.92014 2.85302 -1.90066
-0.10133 4.22249 0.58768
-0.55757 3.22455 -0.65734
0.11517 3.17475 -2.23245
0.77664 3.70678 -1.47469
1.58545 1.69349 -2.07926
1.262 3.36281 0.37543
2.15903 3.63595 0.75438
2.62807 2.48479 -0.67925
3.07671 2.68153 -0.33371
2.71704 0.86924 1.46538
3.0523 1.10257 -0.11723
3.73344 1.4406 -1.63157
4.74859 2.88014 -0.59414
5.1145 0.97043 0.50062
4.41889 1.70311 -1.07762
2.60194 2.36302 -0.89392
3.56053 1.44416 -1.0477
4.16894 0.73813 0.12128
4.90961 1.41142 0.93976
5.45864 0.19906 -0.72027
3.80694 0.4997 0.99981
5.00952 1.42238 -0.27022
3.87055 2.78989 -0.46956
2.80637 1.06601 -0.38684
3.70416 -0.02709 -1.17914
2.19664 0.89076 0.03187
2.65312 -0.13205 0.67739
1.79737 -0.75491 -0.34491
-0.30197 -0.18315 1.218
0.04216 -0.1591 0.19276
1.24652 0.07504 0.28185
2.31307 0.18118 0.653
2.82798 -0.53292 -0.57437
2.36334 -0.39955 1.055
3.50219 1.04216 0.77253
