-3.26048 -4.21511 -0.71586
-1.71916 -5.31153 -2.09426
-1.93276 -6.03496 -1.14498
-3.17854 -5.49594 -3.19856
-3.04797 -6.40586 -3.12167
-3.54327 -7.56434 -3.0284
-2.99882 -8.23668 -4.34572
-3.42527 -8.01969 -1.98046
-1.14357 -9.06051 -1.39049
-2.15382 -8.66954 -2.00726
-2.99975 -10.6669 -0.31807
-3.60914 -8.22632 -1.81793
-2.16341 -8.05709 -4.07222
-2.84751 -8.46677 -1.1573
-2.16331 -9.13099 -0.69623
-2.36038 -9.60481 -2.38097
-1.75524 -8.18201 -0.94859
-1.20082 -8.57276 0.45222
-1.79078 -8.84165 -0.96464
-1.74819 -6.67405 -0.50652
-0.69696 -6.0624 -0.66531
0.72027 -5.15054 -1.37169
0.52423 -5.77956 -1.02703
1.52117 -5.2459 0.1503
1.00877 -6.26034 0.76291
-0.14245 -5.25343 2.00859
0.30736 -3.99711 -0.06149
0.26332 -1.30337 -1.28592
2.18067 -2.81079 -0.52439
1.39045 -1.63128 -0.82275
1.17027 0.61868 0.22519
0.37707 -0.04339 1.31027
0.5225 0.14631 1.19558
0.06441 1.95692 -0.03944
-0.32474 2.27975 -0.00885
0.19399 1.63097 0.47149
0.16771 -0.16662 1.10559
0.1226 -0.20955 0.08373
1.61357 0.16476 1.97336
-0.24276 -0.43292 2.01591
0.61045 0.53363 1.98865
1.10666 1.62939 0.90098
-0.08536 2.84998 2.04751
-0.72979 3.32416 2.44302
-0.87946 4.99925 2.08617
-2.20965 4.57833 0.1105
-3.35768 3.29945 1.60143
-2.01064 2.87111 1.06978
-1.59856 3.24963 0.78308
-0.59843 3.75683 -0.08783
-2.47287 3.45194 -1.70124
-3.62785 1.51415 -0.14493
-3.72444 0.5332 -1.55393
-3.55871 -0.4677 -1.51096
-0.79783 -1.82764 -0.5519
-3.74573 -3.86059 -0.22189
-4.40868 -3.20217 0.33147
-5.56105 -3.16315 -0.33992
-4.77466 -3.56361 -1.07481
-3.35484 -1.35297 -1.86133
-4.36742 -3.93809 -1.14092
-2.80473 -5.12919 -0.85788
-1.0009 -7.46394 -0.84752
-1.44828 -9.16407 -1.55537
-2.33396 -8.95337 -1.29812
-3.40249 -9.81769 -1.72606
-2.10823 -10.53529 -0.54283
-0.76803 -10.67468 -1.2649
-1.53205 -12.86383 0.21588
-2.63222 -11.57839 -0.43424
-0.54952 -11.85559 -1.75493
-1.81993 -12.63849 -0.32028
-1.20156 -11.98606 1.28734
-0.85231 -11.90209 -1.668
0.97627 -11.49798 -0.3489
1.35208 -9.91571 0.27426
0.31866 -9.92808 0.86035
0.42621 -9.15675 -0.90824
0.22409 -6.44412 -1.77238
0.01987 -5.23122 -0.15175
-0.41461 -4.47139 0.63318
-1.66977 -5.18275 2.68425
-1.39107 -3.84021 0.27852
-1.23902 -3.39851 -0.36884
-2.01083 -2.84186 -0.18104
-0.05533 -1.90532 -1.08447
0.64487 -2.19623 -0.07405
0.02469 -1.78272 2.07964
0.27414 -1.01777 0.87959
0.28492 -0.89941 -0.60435
0.18083 -1.1495 -0.13167
1.18667 -2.06896 -0.68983
0.8587 -2.6567 0.04086
-0.47554 -1.73201 2.00512
-0.49909 -1.06362 0.73625
0.00836 -2.18856 -0.1446
-2.0878 -0.46649 0.73459
-0.72661 -0.5179 -0.64524
-0.44643 -0.78149 -0.32103
0.11773 -1.79369 0.41591
0.94957 -1.25782 -1.20124
0.55139 -2.58284 0.22116
0.73136 -1.48463 0.12714
1.12042 -1.23183 0.18088
1.1089 -1.58694 0.64633
0.1168 -0.50065 1.76683
-0.91521 -0.18491 1.98904
-1.18261 1.23179 1.5261
-2.1133 1.45328 1.48507
-2.21531 2.46499 0.33818
-2.84096 3.38315 -0.52197
-1.45684 3.3204 -0.78043
-0.97173 4.10913 -1.30109
-0.33848 2.05568 -2.63677
-1.82138 -0.87311 -1.43075
-1.80857 0.00567 -1.87014
-2.40944 -1.22536 -1.08255
-2.00977 -3.13667 -1.32938
-3.95174 -3.75675 -1.09017
-3.32186 -4.56797 0.24003
-3.62022 -4.18374 -1.77385
-1.56997 -3.42327 -3.1284
0.26668 -4.35526 -2.42454
1.34282 -6.30968 -2.44294
1.44197 -8.97993 -0.49935
1.73102 -10.95881 0.54649
2.57501 -11.19085 -0.28864
1.45298 -9.84765 2.14529
-0.84145 -7.0833 0.53929
-0.11013 -5.77557 0.9277
-0.25037 -4.85557 -0.48857
0.59386 -2.91833 1.79356
1.27092 -2.92208 2.27985
-0.05883 -2.18018 2.78338
0.58449 -0.54928 -0.33839
1.08497 0.9776 0.31163
1.30103 0.78763 1.71132
-0.05563 -0.20761 0.25012
-1.67574 0.35729 0.6873
-3.19615 1.50838 1.53493
-1.95737 1.63456 -0.18071
-0.20302 2.05429 -0.93583
-0.43102 1.87547 -1.21953
0.06444 1.40605 -1.46989
-0.05761 1.43942 -0.23649
-0.12407 1.91253 0.69244
-2.50707 1.79326 0.6926
-1.54479 3.41762 -0.22694
-0.50134 5.68241 -1.05402
-0.22828 5.69251 2.60615
