1.18165 1.30872 1.85538
0.12 1.62973 2.91337
-0.65478 0.66904 2.84673
-0.33827 0.78746 3.87345
-1.31778 0.74784 4.75733
-1.42441 1.02261 4.88233
0.79538 1.681 5.31192
0.364 0.5492 6.11321
0.60984 -0.093 5.87745
1.29517 2.35315 4.82241
0.85901 0.16962 4.06712
2.11135 1.60031 3.86928
1.05132 1.055 4.99854
1.30681 -0.37234 2.78195
1.44073 2.36071 2.36724
1.8959 2.76714 2.63665
0.83343 1.19983 2.60833
0.81692 -0.11498 1.17286
-0.84031 0.41202 1.1607
-1.04045 2.81098 0.74509
0.42214 1.88906 0.326
0.43082 1.86974 1.37273
-1.25478 -0.22459 2.20024
0.94985 -0.95268 -0.295
1.18185 -0.39725 0.61005
-0.40321 0.89799 0.16766
-0.4626 -0.24612 -0.73056
-1.15791 -0.73539 -1.22314
-1.96931 -0.19678 -2.1224
-2.92396 -0.3305 -0.89376
-0.26296 0.67069 -0.2957
0.24708 -2.1503 0.4978
-0.23254 -2.24042 0.22725
1.11591 -0.75174 0.1471
1.49663 0.86006 0.11133
0.8095 0.34348 0.15678
0.43721 1.56372 2.14809
-0.43615 0.46469 0.57116
-0.0327 -0.13641 0.19363
-0.26924 0.73261 1.37206
0.06029 0.00746 1.18152
0.55371 -1.66657 -0.26251
-2.35944 2.76385 -0.83356
-2.63001 0.69363 -2.63981
-2.00419 -0.12938 -1.07797
-1.51632 -1.13334 -2.58329
-1.33634 0.61888 -2.83964
-0.80872 0.38066 -3.46226
0.26811 -1.08882 -3.60975
0.99107 -0.10158 -4.49433
1.58562 -1.01098 -3.67599
-0.23971 -1.64392 -3.0516
-1.28765 -1.79374 -2.91244
-2.70153 -0.99951 -3.28027
-2.49154 -0.25883 -2.6525
-1.15879 -0.51838 -2.34165
-3.05606 -2.10932 -3.36705
-1.09487 -0.57196 -2.75767
-0.69404 -1.4141 -2.9082
1.06396 -0.50619 -1.19592
-1.71237 -2.39745 -0.59342
-0.86714 -1.18921 -0.91978
-1.57357 -1.62132 -1.38042
-0.82026 -0.34866 -1.20832
-2.12517 0.83101 -2.02559
-1.01635 -1.58339 -1.08989
-1.30383 -0.93015 -3.00709
-1.09842 -0.37319 -4.09292
-2.46776 -0.0601 -3.74651
0.0334 -1.58761 -2.47255
0.434 -1.84327 -1.43511
-0.27483 -1.4982 0.27467
-0.41216 -1.86584 1.37765
1.0413 -2.28001 1.17322
0.74015 0.31193 2.16861
1.86598 0.7587 2.84506
0.35883 0.56833 2.51215
1.13011 0.24633 3.29344
-1.51731 0.39894 3.9212
-1.39029 2.17264 3.07299
-1.49153 0.64167 0.88756
-1.71472 1.8442 1.37557
0.21965 1.56907 0.97372
1.48045 -2.62912 1.90354
2.72857 -2.15309 3.22353
2.72947 -1.13325 1.71999
2.44003 -0.7849 1.65914
-0.20214 1.30236 2.08041
-0.12425 -1.47074 -0.06759
-0.77202 0.96782 -1.85185
-1.20141 1.46176 0.14125
-1.33246 -0.47862 1.7425
0.29538 -0.63686 0.79969
-1.60071 1.79559 0.80405
-0.07338 -0.71454 1.13463
0.6369 1.65993 0.78839
-0.45597 0.01349 1.35559
-0.64706 1.09775 3.02224
-0.36203 0.39397 2.76091
-0.06866 -0.91092 3.50176
1.80924 -0.61538 2.99713
1.55426 2.27395 2.14743
0.0001 1.10779 1.50111
-0.11093 0.61673 1.46309
-1.80527 0.91183 -0.45562
-1.59937 -0.42406 -0.94114
-0.82687 -0.32276 -1.98255
1.52968 -0.52192 -2.38473
0.4754 -2.29662 -1.44457
1.81979 -0.26974 -1.27655
1.31738 -0.90543 -0.79407
1.04575 -0.74114 0.79006
-0.39311 -0.97278 0.22552
-0.02756 -1.22832 0.01974
0.21212 0.90996 0.2946
-1.06102 -0.78951 0.5215
-0.70865 2.49983 -1.14299
-0.15685 0.18097 -0.47273
-0.77785 -1.54752 0.23446
-0.92428 0.31729 -1.0902
0.6632 -2.48177 -1.85848
0.58496 -1.2133 -1.5033
-0.15585 0.0031 -1.85359
0.38106 -2.09801 -3.30838
-0.00797 -0.17184 -3.23985
-1.66964 1.33379 -3.42314
-2.62447 0.5201 -1.89879
-1.78046 -0.14377 -2.6231
-3.6141 -0.10506 -2.79859
-1.59627 -2.61791 -2.48441
0.98417 0.31482 -1.92527
-1.3328 -0.54311 -1.96789
-1.68255 -0.10734 -3.54992
-0.21591 -0.7843 -2.80443
0.01642 -1.20814 -3.4566
-0.69086 -1.01233 -2.67984
-1.19025 -1.35778 -4.04957
-2.13287 -1.48543 -4.03009
-0.86105 -1.7489 -3.43318
-1.76352 -0.65353 -2.56
-2.06249 0.39387 -2.76779
-2.953 -0.76251 -2.33403
-2.38383 -2.15371 -2.33918
-1.10534 -2.3834 -1.27978
-1.01096 -0.71969 0.14562
-0.50219 -0.96494 -0.434
-1.12537 -1.19416 -0.77865
-1.81376 0.11249 -0.87799
-3.37105 -1.70795 -1.31923
-0.93181 1.26077 -0.09074
