1.0872 -0.33778 1.78468
0.9823 -0.2188 2.08054
1.46915 0.15951 -0.14136
0.41388 0.96754 2.20212
0.69481 1.59889 -0.36141
1.40198 -0.64939 -0.56907
0.65782 -1.37577 -0.71027
-1.01089 -0.74312 -0.05618
-2.10406 0.01527 -1.51362
0.52291 -0.81507 -0.00582
0.71078 -0.64668 -0.85597
-0.85432 -0.97005 0.20694
-0.36711 -1.20272 0.59815
1.64378 -1.30978 -1.07582
2.61203 -0.6646 -1.2257
2.25176 -0.75059 0.8428
0.41526 -1.14058 0.82212
-0.69159 0.10652 2.24867
1.59486 0.15014 0.60296
0.31401 1.44562 -0.79094
0.11391 0.61436 -0.55082
1.00305 0.80151 -0.23736
0.82088 0.8428 -0.13023
-0.788 1.09308 1.21534
-0.20436 0.47593 1.01107
1.93454 1.19883 1.13687
0.28117 1.7518 0.20419
1.25973 1.39519 1.10414
0.97098 1.13797 -0.39541
-0.26286 -0.32907 0.48739
0.01605 0.04258 2.09453
0.00916 -0.33823 -2.34697
-1.1923 -1.82372 1.22466
1.36857 -2.17041 0.56887
-0.43108 -3.5173 1.13064
0.74551 -2.47907 0.96868
1.28354 -2.42709 -1.70745
1.18461 -2.39396 -0.70955
3.37406 -1.95727 -1.13758
0.30472 -0.45792 -2.21985
-0.25152 -0.41764 -0.6892
-0.8799 0.11765 -1.08653
-1.61512 0.56141 -0.42623
-2.68596 -0.7265 -1.43846
1.09491 0.78452 -1.58066
-0.1766 0.43025 -0.67113
-0.91696 0.4057 0.25421
-0.51466 -0.92771 -0.30731
-0.5189 -3.7814 -0.81291
1.15108 -2.46793 -0.29143
0.99385 0.22116 -0.19
-0.3082 0.55083 3.00107
0.42228 0.99063 -0.18042
0.21416 -0.85315 -1.0631
-0.34142 0.32216 -1.17026
-0.38723 1.79431 -0.8203
-0.65357 2.68279 0.95489
0.52123 3.66152 1.24917
0.10962 3.41475 -0.4018
0.9287 3.0242 -0.11942
1.47408 3.85723 -0.93566
-0.92659 4.85278 1.35813
-1.48296 5.53192 2.00077
-0.24889 3.51586 1.39821
1.39701 3.78442 1.8107
1.04599 5.52918 0.41664
0.56127 4.41123 0.95686
0.31649 5.84587 2.8634
-0.07612 6.42109 1.75427
2.10417 4.30646 1.76463
1.1701 3.79682 1.2173
-0.56424 3.82296 2.931
-1.38454 1.41461 0.19581
-0.06362 2.44436 0.21962
-1.43031 3.17673 0.04437
0.13229 3.25406 2.68136
-0.44885 3.34928 1.98169
0.15154 2.92248 1.67227
1.82392 2.55016 1.47468
0.1611 2.68183 -0.71464
0.57579 2.60199 2.07442
1.07626 2.96884 2.03493
-0.00886 3.37789 1.24771
-0.74722 1.38484 1.4062
-0.79625 1.40121 -0.84043
0.49613 0.36787 0.15476
2.0111 0.67715 0.16066
0.2722 0.09435 1.3749
0.17622 0.61966 -1.40493
1.70559 -0.26801 -0.65452
2.0309 0.09806 -0.36337
-1.32077 -0.70159 -0.40103
1.04304 -1.35566 0.90165
-0.82794 -1.98956 -0.85921
-1.1831 -2.14444 1.69299
-1.51277 -3.28038 -2.409
-0.20364 -1.86543 -0.03691
2.09723 -2.52233 -0.27954
0.16643 -3.14179 -0.32439
-0.32049 -1.55881 -0.74231
-0.79817 -1.89995 0.03967
-1.99243 -0.54165 -1.11669
-1.72902 1.17234 -1.2371
-1.00232 2.67227 0.29993
-0.33898 2.94494 -1.61464
0.91162 2.62301 -0.71332
1.28082 2.6894 1.54562
-1.1467 3.47766 1.89015
-0.54999 4.46397 0.21579
0.77783 2.74437 0.65866
1.52928 3.64308 -1.18668
-1.66521 2.99485 3.42761
-0.00858 1.23541 0.50389
-0.41193 1.51203 -0.10251
1.7257 0.91841 1.69568
0.27472 4.4121 1.54238
-0.44388 6.20166 1.0497
0.46639 5.51076 0.86213
0.47349 5.20657 -1.7067
0.28799 4.87765 1.86506
-0.49079 6.55432 2.33827
1.21997 6.32462 -0.02246
1.9476 5.06736 1.45642
0.16616 5.64687 0.97797
-0.0761 3.87518 2.33583
0.33715 4.76104 1.81807
-0.48625 3.6341 1.40082
0.17185 2.9638 2.56079
0.62121 3.12978 -0.14449
0.63872 1.22313 0.93093
1.64246 2.30002 1.41621
1.82201 1.93632 2.02828
1.23764 2.6983 0.90224
0.19669 2.10688 -0.53324
-0.3451 0.63268 2.48496
-0.08787 -0.48039 -0.36328
-0.48072 1.00797 -0.04699
0.58383 1.77793 -0.23646
-0.84287 0.39942 -2.05923
-0.90209 0.93362 1.01643
-1.33814 -0.07356 0.82652
-0.61925 -0.52466 1.53312
0.35992 -1.14852 0.24898
-0.60329 -1.01334 -0.53022
-0.09346 -2.33399 0.96603
0.78897 -2.13877 0.43706
0.50649 -2.68938 0.33439
-0.40895 -2.93202 -2.02407
-0.06208 -1.77856 -0.34945
1.38467 0.00825 0.54399
