0.99215 1.05447 -2.44448
0.09338 0.01124 -1.99625
0.72551 -1.72748 -1.4129
-2.30611 -0.39608 -3.24823
-1.96841 0.86836 -2.92845
-1.74165 0.31916 -4.13114
-0.68239 1.70697 -6.29262
-1.58617 1.24805 -8.28649
-1.05578 0.56927 -5.97542
-0.41807 2.24885 -5.50028
-1.75372 -0.68046 -5.34616
-0.05232 1.36868 -5.29913
-3.10843 -0.09591 -1.79895
-0.20497 -1.34561 -1.09999
-2.13712 -1.95975 0.70285
-4.76639 -2.27198 0.60172
-5.21441 -1.03477 0.40838
-2.25579 0.54912 -1.14675
-2.88136 0.32692 -1.25164
-2.2226 -0.5795 -0.25536
0.3595 -0.92436 -0.69444
1.26703 0.40909 -1.45765
-1.8796 -0.80156 0.40349
-1.64406 0.08716 0.34158
-1.4245 0.87397 0.51697
-1.26454 -0.522 0.33558
-0.54578 0.15393 -0.20754
-0.63304 -1.24777 1.17071
-0.39144 -0.60589 -0.82415
-0.69171 -1.74853 -0.90663
0.14705 -1.06443 -1.42534
-0.01915 -1.77148 -0.79897
-1.52739 0.27438 -3.25667
-0.71395 0.31322 -3.5897
1.28734 -0.27106 -3.71995
0.54427 -1.7536 -3.78412
0.42635 -1.23825 -3.52212
0.30413 -2.50219 -3.64668
-1.39086 -1.67982 -2.21751
-1.59224 -2.82875 -3.94444
-3.56479 -1.26694 -3.95257
-3.68213 -0.89009 -2.58517
-2.54409 0.95618 -2.5136
-2.92112 0.29245 -2.26751
-0.5522 0.04057 -2.84714
-0.42668 -1.32856 -2.34332
-0.16436 -0.38094 -3.61981
-1.53802 -0.48638 -3.47665
-1.89464 0.33501 -3.36322
-1.20078 -0.05191 -3.31423
-3.30286 0.65723 -3.65627
-1.40866 1.61022 -4.06586
-0.73656 1.39474 -4.89875
-1.025 -0.56084 -5.56155
-1.52269 -0.8177 -4.78701
-2.24947 0.67472 -3.57541
-1.82525 0.13231 -1.32492
-1.72307 1.98386 -0.98805
-2.20813 0.1041 -0.143
-1.81643 -1.04638 -0.38946
-1.93003 -0.30234 -3.44769
-1.45585 0.28803 -2.85289
-0.90191 1.24502 -2.03328
-0.96295 0.88744 -3.34941
0.04247 1.41451 -3.02666
-0.12647 1.82588 -4.44103
-0.26811 1.8388 -5.49965
-0.35303 2.60663 -5.56426
-0.75738 2.69852 -6.54266
-0.02453 1.6574 -5.80147
-0.16808 2.37166 -5.03849
-0.92869 1.5259 -6.19902
0.019 2.41354 -6.6875
-2.09075 1.37125 -5.15789
-2.34327 -0.38518 -4.87037
-1.90173 0.41154 -3.00219
-2.08908 -0.86577 -1.20507
-0.65028 1.23284 -1.45682
-1.23651 -2.07507 0.13887
-2.17751 -1.88569 0.02403
-2.11687 -0.15106 -1.84567
-2.70609 0.73496 -2.53673
-1.73096 0.87542 -1.14763
0.09043 1.57114 -1.94861
0.97774 0.43853 -0.20876
0.47811 0.94339 -1.46188
-0.75149 2.26182 -0.65317
-0.15715 0.12044 -0.89872
-0.44476 0.55046 -2.75266
0.96019 -1.30313 -2.88664
-0.66679 -1.06105 -4.0003
-1.24696 -1.43604 -0.81481
-0.93731 -2.10984 -1.98114
-1.88982 -0.48496 -1.23675
-2.25424 -1.74236 -0.12967
-3.36914 -2.95937 -0.99368
-1.28049 0.274 -1.98394
-2.49319 -0.28746 -1.73176
-1.0064 -1.42603 -1.10515
-1.86601 0.12031 0.96915
-1.19998 -1.77152 -1.00825
-1.36447 -0.98437 -2.12126
-1.83711 0.18135 -3.97679
-1.28645 2.15566 -4.56802
-0.21893 1.27315 -3.42655
1.74626 0.293 -4.71982
-0.52049 -0.42436 -3.40175
-2.17784 -1.11313 -3.57336
-2.01789 -1.45327 -2.92559
-0.98311 0.35504 -3.74243
-1.60221 1.15359 -3.26163
-1.5375 1.35611 -4.13129
-0.49561 -0.40393 -1.92024
-0.62828 0.23768 -2.74198
-2.25559 0.5705 -1.7756
-4.00439 1.04126 -1.64788
-1.54346 1.5684 -1.0555
-1.82575 -0.29883 -0.56052
-0.91802 1.0493 -0.10909
-1.70151 -0.55455 -3.17087
-0.78846 0.07879 -1.86741
2.61435 -0.53782 -1.38864
-0.55518 -0.4527 -2.62521
0.54482 -0.3014 -3.48736
0.27049 -1.05893 -4.29318
-1.07873 0.0625 -3.40101
-0.24814 -0.24624 -5.02606
-1.24805 0.21983 -5.5187
-0.50832 1.35702 -5.8761
-2.51435 1.27017 -2.98622
-2.62431 -0.24976 -3.0772
-2.81743 -0.02108 -2.35678
-3.88669 1.78424 -2.54814
-3.83793 -1.15109 -2.9911
-3.33973 -0.20238 -2.45881
-3.45952 1.05321 -3.30676
-0.2937 1.87736 -0.97485
-1.07921 0.48715 -0.94494
-2.04762 0.93668 -0.54151
-3.23524 -1.15747 -2.74388
-1.80715 -2.49792 -3.81424
-1.57215 -1.28814 -1.95531
-1.51373 -1.00107 -2.23696
0.66435 -1.99821 -2.27986
-0.33059 -1.7642 -1.16829
-1.8044 -1.61524 -2.00338
-1.46066 0.80618 -1.8791
-1.68061 -0.4294 -1.0605
-1.1462 -0.03481 -0.27308
-2.23094 -1.32816 -2.11023
