0.00524 -0.36231 -1.62688
-1.55466 0.47421 -2.98768
-0.51023 -1.40668 -3.88425
0.28138 -1.79922 -4.61591
-0.50238 -0.78706 -2.54595
-2.76938 -0.66162 -3.01701
-0.82976 -0.43199 -1.67535
-1.16875 -2.41768 -1.79718
-0.41402 0.22546 -2.77295
-0.72693 -0.36469 -2.56043
-0.63373 -1.52767 -1.64732
0.53355 -0.19563 -0.21782
0.2804 -1.30561 -0.74016
-0.48381 1.40454 0.51676
0.81582 2.0671 1.21406
-0.83781 1.91776 1.14841
0.63762 1.30172 2.32684
-0.65155 -1.04326 3.10091
0.60015 0.15583 3.98269
-0.70688 1.53487 2.94728
1.26501 1.51368 1.92425
0.14271 -0.02713 1.97298
1.45014 0.59269 1.45913
0.70662 -0.47508 1.21244
0.99297 1.28511 0.59933
0.99804 1.56423 0.12751
0.53672 -1.02024 0.32748
0.63207 -0.57548 0.04557
-0.35212 1.47418 -0.40902
2.23578 0.90239 0.07904
0.43468 0.68086 -0.02428
-1.41253 1.49303 -0.47607
-0.38089 1.03731 -1.26956
-0.65581 -1.1324 -2.62441
-0.00577 -1.38746 -1.80681
-0.02584 -0.06551 -2.48839
-0.22736 1.3601 -2.06069
-1.4896 0.81851 -0.60943
-0.44434 0.1183 -2.09159
0.13313 -1.81197 -1.88689
-1.44735 0.44218 -1.24719
-0.90135 0.11952 0.06491
0.05039 -0.40702 -2.29983
0.1668 -0.1551 -3.05119
1.1383 -1.5317 -2.9363
0.32667 -1.1237 -3.6712
-0.1229 -1.55554 -4.78787
-0.63189 -2.39529 -5.23732
-1.24154 -0.9702 -5.66673
-1.91036 -1.41261 -1.95526
-2.4734 -1.55032 -1.3743
0.26841 -0.86561 0.51193
-0.47365 -1.59517 -0.32183
-0.88789 -2.40958 0.07226
-0.21946 0.77983 1.13355
-0.35885 -0.55748 -0.28133
0.40122 0.12268 -1.87447
-1.65136 -1.87041 -1.56385
-0.12183 -0.85604 -1.39355
-0.55131 0.57101 -1.99863
0.83531 -1.26831 -1.22127
-0.05811 -1.68785 0.45152
-1.05872 -0.53168 0.57066
0.77962 0.16724 0.80835
-1.31028 2.31942 0.50861
-1.08523 1.19834 -0.26942
-0.23968 0.27059 0.80449
0.694 -0.62809 0.7067
-0.34538 -0.52624 -0.55157
-0.25536 0.20261 2.0188
0.07956 -0.66853 2.43832
0.03748 2.61911 1.41458
0.95305 0.26208 1.28414
0.73153 0.6022 2.3228
-0.26038 0.76922 1.98778
0.8793 1.45583 2.16293
-0.21471 -0.93941 1.81834
-0.11171 -0.2005 0.86323
-1.14091 1.39122 2.50555
-1.43019 0.5336 1.93949
0.82218 0.58912 2.31095
0.63965 1.75511 2.71594
0.82029 1.73524 1.04748
1.3175 -0.50391 1.55565
-0.47586 0.82922 2.24099
-0.15484 -0.09491 1.9088
0.3708 0.85771 -0.08179
1.10306 -0.27651 -0.45179
0.83082 -1.31324 -0.03465
-1.01979 0.13813 -0.62369
-1.63213 0.44088 0.80383
1.08165 -0.3709 -0.53766
0.64377 -0.88627 -1.14191
1.09606 -1.52195 -1.29686
-1.3556 0.14517 -0.36256
-2.61635 1.18299 0.78493
-1.12017 -1.16193 0.7948
-2.31285 -1.40982 0.98102
0.97648 0.42301 2.52669
0.47463 1.40802 2.0263
0.96576 -0.24402 1.2892
1.77578 1.1255 0.31625
0.23889 1.80517 1.04039
1.01006 1.31579 0.61455
1.92702 1.50906 0.04714
0.98762 1.33431 0.98776
1.39323 1.92706 1.15719
-0.92832 1.16368 1.33544
0.33865 0.13313 2.41916
-1.12921 0.05714 2.48596
-0.41051 0.93377 3.48565
1.72136 0.52273 2.53058
-0.78023 -0.20101 3.52506
-1.03934 0.0644 4.40086
1.99526 -0.16681 6.54762
0.27504 1.6739 6.63102
2.61838 1.67483 5.44571
1.20811 1.48774 5.29767
0.60515 2.39096 6.14392
-0.42285 2.87035 6.30413
0.63127 2.67498 7.17388
0.33083 3.44497 6.95854
2.15904 2.33082 7.89947
1.70121 3.8067 6.14172
2.57441 3.89104 4.99815
0.19224 3.43764 5.03164
0.46447 2.74461 4.37665
1.61446 0.45365 5.19029
1.64042 1.17664 6.30087
0.40815 -0.56664 6.53629
1.06938 1.87887 5.04566
0.64622 0.35014 4.10286
0.57329 0.49218 3.85971
-0.23098 1.28036 5.23848
1.53877 2.25407 4.35837
1.2876 1.55008 4.99425
-1.15615 1.35269 5.56076
0.5385 2.52989 4.61451
-0.05564 0.88209 4.36648
0.47066 0.22511 3.9464
-0.23075 2.23971 4.99571
1.16217 0.75913 4.49076
0.69033 1.13126 4.27367
1.43398 1.10235 4.76734
2.33951 2.03743 3.80778
1.12577 2.87826 4.74506
-0.0842 3.16962 2.54009
0.05073 1.72433 2.66232
-0.55254 0.91298 2.37439
1.97219 1.51217 3.03051
