-0.50792 -0.88873 -1.99248
0.28409 0.57097 -0.48081
-0.41963 -0.40773 -2.27119
-2.33475 0.57736 -1.99865
-0.31392 1.0147 -2.46953
-1.33532 0.68078 -2.36386
-0.24961 0.12011 -2.20254
-0.77266 -1.00209 -0.34634
-1.43386 -0.66806 -0.73534
-1.43011 -0.36325 0.20134
0.2335 -2.08172 -1.66789
0.6533 -1.3487 -0.62231
0.48788 -1.84901 -1.28246
0.12585 -0.75851 -0.8589
0.75865 -0.59324 -0.42239
0.63496 1.17297 -0.40224
1.93332 1.56431 -1.01921
0.82708 1.19867 -1.08117
-0.36499 0.74162 -1.21432
-0.85989 1.63039 -0.17064
-0.1161 2.00693 -0.21045
0.40178 2.77999 -0.70475
-1.34731 -0.57967 -0.93581
-1.16575 1.43917 -1.02712
-1.9534 -1.05353 -1.22412
-0.06048 -0.26302 -1.46636
-0.57479 0.35067 -0.31874
-1.66561 -0.01274 1.62764
-1.95623 1.29507 0.40014
-1.50526 0.91682 -0.87448
-1.47052 -1.33916 1.83583
-2.99876 -1.6941 0.45704
-1.28126 -1.36537 -0.14556
-0.35126 -1.09177 -0.88168
-0.61631 -2.13072 1.37538
1.47359 -2.73533 -0.60566
-0.33743 -2.18094 -1.57406
-2.01868 -2.60182 -0.85393
-2.46619 -1.70986 -0.52328
-2.96641 -0.71995 0.68618
-4.28591 -0.95233 2.03311
-2.42701 -0.87803 -0.98166
-3.22588 -1.31152 -0.87927
-1.34688 -1.44761 -1.86189
-1.04253 -1.01359 -2.68799
-2.36787 -1.92277 -2.7803
-1.99333 -3.62166 -2.16184
-2.01084 -2.04665 -1.81983
-0.75791 -2.2427 0.91168
-0.8794 -1.90457 1.15641
-1.25057 -1.51951 -0.03851
0.08508 -0.48793 -0.71208
-0.31327 -0.11836 -1.6279
0.94925 -2.62984 -1.90594
-1.09161 -2.69852 0.18144
-0.04367 -2.26893 -0.10913
-1.71636 0.19598 0.00845
-1.79251 -1.11492 -0.07576
-1.57602 -0.87531 -1.96907
-1.78136 -0.47331 -2.14763
-1.39924 -2.03074 -1.73472
-1.62939 -2.42677 -1.51708
-1.21303 -2.60715 0.06429
-1.02207 -3.60851 -2.89054
-1.29186 -2.97026 -2.73327
-2.1343 -3.92359 -1.31579
-2.73719 -2.01219 -1.77647
-2.46405 -0.96462 -0.02292
-1.55888 -1.49619 1.60581
-3.42435 -0.74902 0.82797
-1.54517 -2.72136 -0.19545
-0.51208 -4.22524 -0.31442
1.11018 -4.72989 -0.47884
-0.29599 -4.1314 0.71498
0.755 -4.02223 -0.89212
0.79815 -4.70876 -1.77669
-0.3165 -4.39446 -1.18721
-0.28341 -4.78451 1.18311
-0.42822 -2.05386 -0.3302
-1.22912 -1.88983 -0.29088
-1.39958 0.5512 0.30936
-0.73773 0.6361 0.13348
0.37183 2.42652 -0.78444
-0.32939 1.83035 -0.72491
-1.38012 0.27911 -0.09371
-2.24763 0.49903 -1.66417
-0.84186 1.56812 -2.04256
-1.20004 -0.53947 -1.86471
-0.88819 -1.5647 -1.7169
-2.88484 -0.03418 1.27123
-3.07562 -0.46419 -1.19683
-1.87688 -1.15391 -0.06116
-1.73934 -2.67608 -1.30472
-1.96427 -2.39042 -1.99862
-2.76096 -3.32422 -1.68134
-2.57217 -2.20807 -1.07102
-2.02027 -3.3611 -1.0974
-0.26622 -2.95762 -0.16142
-1.46703 -4.1396 -1.34902
-1.74225 -4.15632 -3.03325
-0.09319 -1.43124 -1.88964
-0.63062 -1.48721 -1.41006
-2.0657 -1.68686 -0.22808
-1.99146 -2.46303 -0.00432
-1.12146 -3.07045 1.02431
-1.53348 -3.98281 -0.13545
-0.90388 -3.77115 0.63301
0.13456 -3.32981 1.71869
-0.11379 -3.30682 1.17343
0.29552 -1.94273 0.40842
1.65441 -2.09266 0.13142
1.12258 -2.18222 0.40683
2.30501 -2.32426 -0.51707
0.89284 -1.12706 0.25406
1.27886 -1.41504 0.05628
0.95642 0.37913 1.61878
0.75917 -0.78838 2.5747
-0.91255 -0.11871 3.17402
-0.47144 0.32551 2.0527
-0.46855 1.06996 2.05203
0.93843 1.58136 2.36288
1.64975 -0.17337 3.25243
2.90964 -0.93308 2.55254
0.41106 0.13957 0.79455
-0.25913 1.56162 0.4761
0.90447 3.40086 1.17453
1.89641 1.57208 1.39159
1.42901 1.76349 1.81545
-0.94706 2.68512 2.28919
0.58462 0.46559 1.08683
2.16093 2.4143 1.56092
0.95274 0.73143 1.18776
-0.5763 1.01655 1.99439
-1.1801 2.63772 1.40206
-0.966 1.95537 0.22046
0.31534 1.02332 0.2142
0.84523 -0.05972 -0.14261
1.85879 -0.40135 0.32317
1.02104 0.68075 0.49141
2.07452 -0.73788 -0.16406
0.6929 -2.01944 -1.19374
1.82214 1.13512 -0.6916
1.61389 0.11864 0.59229
0.35802 -0.91897 1.04598
-0.9709 0.35166 2.00656
0.91642 2.06318 1.68373
1.63684 2.53208 0.49911
0.16281 2.29604 0.74798
0.08853 3.47505 0.31312
-0.56765 4.46912 -1.00431
