0.99799 -1.04879 -0.35556
0.33259 -0.47785 -0.61625
-0.76298 0.95377 -0.07461
-0.92232 0.9946 -0.40752
1.00323 -0.22693 -1.46527
-0.87883 1.51565 -1.10208
1.65119 1.72365 -2.64197
0.29466 2.26647 -3.17743
0.38002 -0.24883 -4.36422
1.92454 0.72162 -3.83256
0.14496 1.1584 -2.78566
1.58609 0.24236 -3.03267
1.72711 0.91652 -1.30056
-1.53427 0.84804 -2.45907
-0.21687 0.68001 -2.01867
1.04624 -0.05515 -2.56476
-0.40853 0.73975 -1.0448
0.61691 -0.07371 -1.21032
0.25549 -1.13007 -2.9845
-0.53002 0.10277 -1.78582
0.76401 -0.56079 -1.86922
0.42153 -0.14747 -2.21974
-0.40747 -0.08426 -4.14731
1.96679 1.2245 -3.653
0.92161 0.62571 -5.60997
0.34705 1.23329 -4.76614
-0.94566 0.48538 -4.04335
-1.08441 1.1829 -1.99668
0.06886 0.76652 -1.63492
1.00402 0.2083 -1.70112
0.76793 -0.76252 -0.93581
0.68509 1.99887 -1.16557
1.7063 0.60913 -2.06084
1.39011 1.17395 -1.59247
-1.30225 2.64688 -1.17473
0.89171 2.96492 -1.15677
1.04842 1.53526 -0.60443
2.04533 1.01369 -1.11386
-1.95773 1.73429 -0.50598
-1.07869 -0.30562 -1.51296
0.41463 1.13106 -2.74666
-0.1345 1.06676 -1.55708
-1.20097 2.401 -0.81175
-0.30526 -1.01231 0.34316
2.3934 -0.67694 1.36102
0.05922 0.22501 0.78454
2.22448 0.74681 2.50977
0.19732 -0.34064 2.61276
0.19263 -0.42893 2.82206
0.04532 1.14417 2.17806
-1.02463 1.99816 2.83798
0.34434 3.91101 2.97453
1.02174 3.03146 1.44703
1.76743 2.31138 1.19953
1.37895 1.98871 1.24521
0.86655 1.52054 0.58607
0.58387 2.78662 0.9952
0.54788 1.96432 -1.23551
1.30407 2.405 0.07606
2.26042 1.74418 -1.40653
2.63292 2.06592 -0.19535
2.06613 1.6786 1.30258
1.59841 0.63017 0.89406
1.96858 2.12183 0.1136
0.41914 1.91093 0.16896
1.38204 0.1211 2.47368
-0.28945 0.03214 4.20762
2.30591 0.03559 4.03506
-0.69623 0.37393 5.78942
0.64653 -0.83416 5.7374
1.37745 -0.23639 3.711
-0.2004 -0.00951 1.54059
-0.52424 2.6415 2.83735
0.20537 4.21717 0.84289
1.78516 2.59891 0.46631
1.77597 4.2375 0.33
3.22099 4.17396 1.58915
1.76579 3.17357 1.25956
1.50121 3.7701 2.6655
0.85979 3.68825 2.49849
-0.07195 3.14052 3.2794
0.89631 4.14674 3.45233
1.75675 4.15703 2.59358
2.10008 4.42906 3.06405
0.57924 4.41057 0.78624
1.53032 2.62403 0.30357
0.88385 1.43129 1.14595
2.10896 2.44209 0.51387
1.04286 2.26916 1.94089
0.0804 3.40264 1.0881
0.28143 3.92145 2.11751
1.82395 0.75429 3.18195
2.50645 1.99704 3.69467
1.98143 2.37079 4.51962
-0.16324 2.91832 3.78577
0.97772 3.5562 4.35784
1.05287 2.63424 5.21884
0.89335 2.34944 5.13603
0.96825 3.95662 4.50689
0.0778 5.45259 3.80278
1.13128 5.26466 5.20672
1.47427 5.67053 4.01893
3.99154 5.39828 2.65084
3.83842 4.78985 1.82282
3.14494 4.56317 0.71693
2.32332 3.91239 -0.12138
0.67864 3.68661 0.86024
1.69133 1.57478 1.98732
3.74742 1.42145 1.69961
2.95149 1.41729 0.66068
2.67332 1.85951 0.30934
0.85627 1.79068 1.75861
0.23762 0.80448 1.47797
2.63162 -0.32591 1.49807
0.62938 0.28766 2.43925
1.67326 -1.20121 1.84324
1.55028 -1.0822 0.15624
-0.6493 -1.52551 1.32991
0.56852 -0.62657 1.01752
-0.87486 -0.14287 1.68002
0.0545 1.16851 0.65692
0.17552 0.6081 0.72597
1.4447 0.46352 0.23279
1.21777 -0.72926 -0.59081
-0.69291 -1.81081 -1.0977
-0.48396 -1.98743 -2.08449
-0.17901 -1.72272 -1.48258
0.84911 -1.91769 -0.93928
-1.07763 0.47664 -1.40798
-1.346 0.01021 0.67947
0.22393 -1.70055 0.86662
1.02191 -1.00427 0.68437
-0.70738 -0.36607 1.65072
0.51079 0.29972 1.95969
-1.91607 1.04237 2.17766
-1.83307 -0.86849 3.17828
-0.03241 -1.19725 2.87159
-0.46047 -1.40671 1.62879
-1.08306 0.72309 1.62044
-0.80357 2.06826 0.85658
0.44246 0.61839 0.40645
1.72181 -0.59833 1.00144
-0.88194 -1.19852 0.2132
-1.08632 -1.96577 -0.20942
0.83709 -0.96585 0.20815
-0.50214 -2.10246 0.2021
-0.3755 -2.47106 2.64635
-0.31908 -2.08366 3.24098
-0.24485 -2.25659 4.13516
-0.11163 -1.5256 3.23318
