-1.56858 -5.78903 -0.30208
-1.5476 -3.81822 -1.75199
-1.83523 -5.89144 0.50032
-2.3433 -4.43658 -1.98024
-1.25837 -3.06758 0.09606
0.02207 -2.55528 -0.55752
-1.18654 -2.44019 -0.56029
-1.65097 -3.4694 -0.22944
-1.24837 -3.59314 -0.90891
-1.15068 -4.57303 0.28755
-1.12148 -3.81487 -0.58406
-1.36022 -2.13633 0.35649
-0.58993 -1.30584 0.46724
-0.19476 -0.83422 1.03289
-0.27752 -1.9767 -2.06293
-0.62083 -3.44309 1.02876
0.21318 -1.42628 0.327
1.2605 -0.87736 -1.35568
-0.49372 0.10871 -1.07514
0.27098 -1.41926 0.11306
-0.35896 -2.16537 0.44727
-0.74 0.71543 -0.27456
1.34413 -1.3393 1.37707
1.67461 1.6461 0.50103
1.47117 2.51488 -1.26261
0.2535 3.0864 -0.89932
1.46605 2.02182 -0.73774
0.64174 2.59423 -0.76755
1.428 1.17999 -0.73334
-0.34302 1.1832 -0.51928
0.63429 1.83914 1.56079
-0.27897 2.73758 2.22695
0.01907 3.3515 -0.88706
-0.62973 3.49301 -0.23389
-0.52761 1.88778 -0.11266
3.18198 1.42586 0.05938
2.58864 1.44178 0.70865
1.84119 2.22976 -2.16262
2.49493 2.57561 -2.17059
1.54872 0.36235 0.94012
-0.20213 1.95733 0.64884
1.10629 2.59063 1.50865
-0.0156 0.672 2.09017
0.18761 2.6316 0.95649
0.771 2.6859 0.31907
1.96646 2.30521 0.65134
2.55967 3.29543 -0.41773
2.73018 3.35422 0.54246
0.81476 3.66203 1.47603
0.94719 4.93013 0.8563
3.07893 4.35864 -0.50819
3.72102 5.36795 -0.00411
2.99423 3.75921 -0.8052
3.69185 4.27023 0.21712
3.27301 4.12883 0.68436
3.44749 2.22371 0.89032
3.0613 2.38065 -0.34229
1.14005 2.05334 0.45959
0.96273 3.88613 2.38697
1.93168 2.00286 2.06571
2.12709 2.64253 -0.09188
1.67709 0.41581 2.17186
2.46124 -1.57908 1.38344
1.75232 -1.43396 2.33099
-0.24236 0.66752 3.43701
-0.20072 1.61612 -0.31164
-0.98707 2.91888 0.65975
-0.35909 2.92868 0.48789
0.72935 5.1195 1.60522
2.19062 5.80553 -1.59378
0.86004 6.55579 -0.70523
1.80941 6.08055 -1.63502
3.04187 3.23604 -0.838
2.06412 2.49744 -0.2236
3.28359 2.4797 0.99778
2.97249 3.4695 1.20151
2.33447 3.54336 -1.21465
4.14016 2.67274 0.95014
2.37165 1.79359 0.17567
0.10566 3.71791 0.23919
-0.24586 4.8279 2.52688
-0.04025 5.97408 0.90491
-1.25285 6.59405 -0.16977
0.00649 6.45058 0.91144
-0.62244 5.39627 1.89751
-0.82964 6.54696 -0.21817
1.93566 6.58361 1.07183
2.3351 6.61717 -0.62988
1.44908 5.12147 0.80604
1.79895 3.44084 0.14969
2.04518 3.35095 0.22127
2.11985 3.53156 0.03162
2.13987 3.91504 0.17888
1.40581 2.76837 -0.39909
1.73412 3.73276 -1.04241
1.34996 2.51079 0.02149
-0.09381 1.49735 0.05499
0.29213 -0.06828 2.36395
1.58285 1.68203 0.415
0.07394 2.66185 1.57875
0.21781 3.3246 0.69633
-0.2932 2.78537 1.3844
1.35666 3.065 -0.47483
2.30388 3.65093 -0.73462
0.72223 3.0893 -0.61915
1.07974 3.81324 2.14959
1.41452 4.90387 0.34351
1.72415 3.89987 -0.28769
1.42904 2.06906 0.82104
2.07096 2.97387 0.88596
1.11729 2.73738 0.24311
0.65664 1.85968 -0.85054
0.99981 4.04751 -0.96799
2.58986 2.37494 2.19751
0.92965 1.03118 -1.81937
2.36108 2.70021 0.60735
0.43662 2.61387 1.08967
0.81436 2.58075 0.42561
1.9463 1.57371 0.07349
-0.39496 0.64137 0.17688
-0.4907 1.16369 -1.09595
-1.18544 0.8826 1.65711
-0.90028 2.35913 -1.57654
-1.47257 1.1564 1.94519
-0.65905 0.6077 -1.56622
1.27844 0.87906 -1.89614
0.99795 -0.0087 1.99128
0.4669 0.88199 0.91163
1.3028 1.28152 -0.71138
-0.11579 1.87387 0.91869
0.28043 2.45191 0.71826
1.23884 2.06844 0.64105
2.05616 1.83043 0.4962
1.20087 -0.36634 -0.83647
3.23712 0.67653 0.66719
2.16867 0.31383 -0.70912
0.50167 -0.54286 -0.16008
-0.04274 -1.24313 -0.49077
0.77156 -2.42487 1.63104
0.67092 -2.1857 -0.54218
-0.77632 -2.3109 -0.42857
-2.24637 -2.12698 -1.58753
-1.48731 -0.35632 2.32477
-0.60342 0.13339 -1.14701
1.43979 -0.68783 -1.49792
1.08347 -0.06409 -0.8123
-0.54395 -0.28967 -0.5456
1.23809 -0.64649 2.26664
0.22599 -0.25342 -0.40372
1.73154 -0.09131 -0.09107
