-1.55445 0.93568 0.34077
-0.46545 1.88876 2.50499
0.25618 1.4841 2.54231
0.20026 0.6024 1.10691
1.31558 0.0217 1.72257
-1.66506 1.12442 1.16941
1.47192 0.69661 0.08975
0.37246 0.23995 0.15892
-2.4892 0.67594 -1.82028
-0.88564 -0.1376 -1.18743
0.57749 -1.1894 -1.6625
-0.24205 -0.28433 0.70351
-1.58729 0.65791 -0.894
-2.08145 -0.31086 -0.46418
-1.5722 -0.88667 0.58767
-0.81052 -1.14071 -0.44239
-0.68723 -2.73104 -1.70429
0.51091 -2.09396 -1.41516
-1.50204 1.14601 -0.30967
-1.35602 3.32036 -0.46584
-0.68277 3.53096 -0.27943
-0.87681 2.29631 -0.60204
-0.05614 1.82204 -2.55439
-0.82603 0.92473 -0.85864
-0.95841 -0.64718 0.60856
-1.84845 0.70904 1.45438
0.74242 -1.28351 1.29872
-0.3729 -1.22262 0.5897
-1.10679 -0.94173 1.80694
1.3866 -0.43728 -0.30362
1.46702 2.01859 -0.12471
0.45908 0.29131 -0.15339
1.41965 0.19657 -0.27203
-0.10009 1.4626 0.72702
0.39366 1.18243 0.39372
-0.76337 -0.24415 -1.14824
0.40937 -0.07106 -0.76588
0.79356 -0.44762 -2.24114
1.04432 0.96242 -0.31503
-0.58441 -0.55454 -0.26384
-1.306 -0.42539 0.66968
-1.97068 -2.34063 -0.18816
1.49152 -2.35766 -1.3078
0.48722 -2.60011 -0.59038
-1.16311 -3.88657 -1.7064
-1.39416 -0.40449 -2.22371
-1.37181 0.25861 0.05409
-1.16841 0.12635 0.19136
-0.09173 -0.66178 -1.4852
-1.92519 0.56621 -2.63376
0.81634 0.4702 -1.7142
-0.63105 0.09515 -0.28879
0.20544 -0.25599 -1.06778
-2.07582 0.81127 -1.70992
0.36014 1.26837 0.38504
-0.12346 -0.22132 0.32838
-0.45918 -2.43879 -0.54405
0.3161 -0.35803 -0.43494
0.30311 -0.9274 -0.05233
0.93507 0.76884 -0.40264
-0.38925 0.22483 0.32191
-1.19149 -0.14368 -1.92981
-0.972 -0.7823 -0.35064
-0.28011 -0.6815 0.52065
0.24173 1.79892 0.41196
-0.52967 2.19819 1.38532
-0.24464 1.9153 0.58957
-0.18356 0.59377 -0.48407
-0.21838 0.86358 -1.81852
2.45959 -0.43324 0.86321
-0.25383 -0.17271 0.87434
0.8497 -2.14718 -0.13509
-0.46487 -0.3624 -1.74206
1.12754 -0.35286 0.42016
0.3042 -0.89249 -0.28168
0.29331 -1.49223 1.29746
0.33288 -0.36249 2.55518
0.50094 -0.23021 -0.99529
0.06693 -1.09037 -1.97479
0.72868 -1.59759 -1.14069
0.87714 -1.46053 -0.49415
-0.99354 0.88183 0.32117
0.17017 -0.05736 0.87564
-0.48444 2.08995 -0.45631
0.8177 1.43679 -0.84108
0.78334 1.21302 -1.00876
0.60097 0.5134 -0.27903
0.88669 -0.55694 -0.05894
0.21793 -0.71418 1.1816
0.37628 -0.43855 1.69714
-1.55545 -2.16064 -0.5731
0.00793 -2.10032 -0.00396
0.55769 -1.6716 0.54283
1.9033 -2.91106 0.69153
0.95814 -2.72098 0.25917
1.00953 -1.27905 -1.46125
1.63169 -1.91771 -0.68202
-0.17348 -0.54616 -0.40079
0.43286 0.43755 -0.09076
-0.28211 0.36886 -0.40632
-0.27467 -0.79249 0.00669
0.13429 -0.80491 -0.2009
-0.65475 -1.79662 0.88387
0.00216 -1.43094 1.45684
-0.18634 -0.04858 1.33663
-0.31472 -1.97145 -1.80984
0.82909 -0.43668 -1.3477
0.40021 0.48408 0.08505
1.77018 -0.78457 0.04276
0.75431 -2.68527 -0.52172
-0.57573 -1.92092 -0.53453
2.14587 -0.3647 0.67963
-0.45763 -0.61048 1.10669
-1.71783 -0.34975 0.71566
0.20065 0.39113 -0.95338
-0.05581 -2.04938 -0.41334
-0.92648 -2.80201 -0.94987
-0.05872 -1.15594 -2.24059
-1.56081 0.42915 -2.93122
-0.17121 0.99956 -0.37815
-1.50536 0.05352 0.27184
-1.63018 -1.01866 -0.18739
-0.86697 -1.04336 -0.7339
-0.00949 0.00844 -1.59329
0.74577 0.96445 1.44352
0.15193 0.43501 1.43812
0.13912 2.02991 -2.20103
0.13249 2.90274 0.5756
-1.63079 2.93659 0.27845
0.57456 2.26661 -0.60906
0.57413 0.98824 0.06403
-1.17215 0.29352 0.63698
0.16565 -0.17875 0.80747
-1.04992 0.46268 2.31878
-0.76299 1.05881 0.82975
-0.79256 0.1823 -1.04747
0.87441 2.44455 -1.36382
0.45929 0.45393 -2.5938
0.60095 -0.76464 -1.25713
0.32508 -2.3853 -0.45607
0.72315 -2.02336 0.0923
-1.35391 -2.40942 0.81137
-1.36712 -3.16326 1.48379
-0.64691 -2.24566 3.33521
0.24798 -1.04129 1.10631
0.21116 -0.85332 -1.15673
0.65793 -1.28638 0.18825
2.12772 -0.43855 -1.74799
2.39642 -0.99427 -0.98055
0.30417 -0.17505 -1.30011
