-6.05441 -2.67165 -3.5745
-5.63629 -3.79251 -4.63767
-6.30466 -4.83747 -4.81562
-6.15378 -3.11119 -6.70382
-6.09522 -2.58264 -3.51661
-4.81658 -1.46624 -3.81617
-3.80164 -2.14136 -3.98914
-4.72236 -1.16745 -5.1403
-3.96613 -2.03287 -5.6165
-3.85901 -4.62828 -5.5619
-4.30985 -5.73352 -3.48295
-2.59294 -4.61386 -2.60668
-5.08059 -5.71708 -0.74922
-4.09731 -4.76638 -1.64303
-4.32961 -5.03852 -2.48102
-3.73617 -5.30859 -1.34158
-3.25827 -3.01466 -0.86557
-1.89935 -3.10682 -2.68216
-3.66062 -3.8401 0.08805
-4.15989 -2.78054 -0.49199
-4.59382 -3.03946 -3.12612
-4.395 -3.33785 -0.9781
-2.74915 -3.83223 -0.86998
-3.85078 -4.64054 -3.07933
-5.26241 -3.7478 -3.64532
-3.70489 -1.90891 -3.32052
-4.71748 -0.11022 -2.41314
-4.25573 1.53539 -2.29973
-3.81585 2.55143 -4.08759
-1.97125 0.83357 -3.7575
-1.30454 0.86544 -2.94195
-1.19142 -0.03521 -2.85508
-1.73801 -2.54272 -1.51108
-2.66738 -2.89435 0.87061
-1.68506 -3.97776 0.75137
-2.89305 -4.50395 -1.22639
-2.68901 -4.8556 -0.04008
-3.91699 -5.75686 -1.69174
-4.61363 -4.84331 -0.92333
-3.87838 -4.00539 -2.11793
-3.39684 -3.52018 -2.80117
-4.46627 -3.01375 -1.98255
-4.97337 -1.78644 -2.82551
-4.15513 -2.12422 -2.02139
-4.09041 -1.78166 -3.02072
-2.23504 -2.47488 -3.16077
-1.94285 -2.40519 -3.27589
-1.37504 -2.26597 -3.3525
-0.97457 -1.04306 -3.89932
0.02414 -0.50204 -2.64888
-1.77344 -1.5239 -4.1775
-1.42569 -0.85699 -3.40484
-3.32561 -0.72145 -2.19087
-3.78251 0.84378 -0.71071
-1.77582 2.7816 -2.01919
-4.26165 2.23714 -2.39181
-2.35509 1.96899 -3.72469
-2.68143 0.80526 -3.53431
-3.64532 0.52079 -1.98852
-2.39518 2.28722 -1.67096
-1.87323 2.13471 -1.70419
-1.5014 3.4516 -2.23353
-1.20134 3.6393 0.03204
-1.51785 4.4862 1.29788
-0.77907 7.2249 -0.15694
0.22808 7.35245 0.40143
2.44269 5.42142 0.84442
4.05219 3.83531 1.17809
5.22509 4.92152 2.17908
4.34493 4.49103 0.66798
4.48648 3.89485 3.16425
4.11976 2.45454 0.68168
4.12452 1.95344 2.13711
5.0942 0.96566 2.46015
4.45836 2.16402 0.74332
3.03803 0.51515 0.91097
2.75929 0.64809 1.5715
2.38696 0.6418 1.57345
0.84245 0.73602 2.0411
-0.6227 1.39532 1.82089
0.45168 -0.27451 0.35936
0.21413 0.67661 0.53998
-0.19725 0.34815 2.12435
-0.54284 -0.67956 0.35646
0.25413 -2.1796 -1.06237
-0.39939 -2.89094 -1.09475
-0.32708 -2.74897 -0.76261
0.37816 -2.738 -1.38907
-1.21148 -3.37026 -2.3464
-2.41962 -3.62012 -1.43641
-2.80736 -2.30198 -0.0377
-2.50268 -1.41919 -0.37744
-4.02202 -0.41578 -2.26185
-4.08239 0.42219 -2.56209
-2.51579 -0.96033 -2.50915
-2.406 -0.33134 -2.51848
-2.01054 -1.51651 -2.97462
-0.7232 0.27012 -3.25412
-0.58328 1.12913 -2.29907
-0.64954 2.04961 -1.07085
-0.82449 1.46495 -0.96925
-1.46437 1.77353 0.0103
-1.95142 0.74192 1.29045
-0.13921 0.68382 0.28074
0.83216 0.94214 -0.71501
3.25974 -0.48945 -1.68136
4.3657 1.20179 0.17612
3.43161 1.57834 0.01764
-1.10075 2.93587 0.49681
-1.86858 2.97253 -0.27112
-1.30673 2.65459 -0.7887
1.35967 3.1699 -0.26865
0.1354 3.58966 -2.42919
-1.08271 1.54713 -1.88481
0.13543 1.5205 -2.28188
0.10612 1.34699 -0.83958
0.58606 0.29793 -1.67518
0.55989 0.01801 -0.56753
-0.67871 -0.83443 -0.9416
-0.97401 -1.45214 0.06554
-0.81957 -0.7274 0.07449
-1.26352 -1.88754 0.25498
-0.91556 -1.68126 0.10604
-1.58579 -0.60903 -1.62334
-2.63967 -0.08789 -0.6532
-1.78765 0.41392 -1.59122
-1.60473 1.30242 -1.38499
-1.65432 1.0131 -1.8942
0.45061 1.76487 -1.36162
-0.354 1.6381 -1.26477
0.68359 0.86677 -0.29324
-0.21098 0.62524 -1.04938
-0.08823 0.50597 -0.4558
-0.65059 -0.13891 -0.72964
0.31423 0.64879 -1.21968
0.25769 0.7807 -1.8004
-0.62022 -0.71982 -0.6254
1.50791 -1.3178 1.2055
2.181 -1.1625 1.91101
0.43694 -0.37547 2.20097
0.74564 -0.36195 0.21317
-0.279 0.07084 -0.05315
2.37394 -0.1667 -1.85813
2.03495 -1.67874 -2.62612
1.61332 0.40645 -3.86699
1.07713 2.35263 -0.98725
-0.30075 2.65482 -2.66055
-1.93273 1.97856 -0.54602
-0.43547 1.71623 -1.64448
0.79995 1.94229 -0.80608
