-2.38601 -0.72888 -0.37357
-1.48696 -1.40107 -2.11969
-2.51339 -1.5112 1.03473
-0.41124 -1.90412 0.85645
-1.35164 -3.28892 1.48094
0.00306 -2.29921 0.10902
-0.01781 -1.42574 0.45021
3.00098 -2.41317 -0.9674
2.03265 -1.83156 1.38695
0.18011 -0.52177 -3.23615
-0.13173 0.8582 -2.07269
-1.95547 -0.27835 -1.33198
-1.44691 -1.02535 -1.66562
-0.47065 -0.3654 -4.1468
-0.50798 -1.44278 -1.13218
-0.41229 -1.20235 0.28945
0.86187 -0.4323 -0.58933
0.73963 -0.43322 -1.41226
-0.81845 -1.39599 -1.12617
0.14993 -2.17136 0.30443
1.1555 -0.72814 -0.69404
0.45662 -1.61959 0.46017
-0.29727 -1.69164 -1.03689
1.24609 -2.14904 0.22745
0.36307 -0.38501 -0.44283
1.32337 -0.06396 -1.25216
-0.73738 -0.84952 -1.52098
1.63637 -0.53135 -1.93183
0.14013 -0.16371 -1.70845
-0.93009 -0.2553 -0.49062
-2.35576 -1.32415 0.94231
-4.12077 -0.93945 1.04695
-2.34976 -1.25081 -0.75455
-1.04842 -1.21438 0.22725
0.1784 0.29195 0.14797
-2.49236 -0.08735 -1.01054
-1.04763 -0.73328 -3.83284
-1.62321 -1.6847 -1.68326
-2.49596 -0.87403 -0.8659
-1.21553 1.41038 0.43097
0.528 -1.12211 -0.33174
-0.19177 -1.63063 -0.80746
1.47597 -0.27043 -0.47582
0.9913 -0.40303 -1.18088
-0.90829 0.8983 1.0569
-1.85091 -0.05862 -1.39456
1.10468 0.19823 0.53847
2.8009 -0.83313 -1.6766
3.21472 -1.56846 -1.08758
3.24898 -1.19615 -0.90973
0.56577 -1.80239 0.17622
-0.16552 -0.4563 -0.64477
0.74595 -0.75688 -0.52275
-0.54282 -3.41069 -1.79235
-2.23546 -0.65293 -2.53115
-3.17111 -0.66202 -1.51625
-2.69424 -0.45831 -1.11481
-1.09523 1.34988 -1.17469
-0.27287 1.78741 -1.66234
0.29203 0.37316 -0.99044
0.37279 -0.89494 -0.06491
1.13617 -0.25599 0.19397
2.19539 -0.7748 -0.82557
0.39252 -0.8737 0.41105
-0.73871 -1.10491 1.35698
0.74271 -0.56065 1.5558
-0.40405 0.6997 -0.46013
-0.56367 0.12299 -0.26489
1.70657 0.48884 -0.84309
1.09807 1.1239 -0.07572
0.47585 1.17495 -1.15904
-1.23149 1.15288 0.66028
-2.4218 2.34018 -0.47046
-1.62856 1.19321 -1.73256
-2.24804 0.55303 0.1609
-1.56656 1.02345 3.03867
-3.45782 1.61776 2.13826
-1.70364 0.47597 1.74411
-1.69276 -0.14846 0.46124
-0.48833 -0.66803 -1.11725
1.82516 0.83512 -0.36224
0.12788 2.28653 -1.53503
-0.05464 0.74359 -0.36324
0.0348 1.1522 0.06774
-0.44069 1.37943 0.69487
-0.78948 1.58739 -1.40287
0.44575 -0.06308 0.82957
0.45057 -2.15833 0.86764
1.02478 -2.93396 0.2382
-0.22055 -1.85985 1.49185
0.14828 -1.98272 -0.16771
1.1857 0.19406 -1.93086
0.69837 0.44592 1.07453
-1.6294 -0.58323 -1.98596
0.12554 -1.7892 -2.08759
-1.02169 -0.35515 -0.66382
-1.43289 2.42438 -0.91618
1.01058 1.4315 -0.01082
0.69772 0.68614 -0.80292
-1.59482 -0.08351 -0.9868
-1.47705 -0.58324 -0.93286
0.28388 -1.8737 0.19967
-0.39793 -1.68281 0.72671
0.13285 -0.78377 1.15714
-1.74834 0.61221 0.96481
0.33732 0.08409 1.09199
-0.6319 -1.18729 1.13145
-0.93758 -0.07574 -1.89223
0.41367 1.45234 -1.42459
-0.56295 0.814 -0.49538
-1.37314 0.889 1.15234
-1.90557 1.74741 0.47695
0.6408 1.7922 1.51583
-0.2025 -0.47125 0.60762
-0.36177 -0.40352 0.75604
0.59209 0.70544 2.61402
-0.39077 0.76844 1.39604
1.12025 0.9057 2.39103
1.07698 0.3887 1.91099
1.09675 -0.36604 0.35759
-0.0682 1.06412 0.1592
0.37026 1.04278 -1.0449
-0.17148 1.27908 1.13538
-1.24241 1.69409 0.9816
1.32672 0.68672 0.55484
2.64467 0.37457 0.27738
2.91036 1.11724 0.23037
2.18053 -0.48914 -0.55957
1.35967 2.22515 0.36441
0.07853 1.81461 0.91632
1.37733 1.05236 0.83079
1.85587 1.69695 2.09925
1.44595 1.29857 0.37356
0.86232 2.27215 0.2021
1.36271 2.18508 0.04442
2.72307 1.3131 1.23805
0.94733 0.8474 1.58765
1.08894 0.06188 1.40192
0.58855 0.07679 1.72087
1.36828 -0.68301 0.93695
2.83998 -0.94064 1.10216
2.50143 1.03108 1.93269
1.77648 0.71112 2.88802
1.11545 1.19547 0.64668
0.96091 1.42831 -0.17024
1.06682 0.78114 -1.60679
0.69533 -0.24157 1.06908
-1.25527 -0.63198 0.40573
0.42325 1.18334 1.11147
-1.12113 0.53128 0.85855
