-0.88189 -1.35446 -2.03006
-0.35985 -2.47977 -2.25856
-0.0363 -0.89689 -2.52374
-1.02134 0.02349 -3.93867
-0.36442 -1.20132 -5.15912
-2.23076 -0.96321 -4.22635
-3.85924 1.50779 -3.66111
-1.26461 -2.2606 -3.53439
-1.14187 -0.38376 -2.49568
-2.13279 -1.22798 -2.18801
0.74192 -0.88084 -2.44016
0.19063 0.22742 -3.47971
-0.87106 0.32736 -3.22268
-1.05941 -1.72683 -3.15623
-0.25547 -0.83583 -2.02206
-2.68296 -1.35692 -1.32691
-1.26729 -1.31202 -3.79134
-1.42138 1.07112 -3.39107
-2.25166 0.43922 -1.64463
0.43504 0.10183 -1.7923
-1.90613 -0.57426 -1.60349
-1.17145 0.20596 -1.63897
-0.0119 0.42333 -0.53259
-0.38547 2.56304 -1.72116
-0.27264 3.05159 -1.47133
-1.24896 2.20541 -0.33825
0.65374 1.99884 0.72493
0.11204 2.74154 -0.44908
0.31061 0.61231 -1.59139
-0.27001 0.61277 -0.3671
0.38645 2.43255 -0.13133
0.94136 2.50356 0.47747
2.17795 1.66532 -0.80151
-0.69747 1.65523 0.43311
0.8591 0.58058 0.65171
1.47373 0.85917 2.30831
2.16357 1.66063 3.27559
-0.1712 -0.28942 4.99746
1.78863 0.00744 4.3874
0.36874 1.68366 3.70371
0.20619 1.88452 2.30428
0.59398 1.18752 3.86034
0.82765 1.74015 4.41477
0.89903 1.58083 5.14424
0.45142 1.53213 3.54433
1.6528 0.97024 2.98898
1.01312 1.31351 3.45175
0.14996 0.49855 2.30324
0.68591 1.59743 2.67693
1.06553 1.97993 0.99365
0.74203 0.14317 -0.38763
-1.12739 0.99078 -0.62176
-1.07152 1.58828 1.04394
0.28114 0.68821 2.5396
1.39544 1.54232 2.22214
-0.43553 0.66304 2.12216
0.55687 0.55227 2.73491
0.05501 0.47085 2.93169
1.61133 -0.32633 3.85336
1.29679 -0.10443 4.93417
1.31746 -0.79619 5.58921
2.35354 -0.29878 4.2355
1.8677 -0.49674 4.3643
1.92837 -0.20913 6.17343
-1.16699 -0.60641 5.67692
0.79143 0.84592 4.80765
0.33848 0.33052 4.36209
1.84844 2.06427 4.25635
0.08881 1.62916 6.42727
1.85781 2.79005 6.06673
2.52472 -0.66485 5.51759
3.29096 0.28349 6.38313
2.94671 0.79199 7.80813
1.85207 0.244 7.2393
4.04444 0.8308 7.14885
1.2989 -0.00988 7.3212
0.61116 -0.03193 4.39938
0.55784 1.21655 3.66915
0.40381 0.93211 2.66399
2.02767 1.44877 1.95214
-0.20101 0.88915 2.42126
2.47086 0.33336 2.1335
-0.23638 1.7947 1.13825
2.19855 1.57722 -0.10867
1.35114 -0.24615 -0.34455
1.07547 -0.65564 -0.45916
-1.10966 -0.90512 -0.33243
0.78092 0.506 -1.2298
2.18092 0.46544 -0.2155
-0.11978 -0.19046 1.28544
1.36748 -0.34163 1.83539
0.29977 -0.32661 1.14193
0.34317 -1.48815 -0.27661
-0.93614 -0.92471 -1.12514
-1.13192 -1.64602 -2.77303
0.42648 -0.44157 -2.80207
-0.42806 -0.83741 -0.90838
-0.94651 0.61185 -0.38199
-0.94195 0.02248 1.02572
-0.86287 -0.5429 1.58666
2.55919 -0.41203 2.59258
0.52025 1.23615 3.1638
3.32053 1.56711 3.32287
1.05401 0.76005 3.41909
1.18884 1.09919 3.29671
1.88404 0.21977 3.51818
2.23597 -0.17868 4.31779
1.36577 -0.57898 3.5741
-1.51625 0.45326 3.05975
1.11802 2.13409 2.83052
-0.70519 1.4936 1.93168
0.80368 1.07504 3.15863
0.0394 -0.95412 4.44387
2.38924 -2.30765 4.70568
1.2748 -1.46258 3.79378
0.33117 -0.08392 3.88528
0.64373 -0.86699 2.10971
0.68177 -0.6503 1.65634
-2.01367 -0.25999 0.4219
-1.69059 -2.92516 -1.00345
0.05476 -2.26769 -0.88634
0.3531 -0.26467 -2.21233
-0.67927 -3.08535 -2.09027
-0.49973 -1.7643 -3.3042
-0.42747 -0.97646 -3.63905
-1.29338 0.11861 -4.93223
0.2009 0.12487 -5.61342
-1.48141 1.56445 -3.51413
-1.91176 1.00521 -4.91352
-0.36534 0.16164 -4.6601
-0.84679 1.54699 -1.87053
1.27789 0.32432 0.54577
0.62301 0.42122 0.28226
1.38405 0.21748 0.70506
-0.75038 1.0509 0.6895
2.27752 1.58954 1.28091
0.09359 1.07432 -0.08736
0.18144 0.80941 0.31011
1.32941 1.80368 0.2211
-0.53674 1.14753 1.76906
0.37067 1.2807 0.91846
0.8618 -0.22278 1.28339
0.51966 -0.47322 2.35818
0.05706 -0.52521 2.76422
1.33186 -0.09486 1.07173
1.10959 -0.64621 1.26421
1.08843 -0.52513 0.07817
0.00079 -1.44914 0.10466
-1.9025 -0.66204 0.25622
-0.35426 -1.70871 -0.24335
