-1.22978 0.93791 -1.04275
0.57537 2.87607 1.21977
-0.87603 2.26867 1.2957
-0.76113 1.35653 1.20126
-0.55015 1.35887 1.26122
-0.04343 1.33475 -0.03568
-0.50132 0.75528 -1.19492
0.61631 1.08244 -1.85475
0.35076 1.24029 -2.30876
0.66168 1.83768 -1.92756
2.09717 1.09278 -0.64654
1.75663 1.5859 0.50014
1.49294 1.2782 1.34294
2.19307 2.02259 0.86249
2.10425 3.06384 3.42017
2.35619 1.0491 3.94681
3.68977 1.48931 2.79725
3.70822 3.38138 1.61206
5.32013 4.55428 1.38856
5.87213 6.43322 0.60622
4.72999 6.65554 1.66304
3.08426 6.93498 1.50965
3.92789 7.70657 1.44401
5.81844 8.79759 2.37384
4.5796 10.40575 3.50879
4.09404 11.91169 5.13491
3.48867 13.39401 4.5692
2.14847 12.49776 5.28292
1.48163 14.59911 2.68356
0.98207 15.28032 1.50071
1.87191 15.85107 2.38714
1.85011 16.05124 2.16161
2.64583 15.52173 1.6855
3.64285 15.94864 2.3543
3.77413 15.22429 0.98477
0.74816 14.43316 2.85217
0.19173 13.39536 1.38369
0.16199 14.31685 1.2985
1.76275 14.39939 0.05972
2.05212 12.75778 1.42975
1.35067 12.80855 -0.66753
0.15791 10.67507 -1.17825
0.71736 8.72048 -0.11068
0.21406 8.23245 0.11803
-0.84496 7.08558 1.38656
-1.59314 5.24397 1.31147
-2.2648 4.79434 -1.28281
-2.20809 3.54148 1.16811
-1.91684 2.98597 -0.1207
-1.51757 1.4679 -0.14745
-1.7867 0.65172 0.70762
-2.05216 1.28721 -0.32588
-3.63059 0.87436 -0.92576
-3.94922 -0.08178 -1.28589
-3.46522 0.9371 -1.52431
-3.98825 0.4831 0.12412
-1.75631 -1.12703 -0.10369
-0.07898 -4.59309 -2.15755
-0.49331 -4.3977 -1.6043
-0.35017 -7.38228 -1.66023
0.2045 -9.02767 -0.63382
-3.09876 -8.9607 0.03718
-3.69305 -8.59372 0.43967
-3.53689 -6.50487 -0.11792
-3.52426 -6.63306 -0.20835
-3.33743 -7.22485 -0.21926
-4.06085 -8.87705 -1.80796
-2.99612 -7.85125 -1.8724
-1.66288 -8.52212 -3.28035
-1.55037 -8.42354 -3.71982
-1.6566 -8.77925 -3.00441
-0.54355 -8.87983 -2.80262
-0.90343 -10.43093 -2.97779
-0.90021 -11.80959 -3.49791
-2.03152 -11.91331 -4.08118
-1.23916 -12.21859 -1.49149
-0.12663 -11.55848 -1.16393
-0.36055 -11.73705 -1.54346
-1.11884 -13.85377 -0.24201
-0.90018 -12.51527 0.31315
0.1538 -12.42215 0.70389
-0.89626 -9.91206 1.44862
-2.45001 -7.35172 1.42047
-1.57133 -7.35152 1.13425
-0.96641 -6.46441 2.34097
-2.26515 -5.51672 1.13816
-1.31933 -5.81542 0.01906
-3.37629 -5.9115 -0.85936
-3.71775 -4.74546 -1.32361
-3.07299 -4.74249 0.76592
-3.0812 -3.99421 -0.70854
-2.68588 -3.11515 0.29148
-1.83401 -3.74169 -0.93076
-2.52643 -5.85629 -0.21
-2.38054 -4.92812 -0.19902
-2.64558 -6.42464 -0.71798
-2.76501 -6.03642 -1.72353
-1.24806 -4.84664 -2.14428
0.21866 -3.94769 -0.93578
-0.28552 -4.33349 -0.08805
-1.37992 -5.00268 -0.77694
-0.55014 -5.33619 -0.60575
-0.91702 -5.55496 -1.20619
0.16556 -6.33747 -0.71907
-1.44718 -3.73096 -1.15713
-2.45136 -2.75117 -1.90547
-1.98629 -4.00601 0.26984
-1.75345 -2.6466 -1.36609
-1.4089 -3.36598 0.61659
-1.22439 -3.61541 -0.322
-0.91563 -2.72841 -1.24296
0.62463 -0.87049 0.00219
1.38026 -0.2737 0.23857
2.32342 -0.45997 -1.63151
3.69021 -0.88088 -2.00414
2.86858 -0.92008 -0.42186
1.40277 -0.40344 -0.47154
1.3423 2.76303 0.64332
0.55564 3.50856 0.58834
-0.68642 2.32234 1.72425
-1.66431 2.68552 1.13205
-2.85104 1.56899 1.13662
-3.3959 3.4533 3.76417
-3.42722 3.61234 3.14678
-3.88391 3.81292 3.14411
-3.92294 2.32769 0.49196
-2.3957 1.97998 -0.2014
-2.37409 2.29528 -1.48925
-2.6822 3.50314 -1.60464
-3.19743 2.87143 -2.51922
-3.24297 3.93457 -3.15472
-2.5267 1.38877 -2.59372
-0.07461 -0.78118 -1.71935
0.8191 -0.09945 -0.8568
0.50066 -2.10695 -0.83361
0.86935 -4.89296 -0.93989
2.42484 -4.0056 -0.56815
2.02694 -3.96952 -0.72157
1.10234 -2.37627 0.63377
2.08503 -1.70705 0.50308
0.46178 -1.45914 1.29659
0.36937 -0.42977 3.64933
1.93214 -0.32112 3.62209
2.53404 1.32911 2.84772
3.90579 2.87656 2.9221
2.43352 3.9513 2.18609
2.87904 5.53993 0.87888
0.22843 6.85783 1.7367
0.85841 9.46778 0.53478
-0.58326 11.48497 1.72449
