0.17879 2.39623 2.50955
-0.23509 1.08416 2.48124
2.46627 2.05005 1.455
2.1832 3.01034 3.19062
1.44327 1.09587 4.77064
0.84414 -0.26545 4.02137
1.34853 0.01071 4.02345
3.21461 1.44324 6.18711
3.97687 1.84832 5.95835
2.48223 3.66023 6.44749
1.65492 3.94853 6.22516
1.67847 3.2004 4.22506
2.3941 1.34788 3.63671
2.72628 2.45637 2.2935
3.24708 2.71881 2.89411
3.92209 2.10945 3.79167
3.51757 3.20665 3.98566
2.17115 5.21944 2.14557
1.49134 3.38337 1.99528
0.27055 2.14697 1.73045
1.86814 2.31234 1.0436
-0.52782 2.12786 1.01353
2.19041 1.39997 -0.13557
2.18749 2.5995 -0.93356
0.53697 2.81888 -0.17177
1.28606 3.21319 0.66842
0.44984 2.19935 -0.68887
-0.57318 1.96995 -0.38327
-0.17745 1.34239 -1.99739
-0.06321 0.62475 0.5773
-0.00014 0.65972 1.42401
-0.11292 -0.05092 2.01995
0.77868 -0.70941 1.27994
0.21562 0.97817 1.395
-0.97371 -0.08022 2.56769
0.43694 -1.6206 2.45617
-0.35217 -1.08855 1.37392
-0.40549 -0.19925 0.49502
-0.82842 0.24174 2.80796
0.20167 -0.00178 3.10388
2.53998 -1.08813 3.20017
1.29561 0.36722 2.60165
1.0685 -0.58212 4.23422
1.0454 -0.31224 3.597
1.17844 -1.74248 1.93798
-1.08256 -0.32833 2.26561
0.64072 -1.13921 0.67543
2.75844 -0.98068 -1.46292
0.19419 -1.33419 -0.79573
-1.59254 -1.32212 -1.22823
0.18847 -0.66147 -1.90811
0.28164 -0.34537 -2.67263
-1.18083 0.26774 -2.07671
-1.77783 -0.08532 -2.22651
-2.64831 -0.74738 -0.94021
-0.57353 -1.54423 -0.32267
-1.52345 -3.20533 -0.57561
0.22189 -2.61397 0.19765
0.49454 -1.49081 1.16687
-2.6595 -0.65218 2.20636
-0.42804 -0.94818 1.81297
1.46623 -1.36501 1.58598
1.30734 -0.45499 1.94162
-0.32699 1.67554 2.68556
1.49949 0.34153 2.51943
-0.69202 2.12368 1.77742
-0.09838 3.49021 2.12389
-0.53816 2.2133 1.03846
0.88355 1.14045 1.95601
-0.89893 -0.10412 4.22047
-0.2863 -1.13871 3.80063
2.12913 0.24724 2.42479
1.59848 1.34246 1.31369
0.19458 0.83275 2.31325
0.11405 1.97921 2.06714
-0.93437 3.03428 2.19177
0.61416 2.29194 3.00386
1.6196 1.75706 1.82584
1.67978 1.67809 3.028
1.00846 2.17888 2.01036
0.72231 1.11036 1.91572
-0.2757 -0.89682 1.26067
0.46544 0.76343 1.7965
2.16469 0.13318 1.73984
2.91148 0.70932 0.76169
1.5623 -1.07589 2.12609
-0.45386 0.12393 1.60028
-0.80489 1.0391 1.33994
-0.86288 -0.17218 2.39744
-1.74831 -0.053 2.87546
1.32598 -0.90945 2.32079
1.36896 -0.02898 1.47505
2.00176 0.48466 -0.01603
1.34032 0.09717 -0.37602
-0.60624 -1.17555 -1.01017
-1.73982 -1.79784 -4.19949
-0.96086 -2.88021 -2.19975
-3.22273 -2.89337 -3.09024
-2.49943 -1.30468 -2.13112
-0.17462 -2.55351 -1.8998
0.60619 -3.71514 -1.6396
-0.86858 -1.30168 -3.03976
-1.00245 -1.13387 -5.43294
-2.44872 -0.75078 -6.36296
-1.14324 -0.66155 -5.79369
-3.26806 -1.95582 -6.38845
-1.7001 -2.5679 -6.31167
-0.97128 -1.20492 -5.47997
-2.81461 0.0611 -4.9235
-3.20087 -1.88705 -4.46824
-2.89313 -1.85641 -4.92471
-3.57671 -2.91565 -5.55991
-3.35877 -0.65583 -5.57662
-2.2449 -0.33358 -3.78923
-0.82661 0.30646 -4.393
-2.2581 -0.0725 -2.87082
-2.62471 -1.37694 -3.5761
-1.42291 -2.49398 -4.32483
-1.87806 -2.09826 -4.37752
-0.65423 -0.82333 -3.29216
-0.96933 -2.33722 -3.28772
-0.7318 0.60579 -3.96937
-1.89047 0.81936 -4.10832
-2.12525 -0.01716 -3.85097
-1.06233 0.40484 -2.62082
-1.89973 1.27446 -3.48838
-1.37798 -0.45076 -4.34523
-1.28199 1.27083 -2.53734
-0.43482 0.27942 -1.66774
-1.36337 -0.27483 -1.96949
0.23625 -1.33842 -1.6695
-1.59896 -1.22573 -2.4299
-0.8599 -0.30243 -3.30125
-1.11204 0.08271 -2.64495
-1.77336 -1.42945 -4.47783
0.86223 -2.90777 -4.13126
-1.33508 -0.62316 -4.18341
0.11015 -0.02651 -3.88422
-1.56631 0.0941 -3.9172
-0.49869 0.96097 -2.11501
-0.70283 1.77735 -3.08979
-3.48548 1.04448 -3.49717
-1.03804 -0.15364 -2.39462
-0.22791 0.46607 -1.86947
0.59437 -0.42819 -3.06806
0.32179 1.29949 -4.1604
0.67341 -0.50783 -4.04154
-1.86375 0.19932 -4.08997
-1.21447 1.4638 -3.28358
-1.03634 1.60734 -3.81784
