-1.53805 -0.38849 2.07519
-3.00928 -1.01237 2.55013
-3.30941 -0.16253 3.25484
-0.56037 -0.13212 2.2965
-1.16917 0.87497 1.21314
-0.49268 1.27484 1.25539
-0.79532 1.68034 2.14994
-1.55586 3.07448 2.59398
-2.58871 2.52404 4.2569
-0.11353 1.94892 4.79759
0.17775 1.49444 5.1304
0.17681 1.23814 3.2577
0.18631 0.75511 4.66069
-0.59869 1.39154 2.31938
1.80841 1.92139 1.88617
2.05157 1.76076 1.66909
0.10924 1.98123 2.84478
-1.04374 2.4624 1.64554
1.45371 3.97361 2.44373
1.80339 4.40848 3.48234
2.16094 4.90892 3.66298
0.89841 3.72632 4.72759
1.10367 5.29269 5.26673
1.51768 5.78637 7.92847
0.2438 5.65793 9.18708
0.04493 6.21602 9.99581
3.14091 4.74035 10.88783
3.82734 3.63969 13.17486
4.86245 2.2432 12.88932
4.72395 2.8113 12.93157
4.91692 1.85188 13.18081
3.14946 0.40422 12.96398
2.04065 1.11595 14.49331
0.71255 1.88736 14.76553
1.10641 3.20139 13.67729
2.22393 2.69342 13.30762
0.62879 2.09635 12.44078
1.06379 2.99819 12.97583
2.62713 4.28068 12.71197
2.34983 1.82292 14.28965
2.17161 2.17108 13.65653
1.28187 2.06852 12.99519
1.70112 3.25158 13.53763
2.02952 2.60417 13.65302
1.36551 2.36797 13.77105
4.00202 2.35331 14.30676
4.80378 1.72193 14.53331
4.2828 0.42413 12.63143
4.40979 1.48358 11.29101
4.3975 1.63135 12.89497
2.13912 1.02235 11.96697
1.17498 1.81388 12.39636
-0.39277 1.74178 12.18673
1.48533 1.0723 10.19324
1.00269 0.61558 9.45401
0.01144 -0.16037 6.72472
0.21519 1.47883 7.11734
-0.44268 2.24254 6.54642
1.75225 3.56471 7.69263
0.28105 1.91231 8.0729
0.75826 2.13894 8.98328
1.93784 1.92751 10.69959
2.55864 1.76735 9.69994
0.21161 2.36153 10.05559
1.14766 2.16414 10.40797
-0.09362 2.72034 11.70904
1.26865 0.37194 11.00921
2.58273 0.42415 10.39586
0.881 0.65859 8.63613
0.92115 1.46868 7.14598
0.10495 1.36462 7.28553
0.63635 2.29233 8.11168
1.53846 2.30415 7.84497
1.34376 2.01215 7.15959
0.01349 2.18205 8.13135
1.18549 1.84453 8.87045
-0.36623 1.54444 9.71534
-1.43726 0.85512 8.79037
0.00519 0.90165 9.45528
0.79457 -0.21867 9.10915
0.9023 -0.52932 7.8005
2.79934 0.88524 7.87676
1.62817 -1.45016 7.66532
2.48247 -1.75465 5.51014
2.55054 0.98936 5.25471
-0.45122 1.432 5.75561
0.29571 0.249 5.77904
0.75518 0.81309 5.86988
1.86611 -0.06932 6.49631
0.06337 0.44873 8.21968
0.65368 2.11174 8.7869
2.05103 0.60571 6.91535
0.41964 0.9889 5.36888
2.46591 1.04119 6.68694
1.26391 1.72809 5.98491
-0.14005 1.45917 6.29965
-0.20177 2.13903 6.97699
0.07424 1.43831 6.25417
-0.497 -0.06631 5.30151
1.24817 0.71578 5.80419
0.93894 0.51446 3.43294
1.99579 0.84556 3.5822
1.09443 1.1086 1.27132
-0.24611 -0.50961 -0.55707
0.05113 1.40922 0.32319
-0.1869 1.78454 -0.92974
-0.96698 2.43291 1.36001
-0.31635 2.98893 3.58032
0.35829 2.46889 4.42011
0.58485 3.34951 5.38052
2.18691 1.82036 5.34522
1.8602 0.85939 5.41612
1.62523 0.25238 5.72065
2.01666 -0.35006 4.53567
1.93025 -0.97758 4.88664
1.83557 -0.24429 5.72306
-0.66347 -0.3691 3.75608
0.92893 -1.06452 3.71959
0.89113 -1.20545 3.74993
-0.1464 -2.38841 1.72051
0.34698 -0.58513 1.40033
0.93045 -0.23533 0.5468
-1.5985 -0.89276 1.00787
-2.39748 -1.16915 1.96454
-1.26937 -1.25293 2.18259
-0.51178 0.63476 0.07312
-0.64182 2.21837 0.28128
-0.32185 -0.19886 0.49725
0.02206 0.85279 1.14736
0.21116 1.12685 2.11111
-0.47962 0.04197 1.70851
0.41177 -0.32023 1.27645
0.77102 -2.17754 2.18367
-0.10545 -2.32915 2.71881
-0.54132 -1.71135 0.38277
-0.04055 -2.22506 -0.30404
-1.09692 -2.68491 -0.64978
-0.74227 -2.70079 -0.49229
-2.15462 -1.92005 -0.37335
-2.98542 -1.2929 -0.98832
-0.87015 -0.61065 -2.0384
-1.30485 0.15841 -0.73049
-1.97201 0.81009 -3.169
-1.62348 1.3803 -2.67775
-2.08873 0.48764 -2.2333
-0.06904 0.69441 -3.04814
-0.81206 0.6598 -2.82301
1.81746 1.23308 -3.28136
2.29515 3.43652 -1.53915
-0.148 4.40571 -2.20863
