1.22468 0.13329 0.47433
0.75256 0.19649 1.59145
0.30353 -0.21956 3.44239
-0.7136 1.55897 3.19233
-1.20222 0.0948 4.26633
-2.62421 1.47171 3.86908
-3.90519 1.52958 1.57077
-1.43786 -0.10952 1.45774
-0.55247 0.04842 1.53844
1.29145 -1.14709 0.87765
-1.70689 -3.75133 -0.01045
-1.31519 -2.71894 0.72103
0.22204 -4.43408 -1.15754
-0.33982 -3.4926 -2.68752
-1.3731 -2.27116 -2.25201
-2.06283 -1.75354 -2.49726
-2.84287 -1.61002 -1.39963
-1.52766 -2.26091 -1.00298
0.60283 -0.66477 0.7907
0.37033 0.63122 1.19049
1.38522 -0.38083 -0.07791
-0.2875 -1.42762 0.70713
-0.69468 -1.28658 0.1128
-0.56112 -0.19697 -0.13556
-1.89143 0.52823 -1.55169
1.04254 1.06382 -1.01069
0.99193 1.273 0.55261
1.10901 0.43772 0.74509
0.29138 0.34761 0.51244
0.85548 0.31259 0.81728
0.30173 0.13647 -0.73368
1.52927 1.29315 1.028
0.76307 1.57368 0.95583
0.33062 -0.40708 0.65426
0.76294 -1.12542 2.15126
2.53744 0.07302 2.33015
-0.73817 0.53563 3.66722
-0.58231 0.52748 1.92263
-0.89757 0.08402 1.59865
-0.12204 -1.278 1.92196
0.68598 0.347 0.4744
-0.46692 2.25147 0.58765
-0.04459 4.96657 1.45696
1.03594 3.93391 -0.00342
1.1181 0.81581 0.21697
2.91138 -0.96072 0.74684
1.11113 -0.43068 0.93339
1.31018 -1.11091 0.34371
0.30207 -0.07555 0.64068
0.85387 0.7968 1.33107
0.16603 0.27697 0.99955
0.16856 2.49641 -0.17633
0.5706 1.61339 1.39641
0.94876 0.42811 2.26161
-0.7858 1.01733 2.689
-1.21429 -0.37042 0.71818
0.17324 0.09402 -0.19742
-0.25454 -1.44649 -0.73896
0.53319 -1.59796 -0.57456
0.47669 -0.26295 -0.74438
0.29388 -1.36614 -0.99717
0.19857 -0.80925 0.21423
0.6571 -1.36944 -1.11455
-0.53152 -2.57757 -1.50248
-1.05069 -2.61722 -1.71207
-2.06444 -2.00441 0.7452
-2.64909 -2.47643 -1.57177
-0.22458 -1.40657 -1.33201
1.29495 -2.14519 0.63154
1.26099 -0.79162 0.73402
-1.0444 0.34608 2.42844
-1.00275 0.63556 1.06979
-0.85668 0.29163 0.17353
2.36938 0.9447 -0.16085
2.19284 0.98034 1.76756
0.33118 1.05929 2.09402
-0.62114 0.48457 1.03577
-0.53039 -1.51316 2.70643
-1.21253 0.71148 -0.11994
-1.99775 2.20136 -0.66889
-1.11717 1.97533 -0.16372
-0.8533 0.82353 -1.273
0.3956 -0.122 0.48046
2.52124 -0.63753 0.76176
1.3557 -3.4349 2.22064
-0.19279 -4.11041 -0.73766
0.61031 -3.53976 0.18846
-1.12326 -1.97812 0.15263
-1.99843 0.51115 1.93682
-0.67012 0.88952 0.84676
-0.39962 1.026 1.01547
0.57246 1.07551 1.90609
1.71129 0.97899 3.92196
-0.39022 0.99273 3.85666
-1.08202 -0.40078 2.85739
0.23109 0.16647 1.2702
0.21398 -0.98956 -0.82448
-0.56294 -0.09784 -1.8329
-0.21642 -0.45673 -0.1793
-0.85752 -0.63107 -0.46731
0.46842 -1.79778 -0.56387
1.1593 0.92049 -0.43672
0.69563 1.3859 0.18967
-1.09191 1.67395 -0.48291
-0.27408 0.78247 -0.48098
0.81629 -0.40863 -0.41503
-0.81562 -0.35768 -0.46001
0.2006 -1.20081 -0.97429
-1.39828 0.93143 -1.09702
0.37349 0.98374 -2.11307
0.63881 2.04221 -1.04613
0.62001 2.41883 0.22824
0.48065 2.02645 0.12538
1.5915 1.31195 0.65456
1.41446 2.03078 -0.01211
1.34726 3.76263 2.17189
1.24206 3.90947 2.10731
0.34794 2.61394 4.03492
0.50462 1.59425 2.48326
3.35596 2.20478 2.05997
1.11182 3.07179 2.87222
0.29041 2.64962 2.85082
-1.04591 2.70452 2.72367
-1.40915 0.3078 1.05126
-0.27646 1.17839 0.28666
-0.45769 1.46034 2.36509
0.01211 1.57172 1.85599
0.85828 1.57802 1.23029
-0.39913 -0.14405 -0.5414
1.81989 0.2617 0.89063
1.67347 0.57223 -0.19891
-0.38756 -0.3507 1.55996
1.25373 -0.05205 1.20678
-0.24347 0.21886 0.97099
-1.55217 0.38146 1.29334
-0.65097 1.27768 -0.30276
-0.85617 1.85682 0.40358
-0.48975 3.05801 -0.05826
-0.80047 1.83799 -1.29331
1.44579 -0.18564 0.00943
2.40596 -0.0964 0.12757
1.91692 0.84047 1.74366
-0.27622 -0.54715 -1.27598
1.18813 0.43798 -1.91328
0.43176 1.08082 -0.55509
0.65626 1.52558 0.28353
0.8009 1.01862 0.14426
0.56687 -1.18264 0.37074
0.73213 0.00589 0.01132
-0.10907 -0.44332 -0.15398
