-0.89444 -0.09978 -0.04945
-0.72993 0.6781 0.14205
0.91669 0.46563 -0.36325
0.38571 -0.80591 0.00813
-1.28606 -0.96898 -0.53307
-2.0443 -2.15001 -0.05324
-1.92514 -0.75427 -0.16566
-0.59539 0.66528 0.72746
-1.80928 -0.31702 1.32824
0.1998 -0.97447 -1.11964
-0.08087 -2.81725 -0.26426
0.04893 0.91187 -0.45295
0.04011 -0.23608 -0.4953
1.39973 0.20246 -1.94407
0.76651 -1.73648 -1.67377
0.1503 -1.18439 -1.03795
0.11979 -0.06928 -2.05287
-0.3931 0.14031 -2.72546
-2.79945 -0.04449 -2.13243
-2.57449 0.36168 -1.63044
-0.72687 0.0162 -1.1531
0.02609 -2.30354 0.04953
-2.3258 0.83962 0.82773
-1.75475 0.21403 -1.55429
-2.56692 0.266 -1.51846
-0.18768 -0.06503 -0.91525
0.0872 -0.43118 -0.86437
1.58401 -0.86819 -3.01678
0.1031 0.06017 -1.50602
-1.43792 -0.85809 -1.4301
-0.90587 0.1366 -1.70563
-0.43283 1.05672 -2.29486
1.68384 -1.43387 -1.55903
1.54296 0.4484 1.65936
1.54282 0.44936 0.42571
1.10981 0.86622 1.18973
1.1725 -2.15842 1.27439
-0.00864 -1.64727 3.06857
0.39824 1.58383 1.2163
-0.74637 0.76807 -1.55096
1.2474 0.86389 -0.51748
0.00274 -0.84739 1.30016
1.05746 0.62596 2.40003
1.19687 0.15111 0.70934
0.34129 -1.43344 -0.59679
1.38232 0.26765 -0.27598
1.52579 -0.35924 -2.9161
2.39852 1.71936 -3.12291
3.6921 -0.90474 -1.65469
3.12803 0.63827 -1.89395
3.23476 0.25742 0.96194
4.27427 -0.87113 1.13414
3.30928 -0.29696 0.45655
3.28081 -1.47665 0.91824
3.65808 -1.40742 0.86459
2.88533 0.17743 1.3593
1.415 -0.14227 -0.32908
0.32934 -0.50064 -1.81515
-1.1142 1.5202 -0.7054
0.71141 0.15175 0.38954
-1.18676 2.38374 0.80823
-0.79626 -0.07032 1.22147
-1.30565 -1.25996 2.03179
-1.54752 -1.22711 1.92271
-1.31369 -0.07918 2.34116
-1.16268 0.62345 2.22253
-0.32409 0.87497 0.25323
-1.8408 1.19538 1.23704
-1.47963 0.74209 2.03398
-0.8302 1.26378 1.89339
-0.16968 -0.55051 1.23627
-0.1306 -0.42185 1.6098
-0.86884 2.09573 0.15486
-0.77865 -0.73055 -0.94701
-0.21312 -0.30163 -0.22828
-0.10056 -0.43175 -1.9525
0.74914 0.24368 -0.6776
1.60144 -1.95595 -1.46518
0.05125 -0.91974 -0.68411
0.63342 -0.18657 -1.08932
1.79657 0.39506 -0.97155
2.11412 -1.53062 -0.24698
0.63055 0.02436 -0.90145
1.3431 -1.85565 0.15922
-0.1577 0.20494 0.68067
-0.09389 0.45855 -0.52718
1.58589 0.72089 -2.29199
1.94301 1.49528 -1.86664
3.31266 1.02249 -0.30335
2.37708 -0.07165 0.20178
1.28311 -0.80041 -0.61756
1.45832 0.71921 -1.33245
2.24037 -1.58752 -0.09571
0.79983 0.90077 1.15611
1.67908 -0.36798 1.10807
0.71903 0.27497 2.32768
-1.65551 -0.70025 1.44975
-2.80021 -0.75903 0.6332
-1.57838 -2.10915 1.24931
-3.40129 1.58902 -0.24855
-1.57238 1.49187 -0.64791
-0.15774 0.9244 -0.45467
1.36876 2.17365 -0.58175
2.72565 1.29874 -0.82877
4.11232 0.43988 -0.62938
4.44217 0.14602 -2.20888
3.13328 -0.21567 -1.24571
0.2761 0.08924 -0.11252
0.90295 -0.33645 0.53728
0.43795 -1.23588 1.62769
1.4606 0.19594 0.33654
1.84842 0.41753 -1.31879
1.7883 -0.64922 -1.10358
1.34871 -0.33331 0.20173
-1.20048 0.71116 -0.96132
0.08461 0.93952 -2.37172
0.38508 0.44122 -1.01632
-0.05264 0.44774 -0.15039
1.78942 0.50626 3.68034
2.02825 -0.27922 1.83969
2.36652 -0.55982 0.27704
1.17072 -1.46477 -0.63801
0.95743 -1.73685 -0.71012
2.76595 0.49704 -0.51624
3.73184 2.31535 -2.03006
4.34416 2.24575 -1.32386
4.43912 -0.05156 -2.20603
3.45848 -1.09572 -0.30907
4.00617 -1.07273 2.07337
2.64705 -1.94261 0.87586
2.12343 -0.62184 0.55249
1.59291 -1.63561 -0.16858
0.20337 -0.70467 -0.49109
-0.01966 -0.13086 0.12463
-0.5179 1.09971 0.16525
-0.00881 0.4923 -0.17757
-1.23292 3.09081 0.64892
0.41877 0.70259 0.51337
0.41555 -0.02333 2.98179
-1.2349 0.04388 1.86581
-1.22975 -1.3036 0.71216
-1.34321 0.17711 0.63046
-0.54478 0.34098 -0.03083
-1.54819 1.10934 0.31069
-0.28003 1.52592 1.30433
-0.06577 0.30697 1.46703
1.54357 0.0959 2.56192
1.14531 -0.59079 1.63391
-0.38149 1.41619 1.56946
-2.71528 -0.61255 0.30437
