-1.47025 0.58731 -0.38712
0.81999 1.13235 -0.3592
2.31893 1.63584 0.8241
1.22025 0.45513 -1.03779
2.47827 -0.15312 0.37135
-0.19447 1.06604 1.04851
-0.27733 2.25223 -0.19468
0.52415 3.57535 1.99993
1.69857 1.2709 -1.50462
-0.18114 0.32895 1.07768
1.0539 3.13382 2.0125
0.84813 2.28304 0.47573
-0.79931 -0.33692 -0.98603
0.59179 1.80566 0.78897
0.34893 1.88171 1.14725
-0.55381 0.74472 0.41629
0.27755 0.40766 -1.01239
1.48126 -0.06847 0.21953
-0.68254 0.02227 0.10361
-1.00938 -0.40775 0.11718
-0.99895 0.35203 0.82673
-0.21191 0.02638 -0.79965
-0.09869 0.93963 -1.01925
-0.44485 0.62219 1.9867
0.81824 -0.12007 0.11705
-0.35775 1.1587 0.96856
1.96757 0.07941 1.69122
2.12882 -0.12059 0.5429
1.4003 0.07261 -1.81269
0.26806 0.28344 -0.70859
-0.04451 2.40826 -0.43764
0.42904 1.53382 0.05802
0.62301 0.5013 -0.28872
0.71789 -0.09308 -0.31539
2.20529 -0.63094 -0.04134
0.5354 -1.21853 -0.62197
-1.60112 -1.45105 0.14108
0.90189 -1.85097 -0.25757
-0.27677 -1.9965 0.92591
2.45303 -2.29029 -1.27293
0.56172 0.16277 0.32313
0.10845 2.77431 -1.36615
0.55638 2.94461 -0.17867
0.2215 3.14142 1.01196
-0.33697 3.05991 -1.58865
-0.66096 2.39883 0.37057
-0.66036 2.44603 0.09533
-0.64316 1.32913 1.10581
-1.05576 1.02323 0.35183
-0.00986 0.50119 -0.80092
2.14409 0.74344 0.86274
0.01064 0.59645 0.88974
0.82972 1.14868 -0.31941
-0.02748 2.30709 -0.12637
-0.31674 0.58003 0.28373
0.78088 -0.30058 -0.14379
0.4359 -0.6115 -0.0181
0.37046 -0.37137 0.24212
-0.35148 -0.05295 2.0767
0.57463 0.67415 -0.98533
-0.53733 0.38674 -0.29348
-0.40134 -0.04815 -2.13937
-0.3983 -0.51553 -1.68378
0.23038 -1.67261 0.6167
-0.20011 -0.04334 0.97542
-1.16915 1.42142 1.03227
0.81103 0.90848 0.81474
-1.41127 2.12078 -0.1002
-0.53624 1.60113 -1.70134
1.03108 -0.04818 0.88682
-0.01818 -0.61056 2.81963
-1.04472 -0.13 0.53172
0.14093 -0.05566 1.51608
0.14567 -0.64061 -0.95999
-0.79916 -1.61374 0.82808
0.60854 0.08186 0.0302
0.433 0.43671 0.72997
0.82263 -1.89803 1.29289
0.04685 -1.85142 -2.31528
2.02931 -1.76012 0.16891
0.52357 -0.22041 -0.30355
0.4019 0.49285 0.98503
0.16995 -0.28386 -1.28643
-0.71954 0.34916 -0.34512
-1.57327 0.92964 0.03607
-0.80478 -0.66756 -0.40242
-1.48403 0.51227 -0.64379
0.86514 -0.81699 -0.3444
0.90493 1.39168 -0.69433
-1.80876 0.4593 -0.02175
-0.66043 -0.89775 0.93604
-0.60089 0.41225 -0.76924
-0.76594 -2.05434 -0.57704
-0.72509 -1.42999 -0.66489
-1.41715 -3.02031 0.36352
0.95442 -2.21021 -0.2692
1.09361 -0.61807 -0.67567
0.29227 0.47744 -0.25704
0.34445 0.50226 -1.26805
-0.41417 0.88247 0.8812
0.25695 0.99394 -0.77896
-0.69693 -0.3865 -0.7518
0.71423 -1.42228 -1.10139
-1.56972 -0.56304 0.63066
0.24275 0.7354 0.94003
-0.76632 0.54952 0.48033
-0.62674 1.03625 1.17082
-0.12573 0.31046 -1.38796
-0.35204 -0.16068 -0.17946
-1.29232 -0.40672 0.71113
0.27553 1.50966 -0.21587
-0.4512 0.5179 0.92044
-0.5423 -0.24147 -0.56088
-0.5325 -0.12686 1.5032
-1.24413 0.14553 -1.10614
2.0466 0.67916 -0.94287
-0.4483 -1.0125 -0.41213
0.62652 -0.88254 -0.8532
1.72721 0.26467 -1.27478
0.59172 1.79882 -0.40606
-1.89883 1.67505 0.9022
-0.03071 3.11411 -0.34252
-0.92919 2.45597 -0.37503
0.27675 1.4544 0.39845
0.66676 2.23998 0.69537
0.16119 -0.0881 0.40082
-0.43617 -1.46614 1.31988
0.94663 0.11916 0.5946
-0.37865 1.22068 -2.10676
0.03492 -0.35855 0.58994
1.04421 -0.29343 -1.29479
-0.95533 -2.87193 -0.64069
-0.76695 -0.84067 -1.43123
-1.90664 -0.06551 -0.36478
0.68577 -0.05625 -1.8844
0.05839 0.64828 -1.39679
0.18403 2.06705 -1.11619
1.11443 1.39626 -1.20723
-0.07792 0.66685 0.85058
-0.32636 1.27761 0.23742
-0.609 1.11493 -0.51758
-0.07801 -0.18614 0.06718
-0.17596 1.35682 1.34637
-2.10376 0.57405 -0.00349
-0.97311 -0.28553 2.12934
0.59327 1.30145 -0.69313
-0.59564 1.2316 0.69248
1.64471 0.52943 0.41565
1.47603 0.39749 -0.05706
-0.5611 -0.70247 -0.41875
