-0.49983 -3.30704 -0.64581
-0.48372 -0.25969 -0.70847
-0.95944 -1.62862 -1.35898
-3.05216 -3.21302 -1.91489
-1.74204 -4.01025 -0.25259
-2.01608 -3.09946 -1.38794
-3.01818 -1.85988 0.42953
-0.32557 1.45589 -1.43711
-0.23036 -0.39864 -1.53391
-0.17781 -1.88839 -0.91905
2.82552 -1.25205 -0.78203
2.83138 -0.83169 0.34157
4.05404 0.21777 0.73157
2.85012 0.65997 2.2232
-0.57319 2.20409 3.38325
0.37153 0.11672 3.82025
0.83089 -0.95152 4.39752
2.01858 0.38509 4.28927
0.62137 0.90099 5.14663
0.02644 -0.60098 4.37664
-0.93348 -0.42122 3.7295
-0.994 0.02534 2.96322
0.00626 0.90192 0.72025
-0.56407 0.75065 0.24154
0.05097 -0.81263 -1.75912
-1.20946 1.229 -0.87424
-0.8594 -0.87756 -0.04129
1.00314 -0.83383 -0.1699
2.01175 0.33221 0.20937
0.71557 0.46484 -1.50247
2.16447 1.17436 -1.96161
0.75331 1.5293 -2.56391
-0.06966 0.95855 0.97327
0.65236 0.54399 -0.34226
3.00628 0.05858 1.28104
0.87623 0.66746 2.83477
0.79552 0.29037 1.32497
0.30103 2.07664 0.91334
0.32606 1.63218 1.09027
0.89296 0.27172 0.49434
1.10745 1.51168 -0.99746
0.31853 0.67597 -0.06815
-1.20605 2.23963 -1.81662
-2.00388 1.794 -0.09779
0.34784 0.23004 0.33235
-2.05362 0.66454 -1.65658
-1.28648 1.3774 -1.57321
-0.47094 0.86084 -2.26618
0.67627 0.23224 -0.91831
0.02961 -0.40826 -1.73953
0.79454 0.30023 -2.88137
0.53013 0.31955 -2.66362
0.60967 -0.53763 -2.41115
1.52517 -0.60723 -3.50647
-0.23469 0.412 -3.14697
0.11874 1.92001 -1.75323
-0.91328 0.22521 -0.82246
-1.15047 0.86843 -1.16773
-0.637 0.53204 -1.65336
-1.11385 0.84129 -1.82298
0.72591 0.08707 -2.51604
0.41364 0.13877 -3.82396
0.06687 -0.21632 -3.99834
-0.95955 0.46968 -5.09172
-0.68563 -1.41469 -3.28496
0.45111 -3.02841 -5.09479
0.17915 -0.31164 -4.30338
-1.48117 -0.13255 -3.20293
-2.38334 -0.70515 -3.17157
-0.96163 -1.24583 -2.83065
0.52218 -1.08056 -1.19185
0.80943 -1.11748 -1.61556
-0.86015 -1.34347 -0.89533
-0.49083 -0.13121 -0.74446
2.64194 -3.13741 -1.73274
2.16806 0.12218 0.09727
0.86485 1.23366 -1.14049
0.5128 0.98491 -1.56807
0.97251 -1.84679 0.68174
0.99439 -2.34983 0.57363
-0.07127 -2.51682 0.79965
-0.99682 -0.53921 1.10495
-1.06368 -1.92789 1.73503
0.19369 -2.53422 0.92823
1.14913 -1.33224 2.70337
0.80123 -0.5853 1.70285
-0.99789 -2.15205 0.97392
-0.55148 -0.58009 1.13953
-0.10737 0.13886 0.9402
-0.12246 -2.4553 1.47941
1.27644 -2.11121 1.83698
1.09245 -0.41852 2.40381
0.54008 0.37385 1.31173
-1.4903 1.15687 -0.97251
-0.61258 0.63643 -0.66504
-0.17343 0.77056 0.41747
-0.26296 0.32036 2.42006
0.87267 -0.92841 0.65122
1.12589 0.17213 0.3325
-0.96884 1.16681 1.73167
0.31835 0.96691 2.98136
3.23406 -1.0069 3.07989
1.48694 0.13858 3.05143
0.7085 -0.91604 1.21824
-0.31404 -0.93797 0.4421
-1.18251 0.45492 0.44304
-0.86518 -0.47862 -0.28813
0.21236 0.42407 -0.99441
0.29341 2.05855 -1.59601
0.37775 1.54755 -0.99622
0.83866 2.24804 -1.10755
-0.1847 2.36008 -1.54414
-0.30597 1.8959 -1.60392
-0.12755 2.42598 -1.17224
-0.3448 1.77507 0.8934
0.50256 1.09021 0.50525
1.45335 0.12648 -0.95264
3.19249 -1.08011 -1.00674
0.89272 0.87607 -1.95892
0.16054 -0.71736 -2.48645
0.2837 0.60279 -3.26533
-0.33752 0.9438 -1.10981
-0.95657 -0.36509 -0.04861
-0.65903 -0.74585 0.77664
0.45225 -0.30393 1.64128
-0.48247 -0.79831 1.46863
-0.68597 -2.63875 3.02081
-0.21462 -1.3819 3.77683
0.53715 -2.57348 2.73045
0.2395 -1.87357 3.03179
-0.53729 -1.72395 2.30223
-0.30365 -0.7792 1.02198
-0.1462 -0.53327 -0.19317
-1.63084 -0.21016 -0.62181
-1.27341 1.61486 -2.38931
-1.4194 1.26544 -1.79002
-0.75835 1.08953 -1.86408
-0.12951 1.68567 -2.63948
0.98427 2.06842 -2.09153
0.55883 1.68166 -1.62696
1.95791 1.64394 -1.97692
0.70548 2.25184 -1.05942
1.06709 2.74665 0.98544
0.71744 2.153 1.8011
1.94229 0.24664 0.42866
1.08873 -0.63204 2.46566
0.60102 -1.11356 2.41047
1.32026 -0.66253 2.03647
-2.17116 0.62041 3.12435
-0.79787 0.17929 3.67472
