-3.72873 -2.55385 -0.28082
-4.0217 -2.30698 0.66188
-4.00074 -3.58514 0.94656
-2.62097 -3.35928 -0.54931
-3.32636 -2.70097 0.12025
-0.95367 -2.85974 0.00473
-2.11882 -1.42554 0.90993
-1.97395 -1.66104 0.10367
-1.41641 -3.28095 0.12493
0.96779 -3.17917 -0.21174
0.45328 -2.98705 -0.4352
0.1099 0.11983 -2.24907
1.82022 -1.06607 -0.18207
0.94041 -1.39302 0.3344
1.33333 -0.47614 0.75797
2.01248 -0.21194 0.48672
2.55863 0.08565 -1.5552
2.15117 1.438 -1.87896
1.3308 1.26603 -0.97413
-0.02277 1.77825 -1.79392
0.03865 3.76862 -1.05854
0.84249 0.65808 -0.18838
2.18697 0.21339 -0.02401
3.15602 1.53653 -0.93881
2.35905 1.15657 -1.42484
-0.25773 1.46624 0.25951
-0.7412 0.57003 -0.06266
-1.16743 2.39567 0.81883
-1.0664 -0.47449 0.38405
-2.21006 -0.39226 0.56735
-1.10284 -0.76683 -0.28171
-0.8869 -1.30563 0.20076
-1.31748 -1.3851 1.95913
-1.14671 0.5067 -0.87323
-0.46996 -0.16486 0.23636
-0.03429 1.98912 1.38544
-0.9997 -0.87854 0.60549
-0.84195 0.11597 0.22597
-0.81748 -0.14888 -0.44985
1.17217 0.59349 0.7305
1.86255 1.21303 -1.64802
2.60857 1.38314 -0.96874
2.82183 1.83087 -0.03919
0.55852 1.00578 -0.55004
-0.66827 0.96257 0.36134
0.82546 -0.28992 0.14504
0.08026 -1.6073 -1.03412
0.07821 0.80672 0.61918
-1.34318 1.477 1.16047
0.21422 1.47236 -0.96863
-1.5479 -0.10494 -2.03551
-2.40557 -0.02656 -0.93085
-3.03571 -1.0195 -2.34427
-3.17884 -0.71803 0.35263
-3.11049 -1.6135 0.68257
-2.32561 -3.70334 0.052
-2.07877 -2.91251 -1.07435
-1.24863 -3.22517 -0.79302
-1.37354 -3.38247 0.27232
1.23124 -1.09055 -0.30479
0.4067 -2.44377 0.1947
-0.51124 -1.73333 -0.93124
-1.11322 -2.33359 -1.02317
-0.21947 -3.4109 -1.45919
-1.0395 -1.75566 0.42172
-2.49881 -1.08799 0.84027
-2.39472 -1.56556 -0.75552
-2.59229 -1.65815 -0.9353
-2.27993 -2.27892 -0.25479
-0.16226 -1.09946 -0.28731
0.47409 -2.8715 -0.17997
-0.05249 -1.53865 -0.12098
-1.33924 -0.11822 0.08046
-1.59631 0.10532 -1.17021
-2.62789 -0.84481 1.0692
-2.77278 -0.73447 0.80762
-1.75291 0.22233 -0.26512
-0.88339 0.40087 0.23103
-2.12868 -1.22279 0.59351
-3.36554 -1.71168 -1.59202
-2.43288 0.1087 -1.42297
-1.6502 -0.67262 0.95464
-2.39677 -1.22287 0.68756
-1.87749 -0.81504 1.52151
-3.28389 -2.51239 2.69274
-1.82362 -2.11455 2.81895
-2.78321 -0.89483 2.64302
-1.74322 -1.33683 1.15972
-0.95676 -0.88391 1.66384
0.26321 0.56341 1.78748
-0.90981 -0.51346 1.6262
-1.67463 -0.10799 -0.47208
-0.14356 0.65646 0.3899
1.55455 0.68975 -1.05728
-0.12192 0.5879 -1.17641
0.39627 1.62304 -0.22372
-0.47368 1.30744 0.17101
-0.46716 1.85665 1.68281
-2.15218 0.08951 0.99092
-1.57862 -0.91374 -1.00991
-2.08954 -0.76452 0.14581
-3.07392 -0.92936 0.95252
-3.44499 -3.32833 -1.73783
-2.40994 -1.90284 0.28399
-2.52036 -3.14084 1.29489
-3.76423 -1.60236 -0.61335
-3.57049 -0.34277 -2.42898
-3.59785 -1.6209 -0.64333
-4.53061 -1.21575 0.28717
-5.46478 -0.301 0.79242
-6.69555 -0.51612 1.93035
-7.03887 -2.51349 -0.26104
-6.31908 -4.84724 -0.14618
-4.71343 -4.47132 -1.162
-5.33397 -4.94884 1.23503
-3.98367 -5.12875 2.38983
-3.76303 -4.4156 1.91681
-1.97919 -4.89424 1.48922
0.86782 -4.77732 0.27364
3.29429 -3.63264 0.8644
3.46168 -0.88303 0.5372
2.90713 1.35288 -0.02273
1.73084 1.40461 -2.0639
0.07249 1.014 -1.71951
-0.20791 0.43736 -1.12077
-0.45635 2.0132 -2.05026
-1.56882 -0.1199 0.74292
-2.89652 -0.41056 1.50693
-2.8485 -0.45914 0.65313
-1.76317 -2.10933 -0.32908
1.25122 -2.6056 0.2544
2.70087 -0.92313 -0.2243
1.25965 1.13871 -0.68741
2.04829 2.59583 -0.20397
0.55934 1.28429 -1.87848
0.26313 2.28551 -1.46714
1.12314 3.21491 1.67405
0.43765 1.9572 -0.41104
-0.04982 1.82162 0.67104
0.90175 0.80363 1.01938
0.69889 -1.14556 0.09729
0.1956 0.30102 1.29277
2.36412 1.13396 1.77096
1.95321 -0.36959 3.01236
1.58275 -0.39224 -0.64915
1.31536 0.82582 0.39971
0.90585 1.48422 0.02618
0.31623 2.16933 -0.33724
3.35287 1.03574 -2.05374
3.59007 1.29432 -0.03155
