-2.03195 6.79832 -3.77916
-0.32628 4.93058 -3.4473
1.49413 4.03092 -2.27806
2.15141 4.85795 -2.52326
1.04753 2.07992 -1.94559
1.21567 2.08514 -0.0208
0.46024 0.5742 1.15837
0.46081 2.13819 1.5787
1.24347 2.92206 1.46131
2.94167 4.23776 2.39909
2.21665 4.80494 2.27198
3.93091 4.7554 2.03273
3.53845 5.10648 1.41519
6.08499 3.70982 3.2221
6.37117 3.68163 2.39966
3.79185 3.30806 6.69267
4.05403 3.70181 4.81933
4.4281 3.75842 3.19749
6.10266 3.66527 3.33719
7.58625 3.53704 2.26986
8.17013 2.20446 4.38707
8.12473 2.47286 3.0439
9.18815 1.7847 4.3577
8.69859 4.16973 4.75819
8.55832 4.24464 4.58287
10.07426 4.20547 3.78943
9.48046 4.52774 5.46508
9.38471 5.82937 5.4145
10.24943 6.28513 6.16745
10.57686 6.02896 6.50706
10.90146 5.20873 7.01665
12.95914 5.24175 5.61462
12.73828 3.50131 6.11629
15.66655 2.45985 6.3511
14.14208 2.27934 6.49765
12.43611 3.39159 6.78029
10.65068 2.06754 6.06501
8.98282 2.71739 8.30109
10.12203 0.7126 8.40274
11.96715 2.35914 7.40889
12.23347 3.1927 7.05268
12.27979 0.96326 7.72872
13.96288 1.39676 8.88556
13.55882 3.10435 9.54741
13.63859 2.67972 9.67483
14.63375 1.4796 11.09134
15.50821 3.1406 10.17417
14.68536 4.18046 9.80916
15.78291 4.23394 10.05264
15.81088 5.73833 9.29583
16.78851 7.0404 9.17484
15.4869 7.06813 9.1798
16.04374 5.5831 9.72901
17.30011 4.83663 9.64006
18.64141 5.80378 9.63443
18.8668 3.70636 10.72772
17.38394 2.55654 11.37131
16.06177 2.91218 12.02923
15.56943 1.39495 10.96378
14.42884 1.58327 9.02786
13.04571 1.7186 9.69722
14.89518 1.75885 9.38344
15.17082 2.18704 8.34194
14.47076 1.78406 9.76155
14.5584 2.14125 9.37071
14.28305 1.6703 8.17801
15.89261 1.1466 7.59109
13.56852 2.32493 8.07531
13.33591 4.60855 8.4843
13.58803 5.01375 7.56176
14.61817 4.72652 7.24471
15.23788 3.59947 7.81006
15.76378 2.44151 9.01476
16.44842 2.83523 8.00637
16.45626 2.95759 8.43526
16.26816 3.46784 10.18378
14.39462 0.57586 10.29725
14.61761 0.05718 9.30356
14.43621 -0.33629 8.30171
14.98597 0.29095 9.71608
14.72213 0.337 10.23824
13.32039 1.99192 10.24412
12.909 1.06655 9.06325
11.42021 -0.02187 6.60602
12.47115 -0.80365 8.44853
11.45855 -0.988 5.52039
10.95274 -1.65611 6.13406
10.95713 -0.52433 7.32825
10.59287 0.93319 8.73601
9.9955 1.43717 7.93568
8.62539 1.38379 7.6701
8.60157 1.42817 8.35045
9.55346 2.28811 6.87106
10.48749 2.97453 7.13096
9.95381 3.03092 6.03632
10.60485 4.05925 8.72428
11.00916 4.07134 7.6772
10.80353 3.69097 6.757
9.63704 3.22828 7.19802
11.43733 3.4237 9.11912
11.43295 1.31047 7.13493
11.99236 0.31546 7.26161
12.2134 0.85034 7.93926
13.94261 1.42447 8.15374
13.91919 0.76194 7.62179
13.87995 0.83914 9.63506
13.2309 0.15305 8.9007
11.50302 0.35309 9.12136
10.81791 -0.11102 10.94716
10.80122 -0.4051 9.48166
9.30296 -0.77959 7.87627
8.66831 0.28764 8.21438
9.01948 0.30627 7.38041
9.29101 -0.60742 7.10946
10.17429 -0.56084 6.87114
10.96262 0.46118 5.6077
9.3181 1.13318 6.05262
8.23227 2.42589 5.40758
8.86276 -0.41615 6.1831
7.80876 -1.252 5.52805
6.01022 -0.39403 5.62006
6.82541 0.46424 4.89811
7.44005 1.65245 4.42101
8.38332 -0.03683 5.34717
9.42827 -0.20793 6.25649
7.7616 -0.72937 5.45222
8.133 1.19355 6.31795
8.57019 3.14571 7.11419
8.37128 3.0153 3.28115
7.94632 2.75541 3.91132
9.00827 2.21235 3.83143
9.17452 2.49251 4.01721
6.94593 3.41233 5.67693
7.45379 2.10362 5.60279
6.5171 1.17794 5.61305
6.45234 0.26842 4.42507
5.74922 -0.41497 4.94092
7.85954 0.25783 5.37649
7.7037 1.29712 2.94888
7.43015 1.35856 2.67843
7.01301 1.89299 3.65114
6.65053 3.12579 3.00605
6.43138 2.24101 4.66907
6.61018 3.46217 2.92895
8.12793 2.27787 3.39084
9.63383 1.50701 4.01776
8.26795 1.41474 3.29776
8.17028 3.49336 4.10118
6.49383 2.6938 3.93898
7.3911 2.53527 4.1719
