0.48191 1.89047 0.91295
-0.83794 0.07825 2.26993
1.17836 1.39661 2.15042
-1.19328 0.50252 -0.2955
0.69931 0.01036 -0.42948
-0.6437 1.37415 -1.50599
-2.33639 -0.20697 -1.32398
1.49209 0.06392 -1.40332
2.04144 0.14787 -1.42884
3.36193 0.97064 0.42255
2.2608 -0.417 -0.51351
1.25944 -1.82549 -0.15593
0.27714 1.17397 -0.32106
-0.70248 1.90918 1.04779
0.00872 -1.23071 1.41317
1.74154 -0.32866 1.79788
2.19223 1.32757 -0.50133
1.22397 1.49521 -0.76748
3.153 0.61646 -1.22049
3.29754 0.41532 -0.93274
1.40793 1.60806 1.77408
0.3084 0.00311 2.70514
1.2623 0.01631 0.92356
-0.43068 -0.31254 1.03365
-1.90727 -0.16945 -0.22641
-1.33479 0.44935 1.57805
-1.01504 0.70036 0.43904
-0.93124 -0.39869 0.29144
1.58011 0.06606 0.26934
0.8419 0.703 1.27481
0.23019 0.28429 1.70881
-0.3666 1.50602 -1.20587
-0.86028 -0.52902 -2.24371
1.2043 -0.17746 -1.03662
2.51835 -0.94873 -2.02309
0.33709 -1.03688 -1.47151
-0.12606 -0.06978 -1.25026
-0.82213 -0.02498 -0.69621
-1.06963 -0.18313 -0.0927
-1.53273 -0.50855 -0.3833
-2.39008 -0.28982 1.7808
-2.55676 1.19357 -0.46338
-1.66078 0.76637 -0.92341
-1.06355 -0.64764 -1.14765
-1.16953 -0.81376 -0.97511
-1.73739 1.41185 0.26717
-1.46901 -1.61899 -1.40676
0.16074 -0.12023 -1.67943
-2.4424 0.03652 -2.35311
-3.28029 -1.02149 1.21227
-4.18967 -0.87822 1.06034
-5.15421 -1.43938 0.3322
-3.23248 -0.07821 0.13463
-3.18161 1.39996 0.11646
-3.30086 -1.11555 0.22499
-2.66975 -1.39484 0.14172
-1.61842 0.29194 0.3649
-0.24723 -1.36304 -0.87886
1.24848 -0.52614 -0.78735
-0.40119 -0.30345 -0.79851
-0.65915 0.36103 -0.77394
0.74379 -0.99268 -1.87118
0.90671 -1.15768 -1.72597
-0.11835 0.40757 -1.37243
-0.24042 -0.14407 -0.10606
0.5343 -1.2205 -1.82284
0.10751 -0.44717 -3.19828
1.34178 0.41242 -2.66386
-1.09725 -1.22051 -0.89884
-0.77843 0.05945 -1.25655
0.17001 -1.90715 -1.38078
-0.18433 -1.69015 -1.02815
-0.35653 1.227 0.29338
-0.57805 -1.99305 0.97362
-2.16337 1.01059 0.19182
-1.86015 0.58334 -0.5374
-0.74924 -0.78455 0.51897
-0.31192 -1.46168 0.37693
0.42623 -1.01205 0.39236
0.70511 0.64094 -0.2602
-0.34301 1.11758 -0.1878
-1.53037 -0.12632 2.30479
-1.81201 -0.97168 2.42488
-0.6291 1.33581 1.25118
-0.00782 0.21873 -0.20592
1.45047 1.36802 1.13946
1.36391 0.11224 1.67377
1.28019 -0.50996 0.84531
1.42344 0.44485 1.58139
-1.44128 0.71419 3.70638
-2.1899 0.23314 3.51421
-0.60038 -0.26428 0.60643
0.69633 -0.65882 -0.10198
0.55697 1.38283 0.32227
-0.24581 -0.86796 -0.76518
1.11722 -0.76341 1.68497
1.99017 0.68724 3.66538
2.13089 -1.09004 3.27454
4.0472 -1.28158 0.39102
2.70807 0.85715 -0.63291
2.20314 0.32544 0.71695
3.81824 0.51851 1.95054
2.63112 -0.6216 0.94303
2.08689 0.96709 0.37859
2.42189 -0.49606 -0.08473
2.58121 -0.2257 2.73704
2.34888 0.27426 1.57126
1.99684 -0.51834 -0.11703
1.31295 -0.07016 -1.31779
1.65175 1.23893 -0.35414
1.53865 0.89017 1.50637
1.7536 -1.53412 -0.51533
1.77149 0.48307 0.51002
0.4197 -1.09773 -0.591
-0.67603 -0.04954 1.82239
-2.03776 -1.27327 0.93586
-2.29734 0.47881 1.16381
-2.8056 1.85706 -0.17023
-2.30997 -1.61976 -1.50587
-2.60445 1.12574 -1.05588
-2.67882 0.71577 0.10513
-2.17626 0.52774 -0.45131
-0.00765 -0.54535 -2.77126
0.4023 0.98725 -1.21842
0.53107 0.62619 -1.0296
1.37747 -2.56452 -0.07986
1.53181 -1.49885 -2.01763
0.4354 0.12476 -0.51474
1.52311 -0.20848 1.19527
1.23782 -0.52499 0.77551
2.07559 -2.13556 -1.05558
1.79247 1.92819 -0.80067
1.55252 -0.0994 -0.6278
2.23811 0.42754 1.61792
1.77578 1.35316 2.21909
1.24898 0.11814 3.70197
0.63204 -2.0002 3.05877
0.43745 1.32329 2.74822
0.47333 0.57361 2.52731
3.65141 0.91659 1.16856
4.05169 1.00208 0.75488
5.31474 0.35723 2.03847
3.54979 -0.27248 3.92076
2.51309 1.05903 1.95213
1.55415 0.12272 -0.00148
3.36759 1.22106 -0.77022
2.37583 1.09597 0.06438
2.12993 1.19921 1.09535
1.19031 -0.8934 0.95629
2.74921 0.18808 0.07098
