-1.52597 1.45769 -1.15183
1.17864 0.61835 1.66281
-0.4163 -0.18809 0.49869
0.91289 -0.32155 1.36402
0.27197 1.22428 0.62254
-1.20024 0.97593 -1.38776
0.62537 -0.15025 -1.31713
0.66224 -0.85208 -0.70921
1.59302 -0.27495 -0.73872
-2.24607 -0.34394 1.17753
-0.78662 -0.26074 -0.82222
-1.08296 1.00406 -0.37374
0.0351 -0.21901 -0.81016
-0.84327 1.49366 0.77844
-0.60666 1.32758 0.14584
-1.56487 3.18582 1.99507
-0.28097 1.32489 0.88774
1.02962 1.90039 1.0552
1.23357 0.51263 0.51862
0.62637 0.95188 1.81165
1.24432 -0.06675 -0.04565
1.93949 -0.05946 0.22026
2.30994 -1.82047 -1.52191
1.49026 -1.40337 -0.87092
0.70583 -1.46681 -0.93632
1.47393 -1.57501 -2.92951
2.37538 -1.80814 -3.82095
0.33951 -2.26343 -1.36761
-1.68949 -0.78697 -3.1569
-2.25028 -0.35275 -0.81043
-0.60354 -1.18264 0.53119
-0.19953 -1.06723 1.05188
-1.47969 0.96025 1.21928
-1.20725 -0.23898 -0.79444
-0.74895 -0.39839 -0.63477
-0.46778 -1.04362 0.43039
-0.02682 1.94731 -1.0289
-1.95539 0.57093 -0.68296
-1.58646 -0.47443 0.01273
0.77596 -0.337 -0.38555
0.9096 -1.62604 -0.30245
-0.73839 -1.8341 -0.26997
0.258 -0.78026 0.98123
-1.15065 -0.6035 -0.81398
-2.05199 0.16441 -1.19605
-0.39531 -1.19312 -2.70876
0.34654 1.18975 1.00618
0.55986 -0.07139 -0.20919
0.56441 -0.08377 1.10101
-0.30146 0.27675 -0.90244
-1.60552 1.8912 0.36046
0.54405 0.14791 0.03472
0.91377 -0.74958 -0.56215
0.52964 -0.54519 0.05448
-0.65863 2.48317 0.51891
-0.12612 0.49926 0.0193
-0.57682 0.62517 1.41272
1.00013 -0.87717 -0.16936
-0.0313 -0.48066 -0.22514
-1.03842 -0.9013 -0.04546
-0.18909 0.71877 -1.14264
1.73927 0.83135 1.34905
1.6999 -1.11914 -2.47514
0.23847 0.41837 -1.10532
1.04514 -0.78027 1.21019
1.05966 -1.38772 0.62001
0.39335 -0.51549 0.37808
-0.50062 0.6793 -1.00625
1.24601 -0.24738 -0.96926
1.75672 -1.17511 -1.89216
1.32133 0.29 0.51222
1.01073 -1.56454 1.2693
1.12673 0.43572 -0.10029
0.11166 0.90593 -1.17467
-2.51775 -1.57416 -0.81968
-2.22621 -0.24468 -1.54645
-0.83992 -1.22137 -0.26372
-1.55918 -0.56679 -0.20527
0.18745 -0.48474 -0.9254
-1.66078 0.83078 1.264
1.4866 0.39384 0.47209
1.49417 0.19131 0.50577
-0.02458 -0.6591 2.81373
1.72877 1.31666 2.60415
0.73628 1.17115 3.19843
1.7358 0.58528 0.86999
0.38807 2.1727 1.71785
0.92895 -0.11556 1.06528
0.71816 -0.99079 0.93461
-1.71547 1.28986 0.06853
-2.19 0.15464 2.087
-0.37696 -0.72044 0.60514
0.45175 -1.11867 -0.84852
2.24675 0.04227 0.12679
1.70441 0.39489 0.70084
1.86667 -0.11982 -0.04318
-2.00128 -0.05037 0.07916
-1.30345 0.94334 -0.55104
0.98534 -0.41055 -0.61712
1.54241 -1.00047 2.35328
-0.21362 1.28203 2.00106
-0.47829 2.10144 0.54839
-0.89538 1.60767 -1.77682
-1.41935 -0.09172 -1.15388
-0.87986 -1.24576 -0.8163
-1.05714 -0.43571 0.01021
-0.49841 1.3516 0.17991
-0.60226 0.66836 0.46954
-0.12164 -0.886 -1.08966
0.66135 0.40509 0.61515
2.44083 -1.72655 0.32332
0.89688 0.40729 0.64603
0.70419 0.91867 -1.26984
-0.61468 0.68306 0.62796
-1.4834 0.75771 0.5092
-0.27931 -2.29261 0.15131
-0.39809 -1.26085 2.03052
-0.69139 0.3749 1.51547
1.01693 0.43338 0.21404
0.6719 1.482 -1.51173
1.28471 -0.26858 -1.41534
1.2866 0.22109 -0.88162
1.27728 1.29992 -0.60493
-0.51988 0.95351 -0.73067
-0.23995 0.50053 -0.14309
0.9793 0.36694 -0.84823
0.78304 -0.63995 -1.36569
-0.78689 -0.87955 -1.24803
-0.80691 -2.12431 -1.14395
-1.46251 0.35499 -0.45783
-2.3997 1.67957 0.45624
-1.11783 -0.5846 0.02986
-0.95998 -0.92088 0.06831
-2.10925 0.56008 -1.69814
1.32804 0.12507 -0.14281
0.34592 0.27526 0.48512
-0.42129 0.86557 0.68946
0.08747 1.00621 0.4011
-0.74392 0.3792 0.01425
0.2975 -1.27321 0.73646
0.94718 -1.42225 -0.12745
-0.29881 1.07673 -0.59491
0.42741 -0.83271 0.20399
0.73456 -1.27465 1.14709
0.06484 0.24473 -1.18236
-0.62228 -0.1574 -0.41774
-0.2327 0.4638 -0.39918
-2.10494 1.16477 -1.48114
-1.5988 0.86126 0.47511
-1.2029 -1.37154 1.97209
