0.9475 1.03252 -1.05841
-1.36431 0.41797 -1.55434
-2.09551 1.28617 -0.87839
-0.44872 0.40552 -1.96974
0.85296 0.86586 -1.73794
0.23294 -0.85656 0.63735
-0.33684 -1.97691 1.00122
0.28523 -1.80083 -0.67015
-0.81032 0.47488 0.13576
0.89679 0.34396 1.25419
0.48131 0.06905 -0.04789
-0.01346 -1.07564 1.15635
1.31144 0.75847 2.31685
-0.65953 1.88732 2.01376
-0.34176 1.92734 0.29309
0.23929 1.63967 -2.36274
1.73778 2.62257 2.30049
2.20505 2.25819 2.94817
0.2318 1.693 2.87297
-0.28567 1.47829 2.47697
-0.99735 1.02383 -1.17569
0.85187 0.73125 0.95628
2.03537 0.95284 0.56353
0.89298 0.64442 3.03547
-0.95747 1.20575 3.59557
-0.47568 0.74896 1.86403
-1.36852 0.70155 0.44786
0.08477 0.90763 0.67633
1.35526 3.14977 1.91026
1.86611 2.7265 0.92975
-0.93094 0.22482 0.77054
-1.48752 -0.37418 1.85966
-0.74102 -0.16301 2.40865
1.65794 -0.30466 2.94161
0.01972 0.30047 1.31577
1.2308 -0.76506 -0.5813
-0.16707 -1.07958 -0.72274
-0.60655 -1.35575 -0.66325
0.81069 0.17357 -0.22393
1.19647 0.75324 -1.37052
-1.85272 -1.28766 0.50063
-0.7494 -1.79099 -0.35379
0.11139 0.34026 -1.01668
-0.19522 0.71694 -1.81943
-0.15933 1.82958 -0.59665
-0.53401 1.18738 -0.48203
1.90123 1.84232 0.36461
-0.26605 1.56131 1.71181
-0.87882 0.29145 3.05857
-0.70312 0.9488 1.72131
-0.51693 3.29339 0.28883
1.68169 2.20692 0.97767
1.4922 1.04932 -0.39062
0.16636 -0.05406 0.52226
-0.26202 -1.16947 1.34485
1.6933 -0.75812 0.19199
0.32224 -0.57007 0.74383
0.19902 -0.57245 -0.42738
0.85791 0.06397 -0.0403
0.4874 -0.63834 -0.29544
-0.26495 1.79875 -0.35106
-0.76235 1.0348 -0.51865
-0.02713 -0.36613 -0.653
1.39667 0.26558 -1.25191
0.88627 -0.21302 -0.12452
-1.69592 0.41008 0.97138
-1.19834 0.78782 -1.25875
-0.38899 0.55749 0.3426
-0.2458 0.94852 -1.68327
0.79583 1.83795 -0.82166
-1.60022 0.08772 1.16686
0.35503 0.89134 1.16551
-0.624 -0.55355 1.60227
1.0387 -2.09535 0.72852
-0.3122 -2.56575 -0.28373
-0.12679 -2.38695 -1.06593
0.30162 -0.579 1.17054
0.74891 -0.08982 1.68798
-0.38213 -0.89378 0.16708
-0.06693 -0.7146 0.86561
1.01475 -0.47246 -0.33298
-0.78084 -0.82167 -0.48592
-2.02063 -1.11488 -0.47412
0.35491 -1.31362 -0.46473
-0.55871 0.75157 0.89033
-0.98056 0.09956 1.17316
-2.09324 -0.33767 2.06873
-0.28784 -1.20345 0.45978
-1.04247 -0.16496 -0.06616
1.10698 -0.75792 0.07063
1.29243 -1.36545 -0.04927
-0.11705 -1.04781 -0.26111
0.09341 -1.0417 -2.04694
-0.43934 -1.39934 -1.79103
-0.38278 -3.04241 -3.01948
0.76676 -2.98851 -1.34562
-0.71192 -2.75915 -0.58479
-2.54242 -1.19713 -0.63021
-0.28439 -2.54909 -2.35498
-1.23585 -2.0276 0.35853
-0.08375 -0.87214 -0.53256
-0.26933 -1.18568 -0.77422
1.33593 -1.36158 0.21362
0.46431 1.14064 0.03315
1.50217 0.55231 -0.92729
-0.00032 -1.62095 -0.83864
-0.7004 -2.25766 -2.87783
1.67552 -1.67648 -1.53763
-0.12288 -1.14938 -2.83074
2.27327 1.70835 -0.67556
1.80646 -1.11664 -0.31368
0.85061 -0.25244 1.50097
-1.49519 -1.39764 1.06786
-0.82139 -1.17327 -0.40948
-0.17769 -0.83419 -0.68035
0.51411 0.99209 -2.56597
1.5922 0.90485 -1.44056
-0.86143 1.6166 0.20863
-1.32572 1.37548 0.84489
-0.18111 0.78239 1.05217
-1.30081 1.11411 1.94219
0.75124 -0.21754 1.30024
2.91653 0.10523 1.03564
1.18412 0.226 1.38666
-0.27535 0.67597 1.0267
0.20568 2.02655 -0.00028
-0.02791 1.27023 -1.28783
0.2836 1.2349 -0.49134
1.03459 1.76623 0.54339
-0.1329 0.92552 1.13983
-0.31479 -2.22562 -1.13863
1.77877 -2.04596 -0.11042
1.13749 -1.17341 0.73274
1.32473 -1.10954 0.60886
0.05248 0.16267 1.03743
0.30226 1.88558 -0.15157
1.88118 1.59704 -1.26278
-0.2368 1.47126 -0.75339
1.13424 2.78482 -2.13203
1.11706 1.37883 -2.39671
-0.38834 1.17677 -3.40476
-0.62137 0.63499 -2.00039
-0.66834 -0.7939 -0.71842
-0.24754 -0.58671 -0.96996
-0.69315 -1.93532 0.59727
-0.77092 -2.10727 0.13743
-0.85462 -1.75607 0.35234
-1.23607 -2.98452 -1.96809
-0.35274 -1.18179 -1.91967
-0.09555 -0.33456 -0.92846
