-1.56866 1.2021 0.11915
0.51701 0.32363 0.38943
-0.13089 -0.49638 0.2528
-0.59633 -0.61277 -0.33788
1.15738 -0.5647 0.9918
0.15235 0.57926 1.13416
0.1659 -0.04257 0.50144
0.13605 0.2384 -0.30027
-1.1935 0.04723 0.2956
-1.05467 -2.09216 0.14301
-0.95298 -0.76608 -0.79628
-0.84818 0.04734 0.93787
1.63274 0.31456 -0.07974
-0.99207 -0.60434 0.61651
-0.81021 -0.50843 -0.96996
-1.78448 -2.13909 -1.64652
0.23996 -0.16403 0.30503
0.56692 1.67196 -0.45681
0.39434 0.224 -1.34628
-1.40904 -1.03178 -0.94097
-1.00601 -0.52305 -0.12376
1.40342 -2.93064 -0.07951
0.90467 -2.41929 0.97857
-0.21445 -0.26166 -0.95157
0.06528 -0.32972 -1.34839
1.0094 -1.10855 -1.32197
-0.1665 -1.76981 -1.26072
-1.20152 -0.3919 -0.1247
-0.68743 1.66496 -0.04419
-1.2774 1.33536 -1.35026
1.61877 -0.38357 -3.24918
0.58037 1.57575 -1.7109
-0.76107 1.23538 -1.75564
-1.76178 0.87593 -0.10586
-0.06164 0.23836 0.27188
1.80009 0.00943 0.85063
-0.99062 0.8034 -0.36987
0.25144 0.01767 0.02139
0.45048 1.07298 0.44275
0.37223 0.92755 0.69518
0.77583 -0.98772 -0.74974
-0.7742 -0.38068 0.40956
-0.55174 0.32011 -1.63846
-1.2406 0.75881 0.31866
0.84391 -0.83473 1.1881
0.58028 -0.31469 1.76687
-1.16888 -1.58122 2.0627
-0.19004 -1.62521 0.10418
-0.92194 -0.94454 -0.05495
0.20415 -1.2241 -0.83499
-1.50552 -0.88926 2.44193
0.36279 -0.35973 0.61258
1.06952 0.83071 0.64783
0.87242 0.71659 -0.12991
0.01589 -1.63564 0.71828
-0.06048 -0.57558 0.55997
0.32214 0.56396 -1.33989
0.74376 0.90767 -1.808
-1.44967 1.06305 -0.27786
-0.26543 -2.64942 -1.65163
-0.48227 -0.49754 1.18237
1.44401 0.28762 0.82231
-0.15953 1.02586 -1.22189
-0.51574 1.27998 -0.53525
0.62927 0.9264 -0.43703
-0.2983 1.517 -0.45838
1.98288 2.3828 0.24538
1.95135 1.09351 0.15368
-0.09559 0.48189 -0.51061
-0.332 0.07362 1.84466
1.73922 -1.16846 -0.91136
-0.75137 -0.44551 1.48822
-2.24828 1.31802 0.58801
-0.71435 -0.64805 1.87441
-0.41738 0.24352 1.23532
0.41288 0.05871 -0.67961
-2.52075 0.05943 0.18702
-0.37596 -1.0417 0.42284
1.46704 -1.7832 -0.15954
-0.19511 -0.24888 -1.02588
-1.43352 -1.409 2.15249
1.38411 -1.05092 0.56429
-0.36624 -0.50279 -0.72302
1.08991 -0.92353 -0.72791
-0.89591 0.4575 0.83843
1.18011 0.02093 0.30445
1.07148 -0.89745 1.07177
-0.07748 0.10079 0.16667
2.11512 -0.3562 -1.33203
0.08139 0.19548 -0.11651
-0.86575 -0.91523 -0.90725
-0.56409 -0.37566 0.77472
-0.36908 1.55411 0.044
0.14912 -0.38228 0.03869
1.47107 0.49153 1.9008
1.40296 0.91757 -0.32166
-1.09569 1.26534 -1.10845
-1.32621 0.90743 0.78546
0.31697 -0.16125 0.9174
0.51753 -0.63147 0.24013
0.3649 0.08186 0.27094
-1.15775 -1.40102 -0.94337
-0.58521 0.91638 0.62254
-0.48377 1.84776 0.71587
-0.68824 -0.3318 1.15663
-0.85594 0.60897 -0.53782
0.18839 0.62649 -1.56258
-0.39009 1.61941 -0.42997
1.69796 0.53124 -0.50003
0.22971 -0.50799 0.83128
0.4375 -1.43814 -0.63703
-1.69437 0.17607 -1.11373
-0.61801 -1.38088 -1.31887
-0.82082 0.45547 0.97463
1.15107 0.09641 -0.63838
-0.63093 1.53868 -0.41176
1.0028 0.76011 0.88899
-0.1101 1.33576 -1.06845
0.73304 -0.16357 -0.05993
0.44668 -1.82127 0.35548
-1.69686 -4.02166 0.65349
-0.24638 -2.23174 -0.73606
-1.16698 -0.99461 -0.3685
-1.21785 -0.5663 -0.28263
-0.40658 1.28833 -0.64471
0.52307 0.41106 -0.39332
1.3941 0.98929 -2.23823
-1.05517 0.98211 -0.69559
-0.3531 -0.01839 -0.24859
-1.88075 0.3476 0.40675
-0.84693 0.34897 -1.24362
-1.76459 -0.36657 0.46445
-0.02072 -0.19322 -0.04623
-0.86724 -0.24367 0.64665
2.0844 0.06774 0.30974
1.30365 0.65752 0.2471
0.618 1.10816 1.44717
-0.01776 2.71163 -0.4275
0.08061 0.96721 -0.05423
-0.76338 -0.12509 -0.87814
-0.72209 -0.77029 0.0761
-1.51909 0.7022 -0.09487
-0.66867 0.32255 -0.60371
-1.09002 -0.22504 -1.13936
0.97045 -0.78456 0.16208
-0.39758 -0.59168 0.78564
-1.40982 0.3974 -1.29665
0.31143 -0.66881 -0.07472
-0.93608 1.21021 1.41181
0.99472 2.03487 0.06143
