-1.76116 -0.53432 0.2114
-0.52597 1.2735 -1.95928
0.13984 -0.38648 -1.03114
-0.72026 -0.70179 -0.9487
0.29052 -0.60354 1.35623
1.43961 -0.10584 3.23074
0.06357 1.33092 0.72649
-0.14471 -0.34194 1.03055
-0.87347 0.72686 0.22906
-0.80366 0.53312 -1.92126
-1.54389 -0.34834 -2.70371
-0.37276 0.27066 -2.57282
1.30661 -0.56235 0.00818
-0.4423 -2.64616 0.519
-0.8687 -2.07236 -0.61418
-1.37526 -1.03724 -0.63647
-0.9019 0.77323 0.03566
-0.69709 1.27138 -0.06851
0.83635 2.13051 -0.54622
-0.13811 -0.3461 -1.22538
-1.27943 -1.01404 -0.45418
2.36569 -1.32439 -1.64393
2.34832 -0.12407 -0.5241
0.37353 -0.63626 -1.02131
0.83518 -0.7213 0.50683
-0.34864 0.2442 -1.1941
-0.02897 -0.16797 -0.99161
0.71625 -1.80522 -0.13877
-0.4481 -1.00776 -1.22782
-0.42225 -0.72831 -0.54903
-1.51705 1.59492 0.78788
-1.42464 1.95825 1.57962
-2.82332 2.00841 2.06436
-0.72764 1.91714 0.32106
1.14955 -0.43569 -0.46143
-0.46284 0.12629 -0.29265
0.32418 0.03111 -1.013
-0.21846 0.72775 -0.00465
-2.3337 0.4347 -0.62107
-0.44516 -1.02673 -1.29085
1.81529 -0.88577 -0.02735
0.46024 0.10241 1.55785
0.01911 -0.82846 1.6181
0.97307 1.35672 1.43875
-1.37348 0.66466 -0.67797
-1.38685 -0.17539 -0.93394
-1.37926 0.04588 -0.53248
-2.29729 -0.50044 0.84968
-2.76095 -2.17919 -0.19792
-1.69212 -1.97988 0.8658
0.69728 -2.06729 0.49975
-0.30235 -0.34418 1.70926
-1.22934 -0.24098 1.69492
-1.13444 -0.54728 1.14058
-0.23475 -0.22659 0.25329
-1.75553 0.60835 -0.01228
-0.87313 1.72588 0.4285
-0.18959 -0.10686 1.53334
-1.42743 -0.2945 0.81139
-0.47806 0.63068 1.06447
0.49614 1.03203 -0.45262
0.76998 0.45144 -1.62059
3.07481 -0.9718 -0.45138
1.72271 -0.25499 0.29009
0.03801 0.66699 1.06231
-0.72136 0.46672 0.41162
-0.27703 1.12891 0.08495
1.26954 0.49697 -0.29432
1.06828 1.02194 -0.48258
-0.26627 0.05139 0.92915
0.70695 -1.26656 0.81544
-0.22484 -1.5048 0.60163
-0.63037 0.08144 1.70166
0.05175 -0.43949 0.65132
-1.22254 -0.43388 0.72849
0.06827 -1.13355 0.1834
1.19326 0.68511 -0.05506
1.63013 -0.01369 -0.69778
-0.18182 -1.81958 -1.79858
0.562 -3.04479 -1.94472
0.0005 -1.1612 -0.41238
-2.72125 1.09386 -0.84789
-1.72612 0.20007 -1.03664
-2.65983 -1.15507 -0.07024
-0.7451 -1.93491 -1.24491
-0.52567 -1.38892 -1.36628
-1.82336 -0.19288 -2.4463
-1.2411 -2.43292 -0.41842
-0.21041 -2.48919 -1.26608
0.81711 -1.01697 0.03856
-0.01113 -0.88528 -0.35957
-1.45554 -0.95367 -0.13561
-1.03502 0.24677 -1.43519
-1.81066 0.20171 -0.59399
-0.01496 0.15448 0.35386
1.03815 -0.7449 1.16384
-0.38923 0.7326 -0.01707
0.37756 0.63735 0.22718
2.40095 -0.29342 0.35552
-0.80022 0.22926 0.44785
0.65996 -0.52002 1.42759
1.76717 -0.53194 1.91877
0.34893 1.73455 0.27018
-0.57534 1.66054 0.53389
0.55312 1.35346 0.68136
0.91587 -0.12444 0.43934
0.01371 -0.63079 0.24648
0.91181 -0.49645 -0.30603
1.87197 -0.38101 -0.29126
1.29748 -0.65363 -0.84569
1.6869 -0.36825 -1.83054
1.46858 -1.41953 -0.60185
-1.54744 -0.1708 -0.31534
-1.48619 0.62452 -2.22722
-2.01714 1.08428 -0.89839
0.38139 -0.40561 -0.34351
-1.0225 0.24304 -0.9626
-0.56745 1.82021 -0.9304
-0.1383 0.49605 -0.2102
-1.49649 -0.19839 -0.77097
-0.4122 -1.30138 -0.82436
0.57604 -0.95547 -0.93968
1.93378 0.37938 -1.68356
0.36234 -0.22948 -0.73307
-1.17821 1.20222 0.43568
-0.11175 1.6755 0.12816
-1.03065 -0.1661 -0.52641
-0.85108 2.05601 -0.19262
-1.00901 1.67951 0.52749
-1.0739 0.91683 -1.15667
1.12375 0.52925 -1.94049
0.5589 0.292 -2.2687
-1.06612 -1.37216 -1.77658
1.04191 0.04621 0.19589
-0.06373 1.67998 -0.59195
-0.78662 0.2783 -0.24735
-1.03422 0.31264 1.00782
0.55289 1.46703 -2.31274
-0.44291 -0.4635 1.4065
1.59131 -0.14166 1.21375
-0.05743 0.62768 1.21946
1.2789 0.88998 2.12185
0.14812 1.61365 1.16534
-0.86892 0.84268 2.07705
1.0212 0.17736 0.001
1.39585 -2.16038 0.95295
0.27704 0.04451 1.39219
-1.02046 0.95299 0.05068
-0.81217 1.87304 -2.21035
0.92587 1.43183 -1.62769
