2.67134 1.51256 1.63315
1.99743 3.42993 1.73636
1.61021 1.77661 2.16164
1.98327 2.12839 0.14984
2.5302 2.35717 0.46498
0.81407 0.72062 0.69676
-0.35592 -0.0617 1.91527
2.01599 1.10069 2.58363
1.86596 0.35511 1.27056
2.47799 -0.42905 2.19108
1.76704 1.15732 1.63087
1.91462 -0.25203 1.81691
2.28819 1.36718 1.07088
2.16261 -0.27005 1.47282
2.35325 2.38997 2.00218
2.29488 -1.46215 2.6076
2.06271 0.27783 1.28848
0.20629 2.34029 1.13473
0.05024 -0.68311 0.72845
1.05523 1.40478 0.69781
0.56709 2.0417 1.37184
1.33095 -2.39295 2.64026
2.21708 0.46008 1.62736
0.76136 0.62488 2.53607
1.67425 0.19189 1.16938
1.42813 0.70971 0.35474
1.35967 0.8949 -1.09236
2.15644 -0.54813 0.57874
0.96146 -0.36361 -0.42305
0.97588 -1.25269 -0.04171
-0.41569 0.81156 0.20381
-1.51417 -0.40375 -0.782
-2.17351 1.09516 0.58526
-2.20069 -0.91315 0.81893
-2.16175 0.05712 -0.19928
1.21859 2.17713 1.34131
-0.36457 -2.17998 0.70767
-0.43768 -0.11636 0.9711
-1.20769 2.31978 1.79001
-0.16793 -1.00356 0.30419
0.91341 -0.81428 0.23986
1.65135 -0.52162 0.50747
2.44647 2.4596 0.62263
1.71663 0.51693 -0.14116
0.20567 -0.93784 1.2128
-0.03453 -0.02978 0.37492
0.53785 -0.1594 -1.09592
0.81342 -1.02897 0.00029
-0.00288 1.35057 0.56118
1.18134 0.62741 0.70535
0.61204 1.25441 -0.04736
3.10854 0.2931 -0.35855
2.25409 0.38805 -0.78724
2.39438 -1.37748 -0.46464
4.21864 1.79072 -3.22897
3.38034 0.36607 -2.85249
2.25137 0.78483 -3.58013
1.64055 2.54552 -3.87894
2.55949 1.11246 -3.74184
1.2623 1.07826 -1.73627
-0.35075 1.19208 -2.71612
1.03967 -1.50993 -3.57464
-1.16457 -0.86683 -3.31719
-0.55363 -1.86909 -3.4254
-0.44533 0.45712 -0.36398
-2.56042 -1.68542 1.44891
-3.54003 -0.29724 1.34999
-4.36766 -0.69057 1.62281
-4.36194 -0.8717 0.37184
-2.95647 -0.31944 0.19658
-3.21812 -1.5913 -1.54895
-2.25715 -1.93757 -0.76702
-2.87754 0.0692 1.07313
-3.32159 0.45241 -2.16326
-1.86509 -1.11929 -2.74314
-2.85986 -1.24953 -1.21599
-1.96908 -0.61958 -1.66673
-3.06972 0.87852 -1.92435
-1.89735 -1.36257 -1.23803
-0.99289 -2.57357 0.71186
-2.35057 0.16284 1.17422
-0.39309 -0.41941 0.46857
-0.87426 -0.10862 -1.03457
-2.56665 1.24899 0.80841
-0.78901 1.00585 1.27537
-0.14154 -0.99715 0.74963
0.94062 0.07694 0.99909
0.41185 -1.32887 -0.88655
1.87261 0.61706 -1.20977
-1.16053 -0.13593 -2.45927
-2.22861 1.16343 -0.82512
-2.3253 1.64384 -1.06421
-2.28701 -0.07679 -2.0418
-2.3803 -1.60016 -2.68777
-4.73412 0.5182 0.21848
-5.24471 -1.66799 -0.30855
-3.72569 -0.0762 0.27642
-3.49721 -3.70504 0.76156
-2.46813 -0.8681 0.67819
-0.44265 0.87665 1.0098
1.24695 -1.81003 0.64727
2.91595 -1.91165 0.10488
2.62741 0.65076 0.75835
3.28612 -0.35928 0.7645
2.022 2.74347 0.62528
2.67745 1.39961 -1.22415
3.9003 -0.31052 -0.10742
3.26221 1.64227 -0.0487
2.43494 1.58995 0.67921
3.85541 0.66165 0.89616
4.27471 0.50643 0.46315
3.71235 1.86042 -0.5901
3.10604 1.18858 -0.36809
3.18911 1.23207 0.53821
2.87223 0.94281 1.39802
2.79634 -0.11637 2.30258
0.3292 2.2716 0.35627
2.77042 -0.09647 -0.04525
4.59976 0.49616 -2.02179
4.84688 -0.04759 -0.38348
5.90351 0.81027 0.96693
6.41465 0.64428 1.27387
4.25362 1.11993 0.42405
3.43927 -0.77246 -1.79961
3.35001 0.98872 0.4017
3.95459 0.9285 -0.49409
5.30061 1.06906 -1.95443
4.51401 1.10493 -1.24419
4.00785 0.35236 -1.40082
3.11857 1.7561 -0.71452
2.66357 0.72151 -2.90448
1.56913 -0.09416 -3.25538
1.30704 0.37219 -1.73151
-1.41489 0.63456 -0.21016
-0.84062 -1.80622 1.07459
-1.55867 0.52463 -0.12518
-1.99651 -2.15724 0.80449
-2.88009 -0.98052 0.89186
-2.64504 0.11456 -0.42119
-2.08001 -2.04677 0.5838
-1.74652 -1.55023 0.33606
-0.84266 -0.24653 1.09067
-0.4388 1.62746 0.81387
-1.26222 -1.98634 0.20643
-2.4663 2.02872 0.64671
-2.98148 0.84952 -0.29597
-3.29547 -1.65568 0.53531
-4.05253 0.88768 1.27367
-3.98625 -2.19521 0.52207
-4.74172 1.01566 0.14631
