-0.07805 0.66559 0.29068
-1.83839 -0.93601 -1.66232
-2.20425 0.34697 -1.70544
-0.19372 -0.30462 2.70817
0.15936 -1.1218 0.6658
-1.71208 -1.27472 -0.0439
-2.5195 1.1238 0.35943
-2.65157 0.39372 -0.54627
-0.63765 0.55047 -1.87083
2.00742 -0.50922 -0.29137
0.64013 -0.95716 -0.22488
-0.24886 -1.27448 0.23746
-0.25097 -2.24783 0.42707
-0.56264 0.65438 0.93437
1.04329 0.8789 1.8796
-0.94975 0.86102 0.22348
-1.74805 0.50578 0.94227
-1.93563 0.24008 1.5598
-0.44755 0.29894 -0.15597
0.68983 1.26626 -0.07307
1.38004 0.13677 0.05018
0.90231 -3.10058 0.84332
2.63028 1.3791 0.03333
0.91953 2.07018 -1.01703
1.86649 1.01631 -0.60104
2.22908 -0.3526 -0.69627
0.85341 0.94788 -1.37753
1.47372 1.98248 -1.762
-0.39833 -0.81213 0.498
-0.37592 -0.01766 1.06531
-0.83298 -0.12335 0.65582
-0.75419 0.35522 -1.44059
-2.06792 -0.17859 -0.91702
-1.2655 -0.10745 0.35438
-0.42907 -1.12 1.33924
-2.76953 -1.43204 0.93728
-0.98515 0.05184 0.88589
-1.34382 1.45683 0.47998
-0.68188 0.94386 0.17108
-0.30886 -0.34145 0.79211
0.34141 0.61987 -1.03599
0.1635 -0.75003 0.66994
1.4737 0.3675 -0.88848
0.53504 1.10731 0.7859
2.03824 -0.247 -0.75105
1.18463 -0.46677 0.23015
2.3501 0.14636 -0.00689
1.37652 1.05394 1.12224
0.77902 2.34818 1.80627
-0.89688 1.95936 2.17617
0.40964 1.43339 0.15084
0.49073 2.0224 0.76792
0.15928 1.80029 -0.50297
-0.31088 -0.54191 -0.99215
-0.2084 -0.09341 -1.97487
-0.06211 0.87893 0.02604
0.9269 -0.65897 0.19831
1.51189 0.25646 1.85469
0.50092 0.61795 0.826
-0.31785 -0.33566 1.05269
-2.40964 0.53319 2.63921
-1.46213 0.79143 1.34152
-2.39865 2.54633 -0.10707
-1.07871 0.55673 -0.95932
1.63167 0.181 1.09422
2.07674 0.03047 -0.04855
1.62508 -0.79258 0.01776
2.78469 -1.2084 0.43768
2.02527 0.03894 0.41479
2.26985 1.7836 0.37011
0.74379 1.06295 0.80409
0.66286 2.49838 -0.47378
2.52716 2.74153 -0.38887
0.92734 0.19208 2.24593
0.80869 0.55074 2.58079
2.42625 -0.26378 1.77918
2.27487 0.6836 0.77157
1.88105 1.90299 2.08701
3.22989 1.22815 2.59929
0.72121 0.60235 3.36368
0.81689 3.10777 2.13086
1.33502 2.84123 1.07645
1.69831 2.63574 2.24497
2.71086 0.74158 1.88079
2.41712 0.25554 1.47277
-0.32519 2.95332 1.76628
-0.36642 0.51779 -0.19274
0.91534 2.33095 0.04941
1.2724 2.17631 -0.60486
-0.12586 -0.63365 0.00526
-1.35345 1.27096 -0.70799
-0.64965 1.62666 -1.34425
0.81623 2.25489 -0.48022
-0.39174 -1.10522 -1.43208
-0.96152 0.64671 -1.15337
1.02335 -0.78821 -1.38427
1.00535 0.10623 1.3175
-0.05905 -0.64358 -0.13987
-1.22304 -0.16935 -1.89578
-0.05316 -0.69391 -0.64821
0.81422 -1.0432 -1.47623
0.90554 -0.50508 -1.21821
-0.84829 -1.65223 -0.58091
-0.70716 0.78763 -0.51987
-0.13478 -1.87331 0.79114
0.87736 0.47272 0.62464
-0.72703 0.71751 -1.28289
1.03623 -0.85689 -0.08545
0.94459 -3.35602 -0.14334
2.076 -1.23066 -0.141
1.06988 -0.91867 1.13783
-0.17317 0.37153 0.09651
-0.28877 0.44433 0.32941
-1.02651 1.60653 -0.07479
-0.12086 2.17809 -0.48431
1.94727 0.24385 -2.26549
1.70526 -2.44499 -2.07179
1.40674 -1.22191 -2.54209
0.15294 -1.09891 -2.38548
-0.41531 0.1494 -1.78407
-1.66618 -0.91448 -0.11966
-2.26401 -0.56602 1.99983
-3.19224 -0.4006 1.26299
-4.26622 -0.28108 -0.93354
-4.57575 -1.15823 -1.58966
-2.31196 -1.43191 0.88059
-1.806 -2.64177 1.19766
-1.22876 -2.64919 2.23182
-1.98138 -1.8057 1.76683
-0.96275 -1.38356 1.65172
-0.57722 0.9404 2.22949
-1.47499 -0.81676 2.3934
0.3476 -0.69015 3.18193
0.9861 0.37003 1.67501
1.84642 1.36589 1.49112
1.85185 0.8156 0.61738
1.66142 -0.05532 -0.01644
2.72737 0.01365 0.59651
3.92636 0.95989 1.41996
2.7645 0.72381 1.48672
2.15052 0.53031 1.03263
1.31551 1.82846 1.66108
0.40507 2.19619 2.92726
0.1985 0.94079 1.27676
-0.35266 -0.1806 -0.63404
0.56001 0.85732 0.01768
1.16915 1.18802 0.28598
0.54333 -0.44905 0.52472
0.78459 0.71967 1.58958
-0.56785 0.52552 0.47645
