-0.4409 0.84152 -0.08885
-0.0981 0.02409 1.47582
-0.62696 -2.24294 -0.19882
1.49604 0.67787 0.74839
-0.88411 0.02678 2.26839
-0.2398 0.37155 2.58669
0.98713 -0.22625 2.09629
0.95832 -1.3305 1.51402
0.93934 0.20871 0.68098
-0.46923 -0.01191 1.28384
-0.03523 0.14354 0.64928
-0.06182 0.26357 1.54846
-1.29762 0.42022 1.9511
0.41042 0.42341 0.83782
-0.90198 -0.49609 1.65038
-1.39982 2.01971 1.19262
-1.92929 -0.20721 0.42156
-1.08937 0.22505 -0.755
0.20946 -0.55635 0.95395
-0.45151 -1.372 1.10974
-0.49781 1.04861 -0.0375
0.31223 1.45038 0.97191
-0.31302 -0.35171 0.43645
0.74951 -1.522 0.20501
-1.03239 -0.51495 0.46878
0.58514 -0.1682 2.7196
1.07016 0.05828 1.67873
-0.46106 -2.27321 1.93883
-1.8699 -0.70482 0.97912
-0.52811 -0.24254 2.42824
-0.37557 0.20455 2.60654
0.17988 1.26229 2.28783
0.4483 0.80758 2.53324
-0.25191 -0.08 2.45261
-0.72145 0.20886 1.56027
1.4056 1.72965 0.87766
1.54903 -0.5049 -0.45381
0.06453 0.76594 -2.20914
-0.61908 1.0656 -1.70494
-0.4255 0.77531 -0.96339
-0.0998 -0.01739 -2.00888
-0.73993 0.19365 -2.11931
-0.21982 0.16541 -1.67015
-0.93812 0.13702 -1.82701
-1.4942 1.32465 -1.55984
-2.10587 -0.14564 -0.31891
-0.64181 -1.10078 -0.48035
-0.37459 0.985 0.87604
-0.18414 -0.83288 2.10196
1.21898 1.14505 1.11376
2.23789 -0.07048 1.49536
0.76481 0.99219 2.9575
1.62013 0.0249 3.45212
2.06771 0.11971 4.47564
1.32129 3.73097 2.6371
3.40299 -0.88537 4.16507
3.81335 -0.6816 3.00496
0.75859 0.32189 3.6138
0.99442 0.51201 2.93638
0.66809 1.07755 2.4966
1.05464 0.90938 2.67549
1.15029 0.5685 2.12568
-0.37667 1.83715 3.42155
0.52742 1.10201 3.2711
1.10578 0.85191 2.96305
1.77618 1.17713 2.35492
1.28157 0.85981 3.42618
2.372 0.43753 1.22371
3.28758 1.70692 2.21694
2.30881 2.06075 1.14036
1.40615 0.3525 0.55655
1.76488 -0.71197 0.07853
2.58088 1.35984 0.65218
1.76651 1.4437 0.70686
1.97299 -0.96376 0.07398
0.97775 0.38188 -0.71516
-0.50068 -0.85533 0.22192
0.55702 1.30371 0.68693
0.32852 0.07503 0.03483
-1.16508 0.84532 1.62367
0.63094 -0.94558 1.37332
0.46983 0.89537 -0.70314
-0.23181 -0.10599 -0.50986
1.21646 2.69787 -0.3239
-0.23079 0.42002 -0.36729
-0.03857 -0.98137 0.44613
-0.37812 -1.29241 0.38523
-0.28908 2.50304 -0.86789
-1.76626 0.53533 -2.52318
-1.29791 0.15779 -3.27713
-0.88804 0.34348 -4.41869
-1.57218 -0.10073 -4.94735
-0.57017 -1.8693 -3.98243
-0.66467 -0.08825 -2.27619
-0.99601 -1.01529 -0.72272
0.61388 -1.08721 -2.04859
-0.78015 -1.66234 -2.50408
-1.18773 0.43975 -1.746
-1.16664 -0.5889 -3.84827
-1.72256 0.13322 -3.08641
-1.67985 -0.71528 -1.66811
-1.81569 -1.51842 -2.63729
-2.36991 -1.96629 -1.80762
-4.26906 -0.01762 -1.97154
-1.04881 -0.19846 -2.67783
-1.03482 -0.08752 -4.18607
-2.51842 -0.73224 -4.05531
-2.50124 -1.30641 -4.44598
-1.52834 -1.51015 -5.56651
-3.05969 -1.64819 -4.20873
-1.93035 -0.95846 -3.30575
-1.45077 -1.99072 -3.07274
-0.75476 -1.49136 -2.74201
-1.3665 -1.38631 -2.40022
0.6028 0.42381 0.1827
-0.16667 0.21416 -0.33075
-0.79007 -0.42981 -1.53578
-2.33519 -0.54614 -1.54302
-0.39346 1.55042 -1.28129
-1.06685 -0.78951 -0.88298
-1.06825 0.15574 0.46713
-0.15818 -1.30977 0.98289
2.12303 -0.2016 0.08241
1.52044 -0.11629 0.15861
0.02662 1.85866 0.22877
-0.17267 0.77991 -0.07283
1.4546 0.73111 -1.90187
0.91409 0.40895 -0.30102
0.34012 0.45682 1.86194
1.03145 1.08117 1.6553
2.19191 -0.99343 0.50905
2.06419 -1.44312 1.17965
0.9933 0.1577 0.56371
-0.79073 1.57934 0.19583
0.79108 1.68309 -0.29264
0.13956 0.02539 -0.12296
-1.45905 -0.23642 -0.01227
-1.40495 0.21428 -1.39661
-1.7455 -1.52805 -1.49052
-0.88088 -0.50089 -1.58565
-0.95943 -0.41613 -0.01066
0.22028 1.70402 -0.50481
0.27 -1.56488 -1.07888
-1.7437 -0.54035 -0.90319
-1.28404 -1.06852 -1.09884
0.43491 -0.84967 -0.75784
0.39059 -1.83858 -0.74131
0.22608 0.51303 -2.63859
0.49386 -0.88468 -1.779
-1.24495 0.51655 -3.41309
