3.88056 2.28125 -1.56848
4.14893 -1.00697 -0.79381
3.31655 0.24214 -1.69144
1.3565 3.21367 -2.17624
0.34132 3.47654 -1.18565
1.21643 2.88826 -2.15086
2.34887 1.29883 -0.0079
0.90427 0.01358 -0.72397
-0.47816 0.50949 -2.34818
-0.90891 2.60847 -0.72397
-2.56639 1.69574 -0.42645
-1.793 2.1008 0.36199
-0.97051 -0.15223 -0.24713
-0.31751 -0.42708 -0.06011
-0.67539 -1.57412 0.27028
-0.02874 0.27139 1.11192
1.8991 -0.91739 1.48844
0.67331 -1.10111 0.86405
1.47275 -0.64793 -0.27627
0.82949 -0.10074 1.0392
-0.56965 0.79724 -0.36054
-1.45999 0.71245 0.72804
-1.10221 1.22779 -0.51449
-1.87404 1.58239 0.89322
-3.45853 -0.73038 0.52762
-3.82502 -0.09559 0.63587
-4.7474 -1.86688 1.14533
-5.3429 -2.22987 1.6474
-6.02385 -3.25308 1.55529
-3.03401 -3.00529 2.64406
-0.07119 -3.28843 0.93102
1.39399 -2.81782 1.69871
-0.32463 -1.94637 0.77174
0.25132 -0.43844 0.4702
1.20495 1.0915 0.78815
0.90829 -0.28025 1.20897
1.09527 -1.04526 -0.83328
0.61459 0.60942 -1.10203
0.0405 0.50734 -0.13419
0.11996 -0.34778 0.64938
0.28228 -0.60675 2.25623
0.765 -0.02218 1.33805
0.99158 1.32254 -1.63769
2.40293 1.70858 -0.57383
1.15537 -0.65053 -0.81115
2.08097 -1.3103 0.62013
1.99746 0.4244 0.93495
1.85513 2.43442 0.43485
1.79256 3.28093 2.94997
2.00581 0.72173 1.64203
1.03733 0.40968 0.62708
1.84608 -0.89834 -0.25344
4.42242 -0.89449 0.04945
2.62381 -0.15662 -0.05891
3.76711 0.56586 -0.20638
2.98507 1.86924 -1.51354
3.35933 0.8154 0.51912
2.84778 0.30091 1.13119
3.15066 -0.23566 1.74261
1.93167 1.1515 0.42697
1.91006 0.50698 0.08962
2.54523 -0.53437 0.54426
1.66502 0.67604 0.33691
2.79597 0.79062 0.49874
1.38471 0.62591 0.66728
1.13677 1.47233 -1.08713
1.31534 1.53546 -0.1315
1.4645 -1.30204 1.00639
1.21896 -0.96218 0.41143
2.0087 -0.81749 0.74101
2.61675 -0.31904 -1.40593
3.71311 -0.6593 0.2584
3.59801 0.26033 1.15893
4.59902 1.03796 1.02805
5.77109 1.83666 0.35481
6.1633 2.20703 -0.13839
6.56529 2.82531 -1.33941
4.47618 3.77034 0.62588
3.22863 3.68662 1.98263
2.59331 4.33501 1.60675
1.87843 4.82068 1.86919
3.71714 3.37535 1.85015
3.69323 2.19418 0.57804
1.29643 1.4185 2.51231
0.71451 4.3889 1.92725
0.50475 5.40477 1.45639
1.04433 4.69937 2.55337
1.63131 6.12265 0.87712
1.36606 5.15269 -0.09313
1.24696 3.3432 -1.17898
3.54026 1.29814 -2.74912
2.52092 -0.79341 -2.14846
2.46816 -1.86331 -1.47591
0.63346 -0.37813 -0.35888
1.10234 0.4303 -0.3122
1.74904 0.50231 0.02634
1.84887 0.13487 -1.17501
1.98665 0.2196 -0.42699
0.4208 -0.31018 -1.89338
1.75906 -0.27609 -1.75091
2.48773 -0.15858 -0.7452
2.08654 0.92909 -1.2595
2.06129 2.41367 -0.50247
0.77545 0.72788 -0.41015
-0.61008 2.42047 0.08626
0.27112 2.05768 -0.06006
0.04334 0.46029 -0.52417
1.63052 1.50646 -0.2993
3.1766 -0.43181 -0.98975
3.27696 1.00522 -0.32815
4.78868 2.33386 -0.1738
3.22519 2.25619 0.52063
3.56126 0.83056 -2.40846
3.64332 2.73983 -0.02041
4.47695 2.91047 -0.73384
3.12471 3.24654 -2.00155
0.30827 3.46272 -2.12856
-2.42096 3.83653 -1.36067
-2.47964 3.50383 -2.62852
-1.96186 1.54347 -0.45482
-1.9541 -1.21265 -0.06736
-2.96431 -2.14824 -0.62129
-3.77388 -2.55247 0.32201
-5.55695 -2.40493 1.50385
-4.80074 -3.32488 -0.27185
-3.63046 -2.45081 -1.33433
-2.82208 -1.98609 1.26586
-4.0172 -2.19562 -0.29282
-4.55535 -2.19955 -1.20132
-5.17858 -0.91745 -1.18842
-5.90494 -1.47157 0.06925
-6.29283 -2.075 -0.42922
-7.2251 -1.2413 -0.70537
-7.57953 -2.89424 -0.03993
-6.94926 -2.33569 0.34211
-7.27382 -4.16188 1.99147
-6.08315 -4.14121 1.20293
-4.34504 -3.328 0.07579
-3.38506 -4.91651 0.71215
-2.96466 -5.58667 0.79306
-3.36284 -4.21938 1.23918
-3.10454 -2.47136 0.99865
-3.78657 -1.74901 -0.34906
-2.80668 -2.38664 2.04794
-3.30395 -2.55467 2.33609
-1.26644 -0.6241 1.43892
-0.3234 0.5172 -0.69439
0.40667 -0.6447 0.40493
0.80862 -2.33464 -1.59022
0.42945 -2.03125 -2.54574
