-0.39301 -0.93977 -1.16342
-0.2715 -1.11791 0.1223
0.1 -0.03979 -0.12404
-1.16449 -1.63524 1.36532
0.22618 -0.82991 -0.24575
-0.10936 0.97624 1.18171
1.94805 2.62011 0.89798
1.50487 1.68154 1.09755
1.20206 0.97784 -1.3117
1.14336 0.55257 -0.03362
0.05803 1.49599 1.45525
2.03766 0.04498 0.52664
1.38537 1.9659 -0.85291
-0.301 2.21012 1.42064
1.31874 3.70342 -0.73516
1.15033 0.50441 -1.42961
1.44724 1.95964 -1.0916
-0.58153 2.88243 1.9223
1.96324 2.2646 -0.90546
2.59475 0.19607 0.91592
3.41946 0.47488 1.02263
2.79249 1.71129 -2.05191
1.97187 1.07132 -0.93679
0.52905 1.30412 0.88997
0.55372 0.94528 1.20773
-0.30016 1.27734 -3.88935
-1.01495 0.45356 -0.23825
-1.39411 -0.19375 0.04201
-1.27 0.16822 0.47922
-0.18401 -0.21174 -1.41822
-1.02666 0.25442 -0.15873
-2.13275 -0.99 -1.19738
-0.93223 -2.37783 0.7377
-1.96325 -1.60482 1.57425
-1.7366 -1.90033 -0.38652
-2.04025 -1.49103 -1.54278
-1.80527 -3.68064 -0.04891
-1.49905 -3.64087 0.0583
-3.51147 -1.65778 1.15439
-3.68431 -2.81715 0.26233
-2.30603 -2.08563 0.25683
-2.06828 0.01625 1.06323
-1.43735 -1.74976 -0.2939
-1.907 -1.928 0.90814
-1.39704 -0.53276 -1.09455
-0.67118 -0.08523 -1.63757
-0.06908 -0.67055 0.92075
-0.7769 0.49994 1.45097
-0.00687 -1.17246 -2.16408
-2.32824 -0.63124 1.28928
-2.53501 0.86544 1.23305
-3.46153 -0.85401 -0.02833
-2.63509 -2.91171 -2.28899
-2.40859 -1.99023 -0.83068
-3.18889 -0.45063 -0.37185
-2.63639 -2.33567 0.13668
-1.45968 -2.11326 -1.45204
-0.39475 -2.68405 0.8128
-1.62487 -1.17386 0.73318
-2.08952 0.45677 -0.21409
-2.77988 0.02951 -1.95408
-2.90665 0.45794 -2.46364
-1.45487 -0.41892 -0.31705
-2.54043 -0.98245 -0.98069
-3.61641 -2.41299 1.19701
-1.95922 -2.72493 0.21969
-2.06379 -2.63352 0.54081
-2.29527 -1.43524 -0.23517
-2.81276 -0.00021 -1.11752
-3.23901 -1.09514 0.51536
-2.36649 -1.85432 -0.03448
-0.58786 -1.68869 -0.23475
-0.35778 -1.60898 0.11215
0.01506 -0.44201 -0.20643
-0.07094 -0.94571 0.73058
0.84842 0.35308 -0.83709
2.74054 0.68878 0.85653
2.06554 1.05845 -1.48573
-0.62327 -0.62724 0.88238
0.7004 -0.86872 -0.52244
-1.39927 -0.7644 -0.03131
-0.90887 -1.65269 0.9338
1.27372 -1.07112 -1.00397
0.3826 0.07042 -0.55652
0.4643 0.97407 -1.96544
0.24417 0.27314 -0.26846
-0.44072 -0.54548 -0.93187
0.27815 0.1056 -0.31149
-0.16628 0.97483 -0.57333
0.05391 0.16612 0.82418
1.34286 -0.40335 0.13297
0.61097 1.00495 0.33902
-0.82618 0.56741 0.38792
0.9158 0.97577 0.07017
1.76135 -0.14566 0.07358
2.59817 0.13683 -0.56206
-0.98662 0.41446 -0.4077
-1.61444 -1.29738 0.8079
-0.84338 -0.39744 0.52071
0.66926 -0.78421 -0.41045
0.47463 -0.64648 0.74311
-0.66995 0.21638 -0.69529
-1.11181 -0.40708 1.06179
-0.14228 0.18626 -1.05078
-0.50474 1.796 -0.2578
0.46942 0.44422 0.39624
1.01948 -0.06946 0.4285
0.68092 0.76551 1.98738
0.42545 1.20558 0.6489
-0.29713 1.47192 1.69703
-0.40672 0.3986 0.86573
-0.79227 -1.32445 0.06686
0.46941 -1.35643 1.74954
-0.57681 -0.11674 0.20852
-2.6902 0.88112 -1.54077
-0.85143 0.88994 0.55611
-1.25109 0.68688 -0.08927
-0.56732 -0.13781 -0.52211
0.27562 -1.21553 0.99325
0.66838 1.63096 -0.0026
-1.50822 -0.41468 1.16002
-0.79898 -1.13182 -0.06515
-2.32497 1.97695 0.22171
-0.67905 -1.00171 -0.02689
0.47345 -0.24185 0.34381
-1.00399 -0.37053 2.11761
0.30943 -1.11298 -1.24092
-0.79625 -0.87436 -0.23392
0.91336 -1.4873 1.35138
1.47528 -1.37307 0.48165
1.11563 0.59087 -0.14314
-0.10023 0.14912 -2.25962
-1.12497 -1.36252 -0.40643
0.52372 -3.03871 -0.36577
-0.90903 -1.09553 1.50274
-2.5519 -0.82017 -1.14362
-3.50558 -1.17206 -0.17642
-2.31418 -1.7283 0.83491
-0.73358 -0.53089 0.895
0.87554 1.90111 -0.94894
0.31271 1.91769 0.57602
0.24419 0.00744 -0.18997
2.36496 1.00373 -0.87343
1.39705 0.87208 0.78512
1.34083 1.00335 1.74847
1.17195 1.02238 0.95673
2.2133 3.18686 0.3663
0.59065 2.38255 0.87711
0.94086 1.74349 1.28324
1.79622 2.75985 -0.78163
