-0.63391 -2.09864 -0.03346
-1.21118 1.29737 0.19958
-0.09061 0.94369 0.3118
0.00103 -0.45282 0.40535
-1.04475 0.65497 0.26455
-0.74852 -1.55824 -1.1283
0.83464 0.85527 0.26278
1.41915 0.38059 -0.75866
-1.78498 -0.47291 0.72624
-1.01181 0.27192 -0.18577
0.75527 1.53112 0.82416
-0.84322 0.45371 0.29987
0.41664 -0.78182 -0.18222
0.14392 -0.05645 -0.7259
-1.31707 -0.61991 -0.24051
-1.16318 0.80964 -0.33394
0.49743 -0.55192 -0.81275
0.29202 -0.97083 1.5762
-0.36559 0.52506 0.2004
0.94274 0.64107 1.50577
1.37146 0.16747 -1.01583
-0.07769 1.67191 -0.04463
-0.17505 1.0389 -0.30272
0.38188 0.36662 1.43261
-0.54912 0.23233 2.42807
-0.45448 -0.31461 -1.29542
0.87532 -0.54707 0.89213
-1.62165 -0.80325 -0.95335
0.9056 -1.06718 -0.1102
-0.45169 -0.95741 -0.59699
-0.35804 1.38696 1.19197
-1.00971 -0.08477 1.04709
-0.88564 -3.39398 0.51548
-0.39217 -1.27847 1.3457
1.94872 0.7445 -1.03608
0.45582 -0.44808 -1.00042
0.10499 1.57883 0.87995
-1.81535 0.20927 -1.98052
0.00503 -1.17122 0.95894
-0.56465 -0.11816 1.11511
0.77968 -0.50875 -1.24829
-0.25713 -1.30581 1.02328
0.08435 2.13734 0.87907
-0.08447 1.01203 -0.496
-0.32125 -0.33021 2.45515
1.64712 -0.05797 -0.41793
-0.7767 0.8694 0.41413
0.1236 0.76313 0.47791
1.41758 -1.05597 0.36284
1.38581 0.44518 1.20757
-0.11917 2.36489 -0.08112
-0.17251 0.48808 -0.78253
0.81109 1.08638 1.25088
0.49585 0.7349 -0.63894
0.59115 0.62785 0.96532
0.60444 0.06519 -1.77304
0.12998 0.8552 -0.57362
-0.07378 -0.99258 0.57425
1.4656 -0.13927 -0.60782
-0.25957 -0.46007 0.18448
-0.18492 -0.31692 -1.13891
-0.91332 -1.58164 -0.99779
-0.78287 -0.09411 -1.61394
-0.57193 -0.68512 -1.10979
0.71278 -0.03949 0.36944
-0.37286 3.10489 -1.14751
-0.11954 1.99715 -0.32909
0.24382 1.98141 -0.50948
-2.01428 1.39142 0.80362
-1.02244 1.69056 1.43975
-1.18688 0.59445 -0.98559
-1.43764 0.32313 0.48873
-0.75128 0.40443 -0.16532
-1.39056 1.02238 0.68137
0.44746 -0.77272 -1.31939
-0.53858 1.10187 -1.29289
0.74779 -0.24565 -2.30342
-0.04489 1.82708 1.52622
1.37326 1.31662 -1.27326
0.71961 -1.61639 1.07201
0.56408 -0.7267 -0.32933
-0.7747 0.2515 1.98542
-0.27862 1.83734 0.49444
0.53667 1.41316 0.77295
0.54473 -0.66441 3.1344
-0.37996 -0.00818 -0.22823
0.21998 1.29015 -0.33897
-0.80996 0.48451 -0.20184
0.21817 0.99414 -1.90064
-0.04485 2.24656 -0.31461
-0.07636 0.98015 0.82717
0.84839 0.70312 1.17544
-0.02105 0.56826 0.13398
-0.01438 0.74263 0.91233
-2.36191 0.48569 0.69599
-0.00704 0.30324 1.6141
-0.24228 -0.13547 0.73448
-0.43327 -0.02314 -0.17007
0.26639 -0.70514 0.66605
1.44943 -1.41866 0.16653
0.45213 -1.59525 -0.63344
0.13934 0.83524 -1.34541
0.85083 -0.43871 -0.72362
0.5726 0.66331 -0.38972
-0.97469 -1.22553 -2.12345
-0.56753 0.05164 1.37289
-0.76708 0.0721 0.82649
-0.09071 0.68601 -0.50647
-1.29974 1.76179 -0.91303
0.95965 -1.26561 0.51208
-1.63124 -1.71419 0.58964
-0.2076 1.3414 -1.98934
-1.51351 0.65289 -0.14338
-2.43707 -0.86453 0.40914
-1.53425 -1.69541 -1.48296
1.24932 -0.45222 -0.87006
0.55505 -0.11759 -1.62263
-0.95534 1.42501 -0.63034
-0.4545 -0.12808 -0.22562
-0.02412 1.19849 2.05766
0.21275 0.86928 0.67071
0.05719 0.31155 0.26332
-1.65532 0.5098 1.3799
0.49421 0.21171 -1.0522
-0.53014 -0.57163 -2.11208
0.06374 1.09013 -0.48126
0.39352 -3.28182 -1.39728
-0.28992 0.03106 1.36475
-1.01693 0.00559 -2.3565
-0.57061 -0.59599 -0.04099
-0.52563 -0.35549 -0.22332
0.2705 1.27318 -2.13597
0.43815 -2.00688 -1.21182
0.51982 0.11544 0.09616
0.96525 0.98993 -1.16242
1.03448 0.60347 0.17866
-1.65237 1.02551 0.74996
0.84123 -0.10649 -0.67379
0.51641 -1.81863 -0.04347
-0.52573 -0.07973 1.20097
1.03016 -0.45606 0.13924
2.06523 0.38142 -0.12368
1.50259 1.0882 0.51462
0.08377 2.07121 0.3533
-2.1357 0.43416 -0.36608
-2.27816 0.38773 1.72181
0.42997 -0.40607 0.41633
-1.76196 -2.04126 0.52829
-2.34748 -0.22597 -0.56067
-0.62478 -0.89676 -2.25269
