-0.80624 -0.83632 -0.93086
-1.15643 -0.34582 -0.78418
-1.26119 0.02801 -0.03186
-0.08993 0.3711 0.00739
-1.6381 -1.16108 -0.56629
-0.02692 -1.82409 0.25865
0.70956 -0.87245 0.18215
1.55318 -1.58876 -0.52955
-0.18681 1.45524 -0.64003
-1.68272 0.31185 -0.55286
-0.8633 0.34338 -0.78635
-0.00553 -1.23269 -2.20102
-0.73414 -0.02624 -1.2528
-0.10813 -0.60881 1.0883
-0.85918 0.29913 0.17917
0.11561 0.50961 1.79247
2.01486 0.45037 1.40897
1.28113 2.13315 0.59379
1.75248 0.66418 0.31587
0.91635 1.05804 -0.56896
0.97646 1.52726 -0.41493
-1.49871 -0.19838 -0.84529
-0.21201 -0.23634 -0.67798
0.41587 0.52351 -0.15984
0.87371 -1.49448 -0.00893
0.75583 0.13261 0.60966
-0.39716 -0.11717 -1.59951
0.70463 -0.69371 1.34796
1.38074 -0.76907 -1.53142
0.04887 -0.39841 -0.96763
1.63374 -0.7964 -0.03447
0.26067 -1.6129 -0.47805
-0.12934 -1.88634 -0.59451
0.74845 0.49502 -1.46104
-0.68883 -2.98261 1.22038
1.32017 -2.35001 0.57088
-1.0794 -0.93795 -1.08521
0.19321 -1.02197 1.79954
-0.1839 -1.40483 1.0852
0.08294 -0.54358 0.1223
-0.0815 1.8676 0.66856
-0.91549 1.27473 1.24113
-1.42898 0.83151 1.15037
-1.43573 1.39026 1.27355
-0.31928 0.32396 0.2235
1.01737 -1.35701 2.28259
1.10841 1.45272 0.19839
1.96555 1.59668 0.4192
0.84943 0.04578 0.14458
-0.0919 0.53333 1.48501
-0.00957 -0.69853 1.51253
-0.79569 0.88685 -0.62485
1.34395 0.70865 -0.41017
2.70053 1.27359 -0.77721
-1.25211 1.66264 -0.69167
0.57954 2.53199 0.10527
0.50524 1.35155 -0.36421
-0.3395 0.23023 -2.25107
0.39149 -1.18682 -1.43616
-1.07737 -1.82322 -1.03092
-1.03401 -1.74451 0.55666
1.0641 -2.67517 0.11917
1.20218 -2.26231 -0.11312
-0.16889 -0.05078 -0.03432
-0.46327 -1.10014 0.2896
-0.70052 -0.24588 2.06453
0.9383 -0.94949 1.68943
0.17103 0.21965 0.1814
1.0708 1.28583 0.53213
0.53885 1.96781 -0.37338
-0.3206 2.38 -0.42861
-0.09481 2.95684 0.59703
0.03876 1.74227 -0.09399
0.15062 0.59416 0.50857
0.93286 -0.78909 1.89688
2.27424 -0.40738 1.88488
3.21177 0.11661 2.89174
2.14083 0.9238 1.416
2.11118 0.30289 1.54374
1.78123 0.45606 2.05037
1.12087 0.89131 2.49567
1.30693 1.86448 -0.00198
2.00576 2.23458 -2.49583
2.15662 -0.22857 -0.82794
1.05857 -1.85775 -0.332
0.49673 -1.24634 -1.16495
-1.04566 1.26044 0.74185
0.98422 0.89883 -0.1737
-0.93676 1.22496 1.1102
-0.55731 -2.35633 -0.86293
-0.16711 -0.29019 -1.16159
0.66257 0.77024 0.23514
0.30584 0.63657 0.91675
0.38735 -0.69353 0.88972
-0.07692 -0.1528 0.23718
0.83319 0.70251 0.25517
1.7221 -1.27545 1.28873
-0.45504 0.56457 -0.68016
-1.74953 0.27759 -0.00122
0.95812 0.5336 -1.62861
0.23836 -0.41973 -0.06939
-0.43045 2.6758 -1.13081
-0.61026 1.77522 0.68023
0.11739 -0.53027 0.62364
0.26256 0.09351 0.63001
0.0003 -1.17927 1.07782
1.61429 0.23716 -0.94609
2.11807 -1.06588 2.08435
-0.36 -0.35289 2.48843
-0.47289 -0.50991 1.14466
-0.0469 -0.9986 0.216
2.42107 -0.18295 -0.18989
1.56378 -0.84755 0.75675
0.45582 1.12473 2.23603
-0.36073 -0.33749 1.09851
-1.51333 -0.93041 1.4473
-0.05477 0.36224 1.96055
-1.20416 0.73416 0.84639
0.34207 0.15789 -0.08058
0.76838 0.10822 0.81125
-1.21638 0.30124 -0.47646
-1.24664 1.57422 -1.15759
0.63278 1.61677 -0.51478
0.51235 -0.04306 0.23523
-1.3812 0.21838 0.49516
-0.84134 -3.09913 -0.49508
0.84184 -0.62769 0.5894
0.13918 -2.07934 0.2768
-1.15938 -2.30376 0.16177
0.55728 -0.25885 1.01187
-2.5997 -2.10527 0.65362
0.6742 -0.69434 -0.35246
1.1382 -0.76246 1.73852
1.12596 -0.73596 2.03871
0.09952 0.84085 -0.77112
1.27743 0.84901 0.23872
-1.31325 1.39631 1.19672
-0.27105 1.6921 -1.7239
-1.66147 0.39279 2.06464
-1.20509 -2.37387 -0.33221
0.0277 0.30053 0.84314
-0.16338 0.06038 0.001
0.6835 -0.4276 -0.71434
1.16154 -0.78027 0.01005
1.2061 -0.01375 0.02717
0.16421 1.69118 0.63685
-0.41099 1.58408 0.456
-1.54951 0.56379 1.28262
-0.72285 -2.65375 -1.62285
-1.24538 -0.68289 0.67727
