0.10526 0.09128 1.58732
-0.17814 -1.45219 -0.60679
-0.33899 -1.37514 -0.96573
0.00198 1.39838 -0.27095
0.21276 1.45659 1.01357
-0.21836 -0.50058 -0.40035
-0.4586 0.48968 0.81014
-0.86368 0.08166 0.65302
0.07009 -1.54003 -2.58727
0.65576 -0.26381 1.54618
0.78955 -0.61087 0.89755
1.33717 -1.32161 -1.41023
1.25005 0.12026 0.11569
0.78663 1.60094 -0.26634
-1.22323 1.23441 -1.56515
-0.60774 0.92822 0.21559
-1.57743 0.78283 1.45807
-1.82147 0.22352 0.17363
-1.48428 0.85358 0.13523
-0.52416 0.16844 0.61041
-1.9017 -0.31631 0.67762
-3.09304 -0.14896 2.17831
-1.38162 -0.30665 0.91704
-2.61852 0.14928 -0.85785
-1.18832 1.74773 -0.60568
-1.70866 -1.23877 1.38422
-1.7388 1.34987 1.30028
-1.19938 -0.20362 -1.91507
0.59988 0.51064 -0.80369
-0.84157 -0.04973 -0.28119
0.13649 -0.33911 -0.57086
1.64092 -1.77724 -0.67264
0.76 -1.52341 -1.55891
0.37215 -0.17283 -0.46306
-1.29625 0.18408 -1.35808
-0.43211 0.37979 -0.3316
-1.41554 2.08981 -0.39566
-2.40522 2.57263 -0.44685
-2.1702 0.73022 -0.35621
-0.19688 -0.07715 -0.68053
-0.70512 -0.30684 -1.73149
-1.611 -1.90501 -1.21174
-1.27808 -2.40401 -1.68489
-1.2139 0.88779 -1.24738
-1.38897 0.20869 0.21944
-2.45118 -0.8498 -0.76998
-1.25285 0.05568 0.11424
-1.29263 -1.55206 1.25178
-0.93104 -0.86836 -1.29173
-0.81011 -1.59837 -0.9938
-0.7405 -1.23332 -0.61639
0.54631 -1.48605 -1.59244
0.76357 0.50231 -1.42884
0.71639 -1.99112 -1.14238
0.36346 -0.93569 0.96182
0.44842 -1.15126 -0.46885
-1.08576 -0.16544 -0.97332
-1.95589 -1.0821 0.32453
0.77997 -0.72804 0.67091
0.52808 0.99438 0.25612
-0.70782 -0.0207 -0.54483
-0.78889 -0.39767 -0.06931
-1.4378 1.70433 0.37714
0.75741 -0.37402 -0.6731
1.98312 0.80534 0.22362
-1.01501 1.54585 -0.8196
0.42219 1.06701 0.2925
0.43247 0.0812 -0.03426
0.49584 -0.83626 -2.03042
-0.35264 -1.49328 -0.48539
0.22165 1.94298 0.44244
-0.02367 0.08133 0.35066
-0.35121 0.32706 0.89619
1.37977 0.01244 1.17391
1.81324 1.3649 0.72041
2.1389 -0.7711 0.96317
1.34315 -0.18269 -1.88286
2.22113 -1.50388 0.37684
0.47974 -0.17764 0.1341
1.15179 -1.39219 0.27647
-0.18001 -1.6387 1.70323
-0.65104 0.77347 -0.22043
-2.30786 1.42362 -0.43759
-0.04292 -0.22686 1.98834
-0.31126 0.94397 0.2262
-1.28689 0.04837 0.17279
-2.11179 -0.6873 0.1369
-0.33073 0.04204 -2.17252
0.45115 1.38055 0.56129
-0.69123 -0.5522 0.60109
0.02702 -1.32413 1.45705
-0.68275 -0.32977 -0.76157
0.14287 0.32855 0.24575
1.22011 -1.0274 -0.80777
-0.53978 -0.0915 0.10769
0.14323 -0.2007 2.19747
-1.18344 -0.95819 0.46184
-1.19571 -0.78935 0.4961
0.29233 1.1725 -0.55419
-0.36485 -0.76363 -0.07407
0.03221 -0.45431 0.07243
-1.09373 -0.59261 0.77834
-0.24596 -0.20731 -0.84507
-1.00881 0.13097 -0.26709
-0.87315 0.73545 0.61078
0.11022 -0.60191 1.12182
-1.44602 -0.10129 -1.45713
-1.0432 0.03643 0.06044
-0.53697 0.14374 -0.42283
-2.70324 0.27315 -2.42517
-3.64292 -1.45909 -0.53804
-1.62841 1.10997 0.08667
0.15175 -0.66056 0.13734
0.94609 -2.51611 -0.89512
-1.65566 -0.77325 -1.01821
-3.41407 -0.27515 -1.61968
-2.48369 0.1959 0.72565
-0.87642 -0.4585 -0.92708
-0.90198 -0.35827 -0.94074
0.08707 -0.0529 -1.6772
0.6074 -1.42206 0.13624
0.415 -0.98408 -1.02833
1.04452 -0.8513 -1.12663
-0.92873 -0.49791 -0.75114
-1.66344 0.49505 1.09914
-0.77057 0.48394 0.43938
-1.72689 0.33782 0.15844
-1.12711 -0.48875 0.74907
-1.59057 1.19214 0.46513
0.69911 -0.27435 -1.87138
1.18032 -1.65484 1.28538
1.74866 0.13907 -0.25894
0.31391 0.63481 -1.71873
-1.26726 0.92671 0.73728
0.15672 -0.26558 -0.29151
-1.43478 -0.04188 -1.04294
-1.15077 -0.53355 -0.46397
-0.95657 -0.15293 -0.23879
-0.43981 0.02411 -0.40642
-1.07984 -1.05447 -0.11526
-1.59502 -1.19693 -0.51229
-0.35151 -0.32337 -0.85054
0.2689 -0.58825 0.91072
-0.85341 -0.7342 -0.04073
-2.36248 -1.0943 1.24892
-0.27364 0.55626 0.10536
-1.23954 0.54869 0.25979
-0.40171 1.65956 2.01268
1.95051 0.5954 -0.0688
1.47903 -1.03687 -0.65086
