3.73213 4.14141 1.99769
4.95123 4.43282 2.57004
6.46317 4.98788 1.98309
6.42184 4.89237 0.17562
5.25475 5.22669 0.14062
5.72728 4.83123 -0.01692
4.73163 5.72155 -0.82153
4.6977 5.61488 0.65818
3.77405 3.91953 0.29442
3.4083 1.72234 -0.51307
1.94432 2.23613 -0.37248
3.30286 3.80021 -1.15498
1.89667 2.77346 0.32023
0.58365 2.64856 -1.17384
-0.03896 2.38713 -0.43771
1.09575 1.62989 0.25872
0.00277 0.65607 1.22816
0.37784 1.1449 0.90501
-2.82311 1.20125 0.49652
-2.86035 0.53896 -0.08813
-1.62049 1.98476 -0.0246
-1.20986 1.4 1.61118
0.69601 -0.86583 1.54008
-0.06463 -2.39587 -0.31241
-0.1744 -1.97814 -0.92375
-0.51532 -2.40293 0.24077
-0.11763 -1.5758 0.33025
-0.57282 -1.04004 1.35706
0.42917 -1.28985 0.70911
0.23376 -0.37048 -1.02035
1.49399 -1.41848 0.53125
2.43546 -0.02681 0.82539
4.42053 -0.70224 2.3758
3.78223 -1.85162 1.3503
3.48796 -2.05191 -0.40454
3.3887 1.06294 -1.00419
3.73116 0.96731 -1.40708
2.14455 3.44553 -1.92227
3.39567 2.20459 -2.10341
0.79724 0.99524 -1.22298
-0.92194 1.08638 1.16596
-1.28297 1.20131 1.3955
-2.57257 0.33044 0.93312
-1.88278 -0.19957 1.48417
-1.11716 1.08888 1.23885
0.23557 -1.36862 0.12028
2.40634 -0.78791 2.48617
1.40964 -0.18647 2.90225
1.16781 0.29674 2.39458
0.95599 1.59619 4.68472
0.37493 1.49427 3.66073
1.22619 3.632 4.61096
1.62117 2.63341 2.59515
0.10065 1.98902 1.5804
1.97034 2.29525 1.54443
4.11872 4.13291 2.02529
3.17637 3.13945 3.26459
3.88074 2.88772 3.29157
4.07104 2.30077 3.29883
4.11455 -0.34538 4.20407
3.34624 0.73536 2.70959
1.16116 3.99017 3.0915
2.51898 4.40279 1.29125
4.35901 5.44152 0.14763
3.28866 3.24693 2.10958
4.53933 1.91622 1.62362
2.3073 1.80209 2.58671
1.12504 0.62436 2.51572
0.06016 0.86631 1.43776
0.25124 1.85854 2.14854
-1.13892 1.48507 1.03247
-0.62842 1.87491 -1.13515
0.54702 -0.40617 -0.82548
0.2181 0.45011 -1.70024
0.7963 0.03997 -1.61744
0.78622 1.04176 -1.7897
-0.58024 2.86417 -2.70845
-1.20997 1.5864 -2.6531
-4.12007 -0.65521 -2.18601
-2.59179 -1.47891 -1.65113
-2.90186 -1.38171 -1.92493
-3.91302 -2.4958 -2.33421
-2.29928 -3.54603 -3.06514
-1.62996 -2.36884 -3.81348
-2.63374 -3.35914 -3.57274
-2.13488 -2.6222 -2.83954
-1.39781 -0.62227 -3.99309
-1.82527 -2.31466 -3.36437
-2.34955 -0.37378 -3.34558
-4.72119 -0.09216 -4.7015
-4.74036 -2.78948 -4.0755
-4.23181 -2.60395 -4.13896
-5.61115 -1.30772 -3.51943
-4.83829 -2.53734 -2.92806
-4.65814 -3.4226 -3.50596
-4.31055 -4.64653 -1.87497
-4.09886 -4.36227 -2.10559
-2.76617 -4.78808 -0.87783
-5.10232 -5.2628 0.11017
-5.70827 -5.26554 1.10183
-2.77524 -4.80415 1.13554
-4.37323 -5.17729 1.09944
-4.7258 -5.07396 0.99724
-3.21434 -2.35243 1.23843
-1.60155 -2.76697 1.82103
-0.34795 -2.81652 1.88393
-0.30929 -3.81867 0.08725
-1.67027 -1.39098 -2.13413
1.21075 1.41975 -1.74027
0.08016 3.0421 -1.74072
-0.61318 0.59566 -1.77553
1.06016 -0.00862 -1.47437
-0.43657 -1.17756 -1.67795
0.29753 -1.26827 -2.2308
-0.80594 0.6102 -2.28537
-2.65345 -3.10473 -2.15215
-4.37561 -1.41286 -1.32209
-4.1988 -0.43886 -1.21515
-3.35785 -0.38975 -0.02879
-2.34397 -1.81382 -0.4361
-3.26584 -5.22105 0.26061
-4.09809 -5.53944 0.51056
-2.48973 -4.01553 0.60775
-1.36875 -0.49095 0.25447
-0.44794 -0.28275 0.94057
-0.60593 -0.75675 -0.26241
-0.33463 -0.60202 -0.52443
-0.90757 0.18282 -0.22541
-1.18974 -0.93957 0.2927
-1.16181 -1.17985 0.41386
-1.52107 -1.63915 0.65019
-2.57029 1.15531 1.38966
-2.79181 1.41427 2.09664
-2.41452 1.8097 1.30351
-1.72927 0.47976 1.38918
-1.25112 -2.24609 2.1488
-0.9936 -1.13951 1.80202
-1.0137 -0.9657 0.24866
0.68018 0.34893 1.59636
-0.31233 1.50185 4.02265
-2.7926 0.90565 3.97731
-1.25771 0.20369 3.63719
-1.29506 0.38309 3.96621
-0.93576 1.33378 2.89616
0.32806 1.40157 2.86792
0.9776 2.24689 0.15361
1.8562 2.68545 -0.64358
2.25784 4.21157 -1.76547
1.61108 2.1143 -1.01984
1.57096 3.02735 -1.46243
