-0.68899 5.31348 2.53599
1.985 4.3531 4.83669
1.69536 6.17162 3.53908
2.92506 5.92247 1.49811
2.71807 6.71655 3.24154
2.5396 7.57937 3.10452
1.98603 8.16162 4.13126
2.4381 7.03888 2.93584
2.41848 6.12711 2.25357
3.24476 5.94331 2.61452
3.28088 5.45601 3.76577
2.9572 5.66514 2.54203
3.67051 5.91096 1.32027
1.69026 7.32608 0.95425
1.07976 8.45572 1.62806
1.8015 8.57768 1.59031
3.70579 9.65763 1.40172
2.86859 8.41763 0.86808
2.18877 8.89017 0.60883
3.41354 10.15897 -0.05698
2.53766 9.37795 -0.55308
1.4385 8.54586 -1.94444
1.28366 8.14538 -0.93962
2.30829 5.77999 0.91965
2.01332 6.84709 1.33401
2.65172 5.97452 -0.99236
1.28621 5.45161 0.01785
2.0677 5.56295 -1.16891
2.28877 5.86746 -0.09319
0.34528 3.33587 1.06143
-0.25698 3.78071 1.89986
0.70097 3.67013 1.99116
1.72701 3.61029 4.34871
2.98514 4.34953 2.97306
2.1802 5.36262 2.76009
2.49085 4.72997 2.32542
4.51235 2.89762 1.55149
4.62251 2.46714 1.39958
1.66481 2.63369 1.97135
2.69873 2.1996 2.87954
1.33315 1.81629 4.64207
2.21288 1.58043 4.79662
1.42579 1.60736 4.76048
2.74475 0.38746 4.36752
4.22659 -0.2091 3.15929
3.14977 -1.25543 3.59438
-0.49407 -3.43989 4.50452
-0.63989 -3.52303 5.82052
1.64254 -4.70761 4.00581
1.83388 -3.50939 3.49903
0.912 -3.16771 2.35951
-1.25652 -2.67597 1.67812
1.06333 -2.6377 1.58364
-1.12642 -1.30701 2.09854
1.41233 -1.69547 0.9235
-0.42741 -0.48058 0.99093
-0.01387 0.89007 1.16517
1.45172 1.56926 0.05772
0.94307 2.53918 -2.13301
0.45537 2.17219 -1.62876
0.48299 0.68418 -0.86012
0.36416 0.62953 -1.49053
-0.17087 -0.94674 0.00728
-0.43618 -1.61374 -0.87005
-0.7947 0.78393 -0.67636
-0.70038 0.7722 -0.72195
-1.97961 -0.20409 -0.61135
-0.66896 -0.15453 0.45137
0.24684 -1.52834 0.22266
1.48126 -0.60283 -1.57148
-0.17519 -0.67743 -0.33593
-1.43577 -0.83213 -1.48081
-0.79039 -1.65707 0.49697
-0.80282 0.10485 -0.70778
0.7347 0.59281 -1.41273
-1.92953 0.35659 -3.17501
-0.11961 1.36871 -1.80551
-1.20082 1.83453 -1.57095
-0.1523 2.28427 -2.0343
-1.0141 2.04004 -1.1092
-1.08977 0.95113 -3.04919
-0.74804 1.4631 -2.12863
-0.00545 1.39749 -2.29725
-1.1656 1.41534 -1.52852
-1.3184 1.31729 -0.47793
-0.52767 1.99279 0.02017
0.6999 1.50569 -0.39889
1.1061 2.29626 -0.48023
-0.35964 3.74741 -1.17152
0.86849 3.2804 -0.4551
-0.81237 2.76542 1.79619
-0.05232 3.46304 1.78754
1.44237 3.49856 3.04051
0.43538 4.74107 1.06774
0.9566 4.81067 1.50243
2.57222 5.53232 -0.31524
1.07968 4.8343 -2.52159
0.12612 5.94903 -3.28692
-0.25521 4.7487 -2.259
1.08797 5.00519 -1.06214
2.25527 4.82642 -1.93814
-0.00822 3.41304 -0.42563
3.07529 2.95171 0.0047
3.16986 2.62722 1.35694
3.42897 4.60968 1.33533
0.7638 3.41514 1.27082
1.75261 2.1225 2.19838
-0.05014 1.14267 3.92883
1.26762 0.77201 3.99895
0.62265 0.98637 5.03796
1.88842 0.14496 4.90795
3.36593 -0.81597 6.02328
2.21169 -0.8482 5.26957
2.08802 0.28818 6.32439
0.65568 -0.78858 4.40523
0.87961 -1.00382 5.67706
1.57734 -2.09291 3.12526
2.43157 -0.41598 2.20117
0.22311 0.23067 1.27087
-0.69216 -0.68175 3.3761
-0.41743 -2.40495 5.11268
-0.75956 -1.74911 2.31854
0.36253 -0.42994 1.35221
0.02574 0.04798 0.71488
0.25371 1.07166 -0.24078
0.88483 0.18778 -0.70104
-0.66367 1.19686 -0.00543
-0.78751 1.37302 -0.34465
-0.33978 0.48737 -0.27936
-1.14524 0.11256 0.59975
-0.47194 -0.71517 0.70093
-0.72615 -0.2398 1.44918
-1.95316 -0.55031 0.12347
0.52512 -1.00061 -1.94968
-0.65062 -2.00491 -1.60607
-0.50713 -1.70112 0.14684
-0.56086 -1.75325 1.27152
0.36839 -1.406 1.73449
1.93355 0.73305 1.02717
0.61844 2.84411 0.16756
-0.00976 1.89315 -0.17526
1.52964 1.25111 1.45891
2.27662 -0.00858 0.14261
1.80076 0.39152 1.24093
1.61466 2.38081 1.2384
0.28242 2.31229 2.14844
0.34462 3.17587 2.6747
1.06627 2.72866 2.05761
1.76754 3.31857 1.37532
0.91243 4.14629 1.48237
