-4.83113 -0.01348 -2.98084
-4.32692 -1.61855 -1.10189
-5.18607 -0.624 -2.5452
-2.49346 -1.7564 -1.85162
-2.48022 -2.81021 0.36064
-2.75468 -1.6288 0.30211
-1.76234 -0.71195 -0.61278
-2.53683 1.6313 -2.06725
-1.46277 2.10178 -0.54367
-0.08328 2.54018 1.74126
-0.85478 0.2312 1.05989
-1.91437 -0.98123 0.14117
-0.99562 -1.32262 -0.96503
0.7497 -0.34882 1.59169
-0.1145 1.27607 1.09056
-1.2112 -0.58365 0.68011
-0.70893 0.57614 -0.02468
-1.37981 -0.50752 -0.45715
0.61129 -0.07968 -1.76636
-0.53204 0.52576 1.24626
-0.0389 1.09742 0.18417
-0.4574 0.90767 -1.44503
-0.64874 1.65736 1.19306
0.1534 2.17741 -1.22296
-0.00307 0.80484 -0.01009
-0.77761 0.64931 0.8138
0.00109 0.53444 -0.83288
0.65706 0.00812 -0.33897
-0.93933 -0.0362 1.08222
0.29896 0.9663 -2.42448
0.49641 1.17642 1.50028
-0.44155 -0.23186 1.38929
-0.38485 -3.9327 -0.93379
-2.21362 -2.59886 0.48294
-0.82122 -2.79783 0.30127
-1.58299 -1.63735 -1.77302
-1.94546 -0.52847 1.43972
-2.56177 0.90769 0.72134
-4.5769 -0.09732 -0.22598
-5.67025 1.25599 -2.22573
-4.9625 0.62451 -0.32548
-4.53843 0.67609 -1.15552
-4.5291 -0.70404 -1.66495
-3.72997 0.04201 -0.82704
-1.77037 0.04493 -1.57819
-0.57752 0.50766 -0.50522
-0.44485 -0.02063 -0.90756
-1.34538 -0.07771 -2.10057
-1.97116 -0.05013 0.56633
-1.51592 0.9415 0.14199
-1.92576 -1.17563 -0.04683
-1.06199 -0.9733 -1.3617
-0.31409 -1.3544 0.06392
0.89282 -0.3801 1.72717
0.11893 -0.91848 -0.50809
0.35177 -0.64649 -1.13419
0.62729 0.70915 1.45779
1.8434 -0.3315 -0.12291
1.13655 0.30589 0.57129
2.14975 2.49058 0.91935
3.69736 1.60096 0.94072
4.15661 2.22733 2.43775
3.60906 1.44214 1.95385
3.64122 2.33082 2.43871
4.05111 2.82708 0.03844
3.81921 2.20984 0.34665
4.54941 1.47183 2.32762
3.41895 1.23586 2.40229
3.98379 1.04215 0.13896
5.49755 2.76065 1.63706
3.99798 1.87646 1.46155
4.91846 0.74624 0.06732
3.72941 0.10598 0.24276
2.82696 0.20195 0.4075
2.85564 -0.32425 -0.94638
1.21119 0.2946 1.20977
-0.05879 -1.89131 1.37076
-0.55793 -0.46204 -0.2343
-0.5164 -1.009 1.60359
-0.85907 0.09291 -1.52933
-0.14921 1.21626 -2.38988
-1.2719 1.83349 0.13354
-2.00459 0.40234 1.15344
0.43741 -0.4684 -1.10666
-1.32133 -0.38606 -0.84066
-0.51122 0.61324 0.46883
1.42529 0.48129 -0.38836
-1.47336 -0.90318 2.16741
-2.51859 -1.0325 -0.28154
-2.89227 -0.56701 -1.42771
0.21603 -1.72337 -1.26061
0.17569 -0.63708 -1.13979
0.83847 -1.03832 0.72689
1.17886 0.73491 3.08383
1.95745 1.33265 1.7664
3.28762 1.24333 1.54646
4.1364 2.77988 1.42337
3.30204 2.58938 0.6605
2.26196 1.56342 0.57548
1.4536 2.8273 0.93658
1.23314 1.50956 -0.73807
1.54067 1.30982 -1.17482
2.34981 1.40655 0.02974
3.84186 -0.21509 -0.90808
3.10514 0.33346 1.51805
2.6963 1.20412 0.11041
1.3533 -2.31296 -0.48028
0.42988 -4.10687 -0.07883
0.69685 -3.96745 -0.76851
0.41713 -4.37648 0.85337
-0.2556 -3.95973 0.0489
0.07084 -3.19189 -0.38706
0.22664 -3.5624 -0.7947
1.48046 -2.16486 0.59191
0.49189 -2.68962 -0.76544
-0.56602 -2.01292 1.07284
-0.98154 -1.04218 0.32861
-1.00554 0.00609 -1.44373
-2.05488 0.22547 -0.32595
-2.53257 1.23493 1.40237
-3.26168 0.90938 -0.9837
-2.25512 0.27947 -0.72826
-1.81707 -0.01608 1.75029
-0.15318 2.41196 -0.18819
1.06908 0.5765 2.16259
0.71889 1.01297 -0.15259
2.37046 -0.69526 0.357
2.0955 -0.60107 1.29298
2.92519 -1.48343 0.89613
2.71972 -1.2956 1.26744
4.31013 0.53727 0.59909
2.78001 -0.44375 1.47633
2.29196 -0.71843 1.31782
2.67198 -0.47018 1.70755
0.61239 0.69018 0.74536
2.06464 0.07391 -0.92326
2.47455 -0.0596 1.30724
1.53175 -0.00817 0.72735
1.05098 -0.95768 -0.01896
-0.78119 -0.80913 0.60713
-0.41724 -0.87067 -0.92271
0.96066 -0.28361 -1.02463
1.70164 0.26732 0.23025
0.78711 0.8131 -0.90441
-1.09395 -0.32558 0.38801
-1.51453 -0.22139 0.19895
-2.38395 0.91589 0.87913
-2.36099 0.46126 0.05605
-2.37584 0.56688 -1.40449
-2.17146 -0.92488 0.06337
