-4.92788 0.11996 -3.83435
-4.26157 -1.16183 -3.1394
-4.25257 -1.04867 -2.68888
-2.03479 -3.08581 -2.02717
-1.77874 -2.33683 -1.65888
-0.27343 -4.09467 -2.63634
-0.24103 -3.73077 -3.72449
-0.91597 -2.17073 -3.06083
-3.45574 -3.75448 -2.36715
-4.00305 -3.53263 -1.72303
-3.13173 -4.16284 -1.82145
-3.11373 -3.24075 -0.1652
-3.19813 -2.00314 0.63097
-1.9947 -1.25788 -1.26752
-2.25832 1.10706 -0.83123
-3.67053 0.90842 -1.38883
-2.31728 0.0679 -1.21363
-0.71227 -1.26952 -0.31151
0.69199 -2.32977 0.13359
-0.9391 -0.5276 0.0828
0.2353 -1.70077 -0.21798
1.41851 -1.0307 0.80884
-0.31273 0.14225 -0.58107
1.22506 -0.38618 1.23356
0.48674 -0.94056 3.09188
0.70187 -0.76954 2.43247
0.88835 2.375 1.79422
1.21993 2.81041 0.36581
2.68993 2.42611 0.82088
0.64689 1.11447 0.55357
2.05028 -0.31759 1.18882
0.71167 -0.94666 1.71604
1.29055 0.18669 0.77192
1.55133 0.02351 0.8404
1.70427 -0.19071 1.35516
0.38302 -1.61144 1.07629
1.03438 -0.02806 1.18259
1.09927 0.00308 0.97775
-0.70078 -1.17723 1.80659
-1.27263 -1.43425 0.56063
-0.42552 0.73451 0.09972
-3.54569 -0.41071 -0.05518
-3.40906 -1.17895 0.55794
-3.56376 -1.09878 -0.33952
-2.11311 -1.6084 -2.00023
-0.94105 -2.44711 -1.42927
-2.34607 -1.86401 -1.37012
-2.05481 -3.08369 -2.62578
-1.00023 -2.07438 -1.98921
-1.63688 -3.06693 -2.34492
-2.53991 -0.92431 -0.53162
-1.12953 -0.7154 -1.6466
-0.65192 -0.47184 -0.63166
-0.99369 -2.29631 0.01933
-1.7739 -0.79864 0.15969
-2.33275 -0.28812 1.1366
-1.31913 0.25894 0.57992
-1.11145 0.51793 0.88958
-2.36563 2.43377 2.09081
-1.02144 1.53217 2.78419
0.27 2.67281 2.47765
0.61536 1.77112 1.4278
0.32607 2.81446 2.12064
1.55343 3.06602 2.31599
3.02364 -0.36306 3.16839
2.30318 0.23012 5.17284
1.87645 0.05141 4.94996
2.89107 1.43524 3.40677
3.16798 1.72309 2.64948
1.66595 1.57136 3.6783
0.85044 2.28548 2.58082
0.7479 0.56461 3.69295
0.91567 3.28792 4.17584
0.08954 2.60664 3.40992
1.72286 3.40795 2.14084
1.78644 1.15712 2.96583
1.87151 2.63585 1.67724
3.75867 2.92045 1.58717
2.72059 1.34408 1.37935
2.73252 1.59462 1.95843
3.41374 2.5701 3.2863
3.54837 0.72743 1.7037
3.36896 1.43214 1.17702
2.88737 3.99376 0.12872
3.27847 1.05834 -0.10932
1.53284 -0.87679 0.90754
1.96279 -2.64309 1.64587
2.85033 0.28346 0.07735
2.43763 0.48372 1.21907
2.58543 -1.25237 2.28078
1.09624 -0.14972 2.30358
1.7468 2.17685 1.27533
1.64273 2.272 -0.2582
-1.25029 2.09331 0.0352
0.1681 2.3415 -0.12369
2.22471 0.9232 1.58998
1.42584 -0.68996 2.85122
2.17393 -0.86656 2.06676
2.86936 -0.83408 0.97578
2.25001 0.69021 0.64578
1.03864 0.85199 0.51658
-0.02369 1.50575 1.08799
0.61858 0.20776 1.60845
1.3912 -0.30291 1.4858
1.70574 -1.05155 1.25897
2.2658 -0.54946 0.52683
1.79747 -1.13109 1.65299
2.07186 1.52164 2.53331
-0.09231 1.56888 2.15768
-0.02598 2.78084 1.8357
1.26449 3.47296 2.5913
0.42805 1.06741 3.76005
-0.39759 -0.07303 4.08551
0.90556 0.42707 3.0311
2.76209 2.59365 4.03547
1.99337 2.31395 2.67531
2.58005 3.23013 3.1432
1.94811 2.23174 2.72958
0.3344 3.13901 1.92874
0.87554 1.98238 0.71042
2.33206 2.07411 -0.17163
1.73962 0.58592 0.13783
3.55506 1.05194 0.34064
2.55582 1.26917 0.43562
1.95735 1.61119 0.09354
1.43185 1.38313 2.19556
-1.83078 0.96569 2.29511
1.35524 0.89657 2.39777
1.70345 1.96745 3.0117
2.2847 3.20556 2.90611
1.9115 2.47678 4.80482
1.93638 1.66525 3.23345
3.20272 2.36079 3.81144
4.561 -0.47661 4.0099
4.12306 -0.75886 3.6259
4.98157 1.1089 4.70686
4.65649 0.68718 5.14897
3.35351 0.34813 4.81723
1.25028 0.43101 3.42318
2.75629 2.60468 3.28005
2.80667 3.49263 3.47119
3.65744 3.1556 1.33499
2.27321 3.01282 1.31628
3.22884 3.91626 0.70542
3.06646 1.98994 0.2285
3.35642 1.80054 0.15766
1.70822 2.36031 -0.52887
3.86337 1.0495 0.88601
2.51525 0.84877 2.45163
1.62593 1.22301 2.49828
