0.91893 -1.03115 0.02882
1.91186 -0.8838 -0.31301
2.00317 -1.14903 -1.48341
1.05689 2.2057 -0.45887
1.02615 0.36414 0.66713
2.24461 -0.39898 0.2178
0.66628 0.81326 -0.48414
-0.25734 0.24826 0.96264
-0.89076 1.4222 0.81971
1.08133 1.92417 -0.79816
1.73574 -0.59635 -0.63024
0.77978 1.16057 0.29584
1.23147 -0.48021 -0.07501
1.95563 -0.57785 -0.52887
2.33448 -0.76832 0.63532
2.00649 -0.03879 -0.94838
0.39812 1.46287 -0.7707
2.41376 1.86485 1.61231
0.54739 2.15758 0.8932
-0.54601 2.73094 1.44516
-0.54852 2.84256 0.39085
-2.05471 0.98428 1.16858
0.70389 -0.45259 -0.33375
1.07289 0.36204 1.22847
0.55578 -0.39924 1.34692
1.00254 -0.42189 1.62895
0.75713 -0.32458 -0.59006
0.77335 -0.7482 0.66899
2.38308 0.07341 0.15776
3.26501 0.67 2.8508
0.7097 -0.31115 0.97072
-1.42347 0.76275 1.02639
-1.30052 1.82263 -0.5094
-0.2403 2.65169 0.58762
-0.21096 0.52481 -1.11603
0.13216 -1.50021 1.53469
0.34761 -1.73526 0.07602
0.9364 -1.37382 0.24618
1.18486 0.44095 0.18982
2.23093 -0.04752 0.45732
2.10868 -1.13185 2.12379
1.93973 -1.54708 -2.92695
2.72257 -2.61105 1.46697
3.13307 -0.77954 1.7531
2.73179 -1.09786 2.29127
3.92433 -0.22289 1.29514
3.86641 0.10763 -0.7354
4.34212 1.73691 -1.33259
3.04398 1.33387 -0.1061
0.76418 2.2311 0.92784
0.62627 2.30973 -0.66587
-0.70274 2.84788 -1.54081
0.30476 3.2703 0.28118
0.45535 2.20279 0.96309
-0.48934 1.90693 2.4053
-0.20806 -0.09324 0.76102
-0.83824 -0.5202 1.45384
0.66992 -1.32262 1.51814
-1.62521 -0.28113 2.08318
-2.51821 0.726 2.28079
-1.24321 1.06088 -1.38846
-0.37918 0.6586 -0.1295
-1.30741 -1.13493 -1.32882
-0.48872 -1.23319 -0.74269
-1.00448 0.1383 0.98426
0.03244 1.00463 1.48017
0.39769 1.11831 0.06028
0.13559 0.44481 -0.27022
0.51506 1.79481 -2.47454
-0.26648 2.94055 1.02629
0.03784 1.48266 1.07479
-0.00332 0.35959 -0.11747
0.80546 1.32795 -0.21639
1.15465 1.7079 1.30123
0.89215 -0.01339 2.80138
-0.50423 0.79563 0.20346
-0.71026 -0.39916 -0.26388
-1.59319 0.3289 1.27273
-2.06684 0.26336 -0.57789
-2.5562 0.05585 -0.64374
-3.11917 0.56767 0.601
-2.32828 -0.66978 1.30163
-1.84112 -1.1174 0.29112
-0.02434 -1.55136 -0.95416
1.97246 -1.68149 -0.52398
1.28936 -1.11914 -0.26865
1.45093 -1.78974 0.45821
1.22022 -2.37993 -0.08484
0.94492 -1.85298 1.57865
0.91055 -0.17717 0.75317
0.43248 -0.01122 -0.08077
1.2137 -2.08857 0.20445
2.62265 -2.26196 -0.08659
1.84982 -1.60878 -0.91239
2.17105 -0.30757 1.28093
1.05195 -0.74285 -0.93109
0.54159 -0.37713 -0.22603
2.00601 -3.3208 0.06076
0.93304 -2.38729 -1.85495
0.75263 0.08583 0.73012
2.68549 -0.40403 0.50364
1.91805 0.6942 -0.28613
2.92618 0.83754 -0.95652
2.63466 1.5864 -0.9825
0.71984 1.97838 0.94284
1.32007 1.9152 -0.98141
0.69347 2.37681 1.33543
0.32635 2.70531 2.21639
0.99322 2.56669 0.32118
1.68492 1.76682 0.91823
1.80076 1.82981 -1.25569
2.10627 2.20999 0.54907
1.86058 2.22969 -0.18551
1.48688 2.23262 0.18977
1.1455 2.09088 0.18816
-0.34282 2.70311 0.54876
0.01829 2.50193 -0.56834
0.56155 3.00353 1.2063
0.23207 2.4996 0.76608
-0.52436 0.9265 2.02832
0.16787 1.29128 -0.08799
-0.04944 -0.20695 -0.21454
0.25702 1.60436 -0.30562
-0.81578 1.4102 1.1727
-0.61776 2.54797 -0.3042
-0.34312 0.12404 -2.25617
-0.45989 -1.38556 -0.27568
-1.56788 -0.27018 0.94991
-2.91866 -1.03063 2.09098
-3.68284 -0.93504 1.89856
-2.87417 -1.37307 0.6694
-1.80912 -2.89442 0.33094
-2.17009 -1.55263 1.22871
-2.50628 -3.3437 1.06916
-1.28519 -1.34926 0.09774
-1.60748 -2.8864 -0.7701
-2.03631 -3.90601 -0.88797
-1.65671 -3.22436 -0.9004
-1.88134 -2.96712 -2.35688
-0.60128 -2.8914 -2.22441
-1.28818 -1.96095 -1.35246
-0.84766 -0.60908 -1.96059
-0.69644 -0.98462 0.43403
-0.0614 0.09749 -2.09578
1.10808 -0.43126 -0.02688
1.47296 0.66215 -0.79603
0.29121 1.37002 -0.95395
-0.53192 0.3918 0.37222
-2.14437 1.29756 -1.62352
-2.25008 0.42863 -0.54718
