0.97444 0.11723 -0.37386
0.42698 -0.30402 0.21355
0.01624 -0.0166 0.10764
0.01666 -0.2757 -0.31917
-0.29826 -1.15733 -0.91867
-2.99216 -2.02586 1.38717
-0.49267 0.73582 1.13518
-0.516 1.3085 -0.19576
-0.82726 1.04448 0.24757
1.17657 0.4349 -1.69364
-0.33195 -0.55023 -0.28455
0.66802 -1.16325 -0.58068
-0.72681 -0.85293 -0.20917
-0.28509 0.48004 0.25646
1.65641 1.67276 -1.4025
-0.09267 1.66589 -0.54482
-1.06267 0.74812 -1.11133
-0.381 -0.87516 0.54298
0.65872 -1.47916 0.71165
1.29459 -0.56332 0.20589
-0.6854 1.2131 0.06163
-0.67177 0.05481 -2.85463
0.9403 1.41019 0.11505
0.71873 -1.00982 1.13805
-0.92504 0.2342 0.54809
0.83094 -1.74367 0.69385
-0.97902 -0.1082 -1.41165
0.68692 0.36489 -0.76737
0.34909 -0.32019 0.46642
0.06192 0.90943 0.62147
0.15324 0.94566 -0.76899
2.33459 -0.41349 -0.05088
-0.21457 -0.64914 1.00217
0.15285 -0.04298 0.18346
0.35633 -0.33072 -0.43725
0.90175 -0.66247 -0.49933
1.24249 1.16568 -1.20234
1.32013 -0.9133 0.05174
-1.87839 -1.40863 0.51871
0.55102 0.36411 3.17227
-0.52167 0.15894 1.67806
2.23276 1.72786 0.35864
-0.34521 0.20539 0.19331
-0.96436 -2.08828 0.68713
-0.64539 -0.26638 0.32799
0.50537 -0.99933 1.38719
2.49466 2.95657 -1.23848
-0.56521 -0.53968 -1.56559
0.05188 -0.46244 0.05206
-0.58481 -0.97185 1.06759
-1.38884 -1.65806 1.46846
1.05622 0.90148 0.18205
-1.97184 0.54559 0.59467
-0.85582 -0.00793 -0.26003
-1.72877 1.56758 -0.90551
-1.88999 0.99846 -0.5836
-1.25477 -0.69132 1.66584
-1.14895 -0.97576 1.54356
-1.56459 -1.383 1.4755
-0.26441 -0.3254 0.4433
-3.26103 0.12575 1.39382
-1.00028 0.59917 -0.10174
-0.35211 -1.22813 -1.14331
0.51906 -1.46249 0.28536
-0.58922 -0.5524 -0.62664
-0.02621 0.26819 -0.21745
-0.19361 0.98172 -1.50014
-0.13275 0.64926 1.27553
0.4569 1.47912 -1.63485
-0.65778 0.57395 -1.19755
0.12813 1.15698 -0.72145
-0.03043 0.20589 -0.30555
1.49014 0.04344 1.16602
-0.3373 -0.03125 -1.19155
0.54914 -1.50891 0.18469
-1.1268 -0.9821 -1.23923
0.4203 -1.13047 0.7181
-0.2959 -0.06784 -0.4919
1.43235 0.44213 0.33958
-0.19564 0.19028 0.49597
-0.31029 -0.67406 -0.2837
0.34811 -3.1622 -0.46384
-1.15265 1.08505 -0.38205
0.24166 0.04856 -0.36206
0.9804 -0.6043 -0.18961
-1.46013 0.02409 -1.85132
-2.09154 -0.19761 1.431
-0.29133 -0.33442 0.59809
-1.14338 0.62984 -0.02255
0.51316 0.91862 1.04001
1.03731 -1.31689 -0.32143
2.13969 -0.77493 0.31608
-0.18593 -2.18195 1.65075
1.81579 -0.60961 -0.17462
-0.80641 3.15512 0.05516
-1.10819 1.7073 -1.24071
0.612 0.26538 -1.11937
0.66084 1.06043 -1.00974
0.22403 0.70429 1.14575
-0.13964 -0.02784 0.16733
0.03712 -1.32302 0.89196
1.05876 -0.4467 0.01815
-0.28061 0.883 0.64408
-1.11974 2.97638 0.56536
0.66002 -1.25738 1.29238
-1.3282 -1.47457 -0.34446
1.35353 0.42037 2.05081
1.02249 -0.8275 1.02536
0.25261 -0.24816 -2.14863
-2.52668 1.73736 -0.60243
-1.81565 0.40609 -0.07507
0.68268 0.32914 0.1613
-0.18124 -0.21609 -0.02818
0.1302 1.49704 0.93356
0.11656 -1.40178 1.09874
0.25822 -1.20114 0.2802
0.16251 -0.12101 0.98267
1.60685 1.07092 1.62231
0.79653 -0.97164 -1.24535
-0.57966 -1.82088 -0.99592
1.09204 -1.6993 -1.46203
-0.36259 -1.1829 -3.30138
-1.18108 0.76865 -1.35292
-0.30518 0.82627 -2.80576
1.13469 1.04546 -0.29141
-1.1605 -0.00013 1.35297
0.32822 -0.26589 -0.06154
-0.28577 0.18384 -1.44283
0.04602 0.07621 0.49594
1.665 -0.73905 -0.1423
0.50082 -0.8371 1.04731
0.0084 -0.38281 2.1829
-1.0476 -1.32334 0.13121
2.44587 -1.13228 0.22912
0.16207 -0.65947 0.37546
0.54522 0.49402 -0.18648
0.18177 -0.21944 0.78363
0.52383 0.41147 -0.63874
0.98047 -0.24925 -0.1123
-0.72059 -0.57064 0.71603
-0.84493 -0.00173 -0.83295
0.32561 -0.88529 -0.24183
-0.09364 1.04366 -0.98457
1.71803 0.81187 -2.7179
0.58062 0.1084 0.86409
-0.78555 0.66355 -0.66049
0.95989 -0.32558 -1.29152
-0.15208 -0.8925 1.39991
1.0313 -0.39271 2.03934
0.84996 0.44972 0.82792
