1.15975 -0.90714 -0.44856
1.99806 -0.17686 0.49684
1.04986 -0.71653 0.36223
1.21561 -1.15179 0.5225
1.81557 -1.31851 0.06876
1.73877 0.66521 0.50082
1.39831 0.8121 2.34598
0.26162 0.16708 0.68182
1.42586 1.3958 0.57165
1.28353 3.42543 1.25861
1.75578 0.6123 1.86263
3.66799 2.07231 0.14614
2.14026 0.10539 0.93123
3.62328 -0.47771 1.27369
4.73073 -0.16238 1.5164
4.57075 -1.48231 2.28937
4.5044 0.76873 1.23942
6.0911 0.1992 1.52636
5.36096 0.23491 2.31755
6.39187 -1.45119 2.40757
6.09893 0.34765 3.49803
7.32074 -0.32859 1.76232
5.48635 -0.56061 2.36052
4.58735 0.29587 4.7531
5.94563 0.51411 2.31479
5.05238 1.46852 1.32172
3.08836 0.56164 2.81809
4.28935 2.17812 1.45849
4.59721 2.18616 0.37252
5.35462 1.07034 0.33693
5.6435 0.71591 1.56483
6.19072 0.25929 1.95378
6.28437 -1.70395 1.77934
6.18332 0.19776 2.52935
5.587 1.42473 2.64038
7.22177 -0.51129 0.41181
6.32468 0.35655 0.68657
5.21107 -0.31189 1.64673
4.34843 -0.69258 1.06564
3.77603 0.33404 1.96072
4.25755 0.26089 1.07905
4.15098 1.06031 1.50597
4.60758 0.61232 -0.84615
6.04717 0.61643 1.62429
5.75506 -1.39001 1.63086
4.647 0.51394 1.32279
4.92524 -0.02438 1.79145
3.7347 0.00866 1.89922
5.58817 -0.3896 1.53685
5.58763 1.1521 0.52619
4.45805 -0.36852 0.52704
5.48891 0.25724 0.9399
4.88793 -1.00189 0.59732
3.41447 -1.08014 2.91647
1.26088 -1.38367 2.71872
0.69735 0.51955 2.89832
2.40453 -0.30888 -0.40435
2.8579 -0.80411 1.56403
2.27682 0.04815 2.88786
3.28716 -0.51549 0.73115
2.09856 0.61042 1.88357
1.78497 0.63096 -0.89165
1.26898 -2.16466 0.85655
0.17595 -0.59841 0.70758
0.22024 -0.57292 -1.39937
-0.65094 -0.46956 0.76464
-0.32292 -0.98367 -0.11024
-2.26167 -0.34606 -0.17504
-2.23642 -0.30049 -0.28606
-0.60057 -0.58345 -0.14038
-1.36951 0.78166 0.02896
-2.38235 -0.29758 1.01372
-3.83299 0.18128 1.80457
-4.38823 3.0832 -0.95378
-4.56299 1.34314 -1.86048
-4.44865 1.0939 -0.97752
-4.28301 0.44766 -0.74146
-4.03435 0.79491 -2.86988
-1.25168 0.72407 -1.84638
-0.68147 -0.22668 0.02771
-0.78283 0.32611 1.20813
-0.20527 0.10706 -0.84667
-2.06687 1.56221 -0.77981
-1.33884 0.95356 -1.04371
-1.69432 1.59382 -1.67898
-3.16795 -0.97499 1.05754
-1.02444 -0.50681 -0.66651
-1.20923 0.91254 -0.64115
-1.43461 -0.51454 -0.96997
-0.24034 -0.69109 -0.24428
2.01879 -0.48487 -0.1578
1.84005 0.14594 -0.02999
0.58455 1.82483 0.38813
0.24912 0.81546 0.77135
0.59398 1.69899 0.58426
-0.25413 1.09646 0.89448
-0.21354 1.77885 -0.73871
0.85822 -0.15902 -0.34002
0.17757 -1.74625 -0.55061
1.4304 0.52782 0.27469
0.70962 -1.46557 0.21117
0.57595 -0.74096 -0.3782
-0.4743 -0.38149 1.04701
-0.97861 -0.56948 1.2007
0.90294 -0.38392 -1.80424
-1.5451 1.15638 -0.8709
-1.97196 -0.09115 -0.37182
1.62261 -0.6702 1.14645
0.59599 0.42267 0.1044
-0.38147 0.90169 0.81857
0.77558 0.77503 0.51093
0.76263 0.91625 3.63853
0.64947 -0.49995 -0.1454
-0.92615 0.18065 1.37164
0.24992 -0.35073 3.01364
2.75986 -1.71765 -0.77158
3.22371 -2.17412 -0.56933
2.40071 -0.43405 -0.25968
2.12723 -0.50325 0.01825
-1.50284 1.05064 1.90736
-3.7471 0.76013 -0.07336
-4.7692 1.85098 -0.22978
-5.18968 0.79742 0.45913
-3.10251 -0.60789 -0.72062
-2.66062 -0.22621 -0.7779
-2.94822 0.00135 1.12807
-2.45871 -0.08433 -1.25842
-3.66299 0.6211 -0.52238
-2.40627 -0.28525 -1.35067
-3.72215 -1.56473 -0.81304
-4.55972 0.84634 -2.32318
-5.97678 1.2989 0.40005
-5.68501 -0.73647 -1.81366
-7.5119 0.54856 -2.5789
-9.68896 1.4072 -3.57485
-7.51647 1.04881 -1.83487
-5.24367 -1.59435 -0.81707
-6.86405 0.64289 -1.98354
-5.04409 0.72079 -1.42254
-4.51298 -1.90445 -1.736
-3.6515 -2.901 -0.6106
-5.76777 -0.16903 -1.68975
-5.0603 0.31384 -0.1343
-6.33162 -0.16951 -1.62052
-5.20556 -1.0073 -0.72932
-5.28691 -1.44067 -1.02172
-5.46243 1.17988 0.02192
-6.95737 0.57779 -2.81763
-7.03379 2.08859 -0.19079
-6.71249 1.76307 -1.42572
