0.26058 0.24582 -2.50769
0.56742 1.02732 -1.89641
-0.11253 -0.99168 -3.02734
0.99499 -1.6322 -4.2935
3.08623 -0.6201 -2.60701
0.82386 -1.22724 -2.25937
-0.5723 -0.43883 -2.81996
-0.32284 -2.44919 -3.7323
0.45337 -0.59603 -2.13536
0.69608 -0.23513 -1.93849
0.57189 2.43364 -2.37592
0.15548 1.27035 -3.17836
0.31274 -0.9298 -2.94988
-0.94651 -2.28549 -1.51715
0.52549 -1.55456 -0.45082
-0.20121 -0.394 -0.09518
-0.40902 0.20417 -1.54512
0.12558 0.45338 -1.29385
-0.45929 -1.08578 -1.69254
-0.79023 -1.79299 -1.00824
-1.36054 -1.5129 -1.80657
0.4941 0.54204 -1.17007
0.53876 -0.04281 -1.27405
0.43245 0.22608 -3.20531
1.67447 -0.41202 -4.53746
-0.81278 -3.39228 -5.85659
1.41027 -1.89263 -5.84906
-0.32441 -0.3374 -5.26716
0.38663 -1.92157 -4.16876
0.38308 -2.34414 -5.54974
0.13617 -2.66408 -5.77241
1.55614 -1.54929 -4.67446
-0.28719 -2.62842 -2.567
-0.63476 -0.44851 -2.47066
-0.22727 0.2517 -2.25137
-1.61131 -0.84711 -1.22307
-0.50236 -1.40493 -1.41827
0.45894 1.57212 -1.52973
0.13132 1.62912 -1.49336
-0.30806 0.40749 -2.60031
-0.83078 -0.06057 -1.01259
0.49315 -0.18107 1.21283
-0.23973 1.38625 2.44636
-0.62193 0.79916 1.36545
1.66857 0.99983 2.75135
0.89435 0.36975 1.98827
-0.05745 -0.86578 2.10801
0.08759 1.72695 1.09318
-0.7583 0.6595 1.33695
0.14931 0.50981 0.60845
0.17688 -1.10208 0.84054
-0.65582 1.06146 0.42393
-0.72016 -0.49485 0.98481
0.42173 1.04681 1.70982
1.53966 0.49077 1.56398
-2.01003 -0.35034 0.65747
-1.11814 0.65602 2.31326
0.6335 1.4581 1.94922
0.77645 -1.1695 0.76785
-1.02528 0.86731 0.40584
-0.25699 0.04642 1.15566
0.57485 -2.03711 0.26862
-0.05995 -0.71452 -0.26927
0.38912 -0.81725 -0.96011
-0.81769 1.62049 -0.00532
-0.79066 -0.3779 -1.27526
0.11196 -0.91354 -1.35212
-0.01088 -1.52195 -0.47071
-1.10018 -2.02519 1.87177
0.97268 0.57157 1.38199
0.49283 -0.25408 1.9543
2.35105 -0.04427 2.12564
0.32465 1.00251 2.48623
-0.21808 1.21018 1.73222
-1.48744 0.08811 1.61382
-0.57417 0.47575 3.13129
0.31545 0.47836 3.52173
0.90798 1.16025 3.74994
-0.52583 2.19473 4.74439
-1.41199 0.88587 3.29591
1.29347 1.05543 2.06943
0.24133 -0.44958 1.8139
-0.26887 0.70073 2.05298
0.2478 0.43794 4.04341
-0.77052 1.74627 5.43628
0.87076 1.6323 6.12587
1.10036 0.83656 5.09465
-0.87017 1.33991 4.94963
0.4994 3.70056 4.3035
0.79709 1.92319 3.77583
0.89177 1.18627 4.56891
-1.13499 0.19084 4.79893
-0.03965 2.00587 4.34412
-0.17891 4.18586 4.13092
-0.68003 1.97364 4.19003
1.0966 1.86596 4.42997
-0.30039 2.5258 3.32457
0.24626 2.51073 4.10868
1.47175 1.13283 3.37266
-0.81799 2.23957 2.67069
1.29878 2.38995 1.90303
-1.79337 1.87301 3.35284
1.70567 -0.30689 4.1196
1.36254 1.52417 4.30738
0.29185 1.52502 6.15893
-0.10888 1.72428 6.89503
-0.09769 1.90461 6.35763
-1.10669 1.10035 6.91163
0.65124 0.09369 6.37824
1.87102 3.0773 6.32051
-1.74276 0.59193 6.76711
0.18857 1.75243 6.14244
2.65917 1.10888 6.72387
0.65283 2.01982 7.35991
0.334 2.03344 6.6704
-0.28463 2.419 6.96399
0.59747 2.28643 7.42237
-1.67548 1.98133 7.71754
1.12943 2.72571 8.17634
0.80304 2.42788 8.19333
1.04611 2.0896 9.31696
-0.36842 3.67318 10.6498
0.04262 4.82439 10.46967
0.62398 4.22088 10.30679
0.17406 3.04851 9.97116
0.04904 2.25042 10.33401
-0.88178 1.55622 11.09322
0.45877 4.15277 10.84482
-1.18335 2.81345 12.03252
0.45998 2.92395 12.877
0.30557 3.93103 9.85924
-0.37517 4.30449 10.22017
0.58916 3.82796 10.24126
0.77462 3.94779 9.79012
0.93293 4.95925 9.25535
2.43347 2.03944 10.83224
0.61909 4.82033 11.10663
1.68164 3.63423 9.85833
-1.14394 3.3212 9.13807
1.01255 2.23494 10.44232
1.45571 4.73734 12.89847
-0.07314 5.42529 13.89248
-0.02516 6.17908 13.68175
-1.43301 4.6347 11.89578
1.53665 3.75386 12.39099
-1.06832 3.94286 11.23787
-2.5264 4.24879 12.08272
0.38719 5.82162 11.13687
-1.38208 4.12621 11.02803
0.06223 2.71986 12.57922
