-4.44524 -0.12775 0.74935
-4.86787 -0.72198 0.31874
-5.33209 -0.33692 -1.25989
-4.3007 -0.49173 -0.10266
-3.63789 -0.03865 -0.04516
-3.05655 -0.6163 0.68221
-2.22193 -0.23809 0.90942
-2.8207 0.37378 -0.19876
-4.0507 0.15874 -0.59882
-2.63241 -0.77487 -1.05077
-3.23548 0.05323 -1.33072
-2.52775 -0.29564 -0.52517
-1.7128 -0.78632 -2.11138
-0.63166 -0.70457 -2.35014
-0.82199 0.35465 -5.53352
-3.37802 -1.32359 -5.03052
-4.34597 1.93626 -6.14559
-4.80125 -1.79477 -7.38582
-7.09762 -1.52529 -7.4139
-8.26632 -1.31148 -5.71028
-10.09574 0.61046 -6.68522
-13.54492 -0.57018 -8.15246
-15.52444 1.17452 -8.61232
-14.0913 0.79227 -7.32458
-12.53163 1.72544 -7.62239
-13.43261 -0.92777 -7.49888
-14.3288 -0.21106 -7.72559
-14.63601 0.7314 -6.92316
-16.34354 0.29027 -6.8515
-16.0648 -0.16309 -5.60224
-16.92867 0.46632 -5.11203
-18.87663 1.61062 -4.3362
-18.00532 0.42323 -2.40657
-16.26057 0.79381 -1.41209
-14.03469 0.02652 -1.99572
-12.8902 -1.50784 -1.62819
-11.61685 -0.47188 -2.61024
-9.26618 0.73177 -1.9218
-9.55763 -1.09743 -1.78617
-11.50023 -0.00468 -1.27111
-10.38075 -1.57488 -3.12524
-10.37471 0.35309 -3.23371
-8.84186 -1.22817 -3.53766
-9.83703 -1.41743 -4.69083
-10.15192 -0.52336 -4.22044
-10.56856 1.82555 -4.27496
-8.57267 -0.51636 -4.96482
-8.84468 1.1725 -4.61679
-9.87628 -1.57561 -3.76536
-9.35234 0.41421 -4.0908
-11.51298 -0.13906 -2.26943
-13.67927 1.27656 -3.52336
-13.84708 0.96164 -2.77835
-14.20572 -0.17247 -3.95023
-14.48293 -1.72391 -3.80762
-12.84406 0.61247 -4.54708
-13.46772 0.79889 -4.07624
-13.92241 1.2286 -6.02609
-14.38755 -0.51624 -5.96656
-13.03382 1.08356 -5.74442
-11.2007 -0.68703 -4.79861
-11.53342 -1.33973 -5.46751
-13.51361 -1.11647 -4.79082
-15.91147 -1.00494 -6.56137
-16.70742 -0.41533 -6.39948
-15.7762 -0.27754 -6.11948
-15.01559 -1.55767 -5.17154
-14.88835 -0.73575 -4.83071
-13.2014 -1.39212 -5.66177
-15.78337 -1.24978 -5.87985
-14.12091 -2.29419 -6.1455
-13.35395 -2.54929 -6.6305
-11.93877 -0.41845 -6.68914
-13.29113 -0.62839 -7.19561
-13.25514 0.07339 -7.68862
-13.97086 1.27458 -9.19456
-15.85289 2.09197 -9.54713
-16.1948 0.0401 -8.6088
-14.22683 -1.2926 -9.27523
-15.65994 0.04882 -8.64427
-15.41019 0.95033 -8.21088
-16.25311 2.1589 -8.62974
-17.74541 0.75357 -6.73185
-19.54742 -0.34924 -4.71655
-19.58088 -0.40149 -3.58117
-20.18655 0.55921 -2.76123
-19.7195 0.12912 -3.01519
-19.29629 0.65484 -2.35769
-18.24114 1.28588 -1.21909
-16.63337 1.49227 -0.3549
-15.27687 -0.15988 2.36224
-14.98312 -2.45585 3.0671
-11.89242 0.38271 3.1818
-9.49223 -1.15185 2.67877
-8.39674 -1.21123 1.71149
-7.06573 -0.46089 0.59087
-5.66951 -0.88582 -0.33017
-5.98035 0.35179 -1.88814
-5.20866 0.11844 -1.1542
-5.1565 -1.06437 -1.12641
-5.37141 1.1129 -0.58482
-3.78337 0.81732 0.32184
-1.53222 0.48155 -1.01372
-0.60091 -0.59069 -0.64978
-1.20299 -0.07306 0.04959
1.3826 -1.14003 -1.78313
-0.19619 -0.70997 -0.96718
0.96453 0.90157 -0.15576
0.468 0.8552 -1.60515
0.853 0.30612 0.55407
0.67564 0.15721 0.01623
0.04692 0.496 0.88096
0.15223 -0.43122 1.10329
-0.55122 1.00521 2.1191
-2.33039 -0.89577 4.19993
-3.38496 -1.1083 3.01365
-2.60023 -1.1883 2.95959
-1.39297 -0.42083 4.14965
-0.90789 -1.03452 4.44804
-0.97341 -0.91159 4.05481
0.55893 -1.40758 4.21557
1.16405 -0.36018 3.56569
3.47006 -0.07922 1.79661
3.00504 -1.11268 0.08254
3.80949 -1.22524 -0.40698
4.169 -0.44889 -0.65391
3.53299 -1.93854 -0.29362
3.12708 -0.5567 0.89967
3.06851 1.13643 2.3565
3.34026 1.43912 1.83621
2.56786 -0.10961 1.20011
2.89777 -0.37606 1.96358
2.67039 -1.28978 1.90051
4.74163 -1.27546 1.12704
5.0738 0.46035 -0.13411
3.6283 -1.23998 -0.12294
1.89929 1.04526 -1.57027
2.59874 -0.55494 0.23026
2.2383 -0.43732 0.66799
2.92323 -0.01411 1.09212
0.6927 0.01582 0.81744
0.2927 -0.29612 1.09702
0.24898 -0.87758 2.32261
0.51008 0.47639 1.9268
1.66463 0.33758 1.65121
2.39682 -0.88985 0.99721
1.83081 -1.92082 1.6895
2.29592 -1.65293 2.41315
1.91683 -1.41452 2.65679
3.63408 -1.74056 0.43977
