-0.05394 -1.59811 0.84617
-0.52196 -0.00953 0.6812
0.96074 0.29695 -0.92287
1.26077 -1.68769 0.09305
1.01471 0.23898 0.41279
0.89 0.5628 -0.00151
0.41939 0.20537 -1.60554
-2.31623 1.90609 0.4563
-0.36638 1.30086 -0.14304
0.37955 0.85657 -0.49462
1.54795 -1.19766 0.26483
-0.11644 -1.38206 -0.95912
-0.15858 -0.2189 1.72386
0.80599 -0.81296 0.83173
-0.2834 -0.53099 -0.81718
-0.16767 0.18532 -0.32706
0.14149 -0.43639 1.03559
-0.40525 -0.9301 0.50747
-1.12145 0.55011 0.16724
-0.96495 0.75481 -0.89291
0.50472 0.09277 -0.26187
0.70858 -1.19927 -1.19339
-1.48802 -0.7455 0.20315
-1.69339 0.41196 -0.67309
-0.13134 -0.1052 -1.20465
0.11522 -0.33189 0.14215
0.75415 0.11866 0.37138
2.49001 -0.03506 1.18967
1.14169 0.98557 1.08051
0.97011 0.41264 1.66426
-0.06293 2.6821 1.93459
1.09021 0.50716 -1.1548
2.50849 0.42484 -0.48301
0.62282 0.50849 0.11266
-2.42058 1.31561 -0.86648
-1.1065 -0.84068 -1.85774
-1.11846 -1.04288 -2.18319
-0.6391 -1.52404 -2.39322
-1.5068 0.38755 -0.23612
-2.13668 0.8916 0.37163
-2.56172 0.73505 0.57885
-1.66306 -1.13541 1.69648
-0.66756 -0.20036 -0.26759
-0.02387 -2.29316 -0.3963
-0.17694 -3.19116 0.10175
-2.02672 -0.72775 -0.31017
-0.86654 0.07937 -0.31718
-1.63322 -0.23741 -1.08373
-0.19028 -0.64576 0.73283
-1.66522 -2.00097 0.11913
-2.61392 0.65836 -0.03585
-1.05756 -0.61048 -1.39471
0.21461 -1.33014 -1.05308
1.44977 -1.29498 0.37958
-1.11362 0.04109 0.40184
-0.83112 0.59733 0.16581
0.49273 -0.65391 -0.57232
0.59365 -1.57761 0.57597
1.70668 -0.10552 0.59342
1.82386 -1.24534 -0.27676
0.84756 -0.66567 0.64729
1.40873 -0.33794 0.67552
1.16171 0.51808 -0.32041
1.48331 -0.71438 1.27865
0.32979 1.26292 0.54785
-0.01402 1.63514 0.05251
1.06774 1.5034 0.6658
1.40112 0.34291 0.2449
-0.07671 1.69897 0.00632
1.11022 0.60925 1.01641
0.34186 0.54557 2.09944
0.98078 1.90541 0.41967
0.6968 1.27718 0.46409
0.35209 1.02482 0.81598
-0.05765 1.18955 0.7027
0.37451 1.55441 0.21481
2.02094 0.11066 -0.20533
2.3312 0.60439 0.08534
1.79327 3.17116 -0.44631
1.15843 3.12264 2.33795
0.13841 2.19268 -0.34969
-0.94364 2.73138 1.51498
-1.21176 0.92194 0.04337
-0.84331 -0.14439 0.70381
-0.05413 0.28649 -0.3239
0.01495 0.00962 -2.51396
0.31344 -0.82451 -0.89755
-0.16294 2.98928 -1.0162
1.92889 -0.74478 -0.89679
2.94022 -0.72299 -1.1772
1.77783 -0.65431 0.25886
0.48288 -0.71267 1.04743
1.35163 1.27492 0.68157
0.8003 1.51846 0.23217
0.23636 3.9158 0.85771
1.12507 2.99234 1.08199
-1.21849 0.76645 0.07114
0.57849 2.42571 1.27275
1.63561 1.14432 2.13783
2.63908 0.23317 0.24812
1.54517 1.31035 0.64406
2.35991 0.98192 0.63025
3.69092 2.05399 1.35318
1.18706 0.61096 0.2062
0.38167 1.56641 -0.67051
-0.34611 1.33944 1.31687
-0.10998 -0.06338 -0.10729
-1.31473 -0.41707 1.70638
-1.66619 -2.36543 0.96921
-1.11361 -0.96016 0.26382
-0.86756 1.43552 -2.10424
0.53648 -1.17971 -1.20095
-0.71632 -0.90564 0.74645
-0.44505 -2.02776 -0.67605
-0.55264 -2.51497 0.17943
-3.61677 -1.56024 -1.41776
-1.18722 -0.8363 1.33814
0.03803 -1.28292 0.51641
-1.63394 -1.65321 -0.75949
-1.79775 -0.35045 -0.50058
-1.55065 0.82515 0.1373
-0.98719 0.90762 0.26593
-0.082 0.24712 0.61743
-1.13532 -0.15289 0.08356
-0.33835 -0.78087 0.08693
1.16959 -1.75298 -0.18849
-1.91957 0.75948 -0.54223
-1.14207 -0.56784 0.30102
-0.5581 0.29547 0.8824
-0.12752 -0.59478 0.16841
-1.11113 -0.21224 0.7455
-2.1985 0.75573 1.80021
-1.50016 -0.94211 -0.18937
-1.71787 -1.08265 -1.70546
-2.25646 -1.27857 -0.83235
-3.19178 -0.74108 -0.58534
-1.71393 -2.61575 -0.82632
-1.31156 -1.71501 -0.79843
-0.13969 -1.04753 -0.91199
1.42236 -1.27032 -1.23184
2.31363 0.09124 0.10226
2.17029 -0.1815 0.54337
1.50794 -0.10336 2.36413
1.2931 0.10152 2.06335
1.50596 -0.14779 0.56432
1.27155 0.54755 1.6316
0.67941 0.9272 0.36323
2.14174 1.29486 0.57432
1.12789 1.21053 -0.26294
0.86404 0.01793 2.8299
