-0.24778 0.58767 -0.5892
1.18196 1.06905 1.89925
1.09827 1.08786 0.53735
-0.07249 -0.65939 1.42362
-0.94899 -0.60294 0.79729
-1.86455 0.86666 1.59272
0.4054 -0.36631 -0.03899
-0.48856 0.01601 -1.91611
2.02725 -0.76616 -0.30196
0.99771 1.25818 -0.09056
0.54415 0.74793 1.16977
-0.9175 -1.11996 1.12368
0.01556 1.74439 1.17973
-0.4931 0.89612 0.01146
-0.37763 0.01223 1.92714
0.86481 -1.46022 1.42342
1.53657 1.44879 -0.7174
1.51787 -0.7373 -1.07967
2.66246 1.3022 -0.31712
1.38082 0.63341 -1.11261
-0.5088 2.09274 -0.4522
-1.59377 -0.04722 1.13763
-1.11772 -0.68963 1.21247
-1.56602 1.47184 0.13853
0.43943 0.56049 -0.51708
0.42798 0.54512 -0.69043
-0.88045 0.45029 0.17985
-0.39254 1.55287 1.46358
0.3305 -0.15118 1.53998
0.27322 0.07215 0.19899
-0.18011 -0.70472 1.48329
0.42504 -0.64282 2.0961
0.64723 -2.1553 1.17922
3.21094 0.91161 -0.48818
1.22149 0.26985 -0.00059
0.80686 -0.00268 -1.34992
1.90973 -1.3805 1.52498
1.43342 -0.91192 1.08843
-0.37008 1.20544 -0.01917
0.30909 -0.78151 0.70508
0.63991 -0.42939 -0.42717
0.1115 0.9642 0.54348
0.24001 0.5571 -1.54352
-1.55952 1.79702 0.43033
-0.40808 -1.5331 1.03351
-0.16286 0.18932 0.38747
-1.86553 0.92166 -1.35812
-1.17362 -0.38186 -1.05025
0.54448 -0.91555 -0.08554
-0.28166 -1.28039 0.44259
-0.47526 -0.5492 -1.89765
-1.69741 0.09456 -1.2616
0.02634 -1.009 -0.30117
-1.1706 -1.27264 1.21453
-3.10149 -1.07489 1.08083
-0.91142 0.89255 -0.98596
-0.58675 -0.42379 1.23355
0.10776 -0.61617 -0.98543
0.26742 1.21121 0.38959
-0.16224 -0.2429 0.59968
-0.8676 0.93496 0.85809
-0.3439 0.23433 1.56578
0.75944 0.68031 1.81628
-0.05436 1.27947 1.32012
1.59856 -1.62205 0.29523
0.08742 -0.39869 -1.00662
1.53123 0.55893 -1.81517
0.74959 0.01153 0.02917
0.55853 -0.79998 0.69076
-1.25264 -0.03932 1.37724
0.85453 -1.24242 0.88893
2.64887 0.01831 1.36176
1.41555 -0.03711 -0.42407
-0.53508 0.79326 0.12029
-0.90759 1.58454 0.5593
-0.511 0.81468 0.39348
-0.92284 0.70067 -0.77676
0.598 0.87833 0.24847
0.57282 -0.33906 -1.91306
0.30817 1.26959 -0.31306
-0.31423 0.55939 0.08711
-0.79842 0.32788 1.38066
-1.07361 -0.24937 1.91288
-0.96017 -0.41261 0.45601
-2.27583 -1.08647 -0.41228
-0.17016 0.82672 -0.10395
0.39955 1.31467 0.18512
-1.00158 2.04575 -1.37762
1.59178 -0.10194 -1.18103
-0.42941 -0.69532 0.36956
-0.05272 -1.30313 -1.36371
0.55219 0.5077 -0.31236
-0.11612 2.50564 0.42669
-0.68408 -0.50429 -0.62379
0.42313 1.16887 -0.11487
1.57241 -1.67726 -0.6577
-1.24206 1.24524 -0.09879
1.22664 -1.90777 -0.49802
0.66144 0.25819 0.19478
-0.35064 -0.86242 1.13571
0.71937 1.15858 -0.30299
0.07562 0.63333 0.0146
-0.25604 0.0519 -0.80991
0.11733 -0.79534 0.09471
0.39993 0.11297 -0.90073
-0.53583 -0.44132 0.5627
-1.54116 0.57239 1.87714
0.60559 -0.02889 0.41059
-1.60594 0.87087 -0.01137
0.6115 0.23494 0.61635
1.59965 2.59597 -0.23431
-0.16766 -1.19512 0.59601
-1.32377 1.11212 0.96028
-1.16454 -0.17346 2.24658
0.60043 2.316 0.92219
1.30934 -0.20845 -1.8235
0.92735 0.43498 0.17451
0.52307 0.09562 0.16222
-0.21145 0.16643 1.28317
-0.02716 1.98797 1.01308
0.38244 -1.15229 0.16061
0.8103 0.46523 -0.20913
-0.47326 -2.47984 -0.81404
0.62973 -1.57029 1.16772
1.51758 -0.38294 1.54698
0.22457 0.65996 1.06038
-0.97192 -0.9114 1.15367
0.2614 0.27764 0.496
2.04044 0.26784 -0.06953
-0.21368 1.70192 -0.92289
0.6186 1.39524 0.8001
0.28748 -0.51514 1.65501
-0.19957 1.10392 1.62512
1.10285 0.58242 1.47104
0.10369 0.81762 0.50922
-0.30212 -0.65623 -0.09987
0.39666 2.13237 0.16078
-0.50354 1.59257 -0.26322
0.59589 1.34009 -1.23541
2.13897 1.39556 0.50968
1.88554 0.3587 0.12539
-0.00435 -0.00722 -0.1105
1.26342 1.34259 2.18875
-0.87063 0.79959 2.74194
-0.46097 0.66833 1.15716
-1.36408 -0.70827 1.47956
1.2308 -0.27599 -0.58816
1.90594 1.61179 0.44825
-0.3726 0.02334 -0.21891
0.46634 -1.25535 -0.23521
