-1.29477 -1.12749 -3.50515
-0.66724 -0.86756 -1.72127
-1.29472 -0.67041 -1.56448
-0.72276 -0.39794 -1.40739
0.13965 1.33677 0.26123
0.7465 1.62598 0.94252
0.81768 1.31223 -0.69643
0.41062 -1.17778 0.96473
1.26478 -1.99456 0.15718
1.08223 -0.373 0.96112
0.23988 -0.11047 0.28596
0.11626 1.32963 2.08627
-0.36333 0.18111 0.62319
-2.12356 0.88216 -1.0588
0.70418 0.59033 1.05725
1.71987 -0.58073 0.31022
0.9667 1.10553 0.3361
0.74395 0.0376 -1.19426
-0.89832 -0.91034 0.54399
-2.06965 0.14351 -0.91109
-1.36569 -0.10466 -1.38389
-0.64719 2.34075 -1.64871
-0.76213 1.57134 0.51492
-2.33596 1.42137 0.51975
-1.83439 0.12045 0.69184
-0.31802 -0.44635 0.27049
1.47891 -0.09266 -0.10225
0.54912 0.96153 -0.5872
0.72788 -0.65491 -0.8712
0.37102 -1.97593 -0.10135
0.28633 -1.67676 -0.39972
1.49857 -1.44646 0.21468
0.6685 -0.84831 -0.08646
-1.36139 1.05521 0.21536
-1.0173 2.44779 0.44424
-0.90072 0.96663 -0.07628
-1.31057 0.54198 0.39457
0.18098 0.47786 -0.60167
-1.27736 -1.66237 0.73692
-1.45129 -1.32979 0.60065
-1.45188 0.18243 -1.41255
-2.4664 -0.65697 -0.92814
-2.23349 -0.89884 0.1162
-0.3095 -1.16453 0.39525
0.41015 -0.91936 -3.06977
-0.02133 -0.81907 -2.20164
-2.06155 -0.93 0.08066
-0.91175 -0.8467 -1.06693
0.05471 0.181 -0.39302
-1.03459 0.85881 -1.34308
0.04561 0.09482 -1.77671
-0.22398 -0.20241 -0.21663
-1.68259 -0.24916 -0.74881
-0.63542 1.49133 0.55071
-1.52902 -0.46887 -0.25837
-0.44231 -0.36789 -0.41035
-0.85177 1.89625 -0.30181
-0.52613 1.15631 -0.92446
-3.45717 -1.06735 0.11209
-0.0025 -1.96782 0.69007
-0.35962 -1.94949 -1.34277
1.18742 -1.75803 -1.73296
-1.59042 -0.91387 -2.19136
-0.93664 -1.6459 -0.86675
-0.73928 -1.68507 -1.58378
0.69062 -1.78739 -1.46571
2.08358 0.5555 -0.12451
-0.5649 -0.08496 0.39793
-1.35352 0.38131 0.80021
0.38767 -1.87745 -0.86931
0.31417 -0.70634 -0.56076
0.92608 1.33514 -0.63775
0.15462 0.19957 1.8704
-0.64238 0.60025 1.50452
1.22755 1.72649 1.44152
1.92084 1.56087 1.35452
2.18455 0.12032 1.73128
0.44009 0.38605 2.40777
-2.23641 1.16727 0.99234
-1.99053 0.44586 0.65853
0.03124 1.12851 -1.21931
-0.91392 1.65685 -0.84106
-0.60337 -0.83422 -0.84089
-0.6373 0.98325 -0.45294
0.05692 0.04304 -0.75119
0.15546 0.15072 -1.34509
0.21303 -1.25673 -1.5298
-0.31092 -1.85106 -1.70892
-0.30487 -0.11876 -2.31173
-1.88631 -0.13713 -1.43376
-1.13869 -0.57845 -0.6464
-1.31864 -1.79212 -1.01988
-0.57595 -0.89986 -2.16889
-0.03755 -1.33683 -1.84897
0.12457 -0.74693 -1.14274
-0.37911 -0.51004 0.03064
0.55097 -1.76271 -0.03817
-0.33971 0.34432 -1.6883
1.4451 1.7934 -0.38596
1.99887 -0.50458 0.23082
0.14875 0.34703 0.59318
0.62229 0.95486 1.32832
0.46992 0.40654 0.47462
-2.14814 -0.74474 1.77791
0.76946 1.51551 -1.9803
1.4033 1.45806 -0.45512
1.26458 0.74522 2.16287
0.98741 0.89262 0.21627
1.42799 -0.28911 -1.31384
1.03083 -0.31687 0.93839
1.7301 -0.02225 1.95863
0.54712 1.52079 -0.17018
0.84268 0.90406 -0.9522
0.53736 1.05923 0.9891
0.74227 1.83343 -0.20305
-0.342 -0.55876 0.62792
-0.9251 1.1802 0.91833
0.75551 1.68967 -2.57214
0.40647 1.1439 -0.80446
-0.10329 1.98873 -0.68203
-0.30071 1.24522 -0.30495
-0.04558 0.11251 -0.33514
1.1711 0.17107 0.09211
-0.53086 0.7471 -1.38622
-0.11144 0.72815 0.5318
-0.3178 0.93997 -0.28894
2.4987 2.16545 0.97575
0.41848 0.88853 0.91244
0.09425 0.18597 0.78264
-0.24319 0.62881 0.90323
-0.82915 0.79212 -0.03213
-1.9546 2.447 -2.4654
0.55514 1.7317 -0.55275
1.43199 0.33861 1.16759
1.1946 -0.08378 0.64789
0.38689 -0.1396 2.23446
-0.73891 -1.32079 1.44203
-1.92496 0.07972 1.40824
0.84823 0.85359 -0.57374
-1.15879 0.99998 -1.36589
-1.25142 0.53472 -1.25381
-0.58712 0.29273 -1.39661
-0.66788 -1.26415 -1.14402
0.81999 -0.27918 -1.37814
-0.57477 0.57743 -0.40887
1.81189 -0.1569 0.26937
1.06143 -0.02836 1.41909
-1.5294 1.59765 1.94947
1.08956 -0.93327 -0.59547
1.0554 1.44371 1.35572
