-1.95142 0.34378 -1.47714
0.83057 -1.09301 -0.8863
-0.09212 -0.07685 -1.73835
0.33488 -3.25916 0.5701
1.88356 -0.1258 1.8757
2.04238 0.54211 0.91833
2.57384 -1.40317 0.92529
4.26888 0.84342 -0.21842
3.16956 -0.66871 -0.57302
2.46008 0.75023 1.14639
2.42884 0.59587 1.96684
1.9221 0.50347 0.55115
1.98021 -2.77745 -0.03585
2.52646 -0.10683 1.63963
2.64463 -0.9264 0.2469
1.92146 0.88466 0.2707
1.9422 1.73635 1.14803
1.60594 0.41497 0.23048
2.53974 -1.97774 1.09642
3.17899 -0.18916 -1.37067
4.77819 -1.60476 0.70296
6.23822 1.4571 -1.11676
5.19054 0.93692 -0.64888
3.46686 1.17212 -0.79109
2.62303 0.62418 -1.54842
-0.97352 0.49267 -1.38629
-1.70714 1.06622 0.22797
-1.9674 -0.91822 2.32269
-2.48508 -1.57096 2.07796
-3.19744 0.14359 0.19054
-3.11126 -1.23609 -1.38604
-2.73011 -0.18467 0.64353
-0.42861 1.01352 0.56099
-0.98721 1.31582 -0.34345
1.16983 2.32089 -0.55894
1.4817 -1.26868 0.98728
-0.04188 -1.39578 0.67482
1.6683 1.46407 -0.31994
4.08334 -0.01152 -0.0437
3.44587 0.10906 0.7333
2.03884 0.53764 0.35739
2.58673 0.36892 0.51727
3.86983 -0.09132 -1.82147
2.41232 0.37414 -1.55111
3.17138 -0.24944 -1.37567
1.70927 -0.07372 0.44861
0.02867 -1.05578 1.03048
-0.79626 -1.09293 -0.34064
0.87001 -0.79813 1.21553
1.01504 -0.47721 -0.223
0.16861 -0.409 -0.77411
-0.16406 0.01658 0.44968
0.75812 -0.40235 1.20092
1.66964 0.51053 -0.56181
2.58957 -0.38984 -3.09592
4.66197 0.09041 -1.83791
3.97082 0.54926 -1.29918
2.67442 1.052 0.30568
2.19378 1.18972 -0.9712
2.99377 -1.83426 -0.8023
3.59756 -0.39897 0.29105
2.54567 0.03374 1.2088
2.62179 0.9504 2.05983
1.4965 1.08874 -1.41263
0.97259 0.08869 -2.30059
0.09109 1.24449 -0.07472
-0.3401 0.32168 0.55554
0.36003 0.16645 -0.03344
-0.68498 -1.18402 0.10123
1.95163 0.94229 -1.0237
2.8336 -0.79173 0.92179
1.55031 -0.20519 0.49438
1.01777 1.37054 1.73213
1.65708 0.19486 -0.34058
2.02435 0.51248 0.5941
2.24918 0.19516 -0.4416
1.43631 -0.21159 -0.24405
2.48575 0.24004 -0.46385
2.35896 0.10371 0.40362
3.20913 -0.32293 0.73497
2.97032 1.59196 -0.74341
1.11659 -0.40125 -1.09339
0.39364 0.19754 0.12092
0.64505 0.57886 -0.35862
-0.49011 -0.84034 -0.60428
-0.41832 -1.23571 -0.35782
-1.10967 -1.13498 0.10336
-0.61471 0.83111 -0.82872
0.33169 -1.01848 0.44999
0.3008 0.61904 -0.02613
-0.29307 0.02549 0.14159
0.86284 -1.63971 -0.87705
0.98169 0.52606 -0.0885
-0.73326 1.17656 -0.23635
0.80469 -0.33884 -0.27892
2.24135 1.10725 -0.43022
1.30734 -0.05396 0.65951
0.5051 -0.60092 -0.2999
-0.07062 0.81464 0.59904
-1.59448 -1.7663 3.92153
-0.88979 -1.75076 0.8912
0.03396 0.89525 0.25266
-0.70515 0.17435 -0.5436
-1.18413 0.8682 0.21593
-3.76406 1.84151 1.72964
-2.78367 -0.2901 0.92346
-1.22961 -0.01948 0.35951
-1.42332 0.94718 0.79241
-2.03318 0.72076 -1.78818
-1.64932 0.52333 0.09508
-1.26409 -1.94977 -1.17654
-2.3373 0.81974 -0.07399
-1.1444 0.57413 -0.29834
-1.52106 -1.42461 0.83676
-2.05076 1.21208 0.67564
-4.25753 -0.24388 -0.21567
-4.98001 1.5925 -1.305
-5.0631 0.93332 1.19219
-5.67547 1.26869 -0.24842
-6.34281 -0.76137 -0.08539
-5.6503 -1.34561 -0.63176
-4.90109 -3.04251 0.25335
-4.45141 0.53931 0.73408
-3.80129 -0.5491 -0.69882
-2.95995 0.9132 -1.75502
-3.98645 1.60145 -1.10087
-4.61723 0.60325 0.4489
-4.42903 0.3528 -0.46439
-4.59608 0.42613 0.27121
-4.65289 0.97857 0.27872
-4.37203 -1.79679 -0.12396
-4.74716 1.71114 -0.04945
-3.63996 -1.31314 -0.2193
-4.28655 0.51878 -1.27346
-4.51376 -0.52444 -0.35373
-6.12511 1.26346 0.55431
-5.35635 0.94132 0.88069
-5.22127 0.51287 0.30689
-5.10168 -1.00901 0.23162
-5.51272 -1.15818 -0.28658
-2.84955 -1.93697 1.39675
-2.22957 -0.17178 3.72023
-2.70838 1.87256 1.01822
-1.96745 1.78717 -0.20952
-1.61037 0.4203 -0.63849
-3.89689 0.92167 -0.09781
-4.7275 1.72281 -0.81911
-3.51747 -0.12832 -0.42294
-3.48562 -1.35755 -1.26208
-1.82056 1.22866 -0.78197
