-0.86776 -1.45106 -0.43159
-2.40932 -1.7738 -0.31224
-1.60065 -1.76637 -1.33995
-0.52547 -1.53778 -0.5973
-2.0768 -1.15554 -0.64279
0.09428 -0.65541 -0.95315
-0.07138 -0.8415 -1.92757
0.5459 0.37004 0.83152
0.39411 -0.44551 0.65417
-1.79607 0.18735 1.66224
-0.97383 0.74771 3.10963
0.81126 0.94473 0.92761
-1.29864 0.76241 -1.55747
-0.66653 0.4123 -0.79626
0.11458 -0.01488 2.80826
-1.19627 0.19459 1.46999
2.00308 -1.00833 1.92541
-1.45289 0.31163 0.08063
-0.09117 0.65167 -0.46044
0.59055 0.17792 -0.6346
-1.49843 1.50861 0.6535
-1.80787 4.13726 0.00343
0.0357 3.01791 1.66447
-0.45108 0.95121 1.86393
1.29033 -1.04433 0.00209
1.10099 0.33671 -3.79803
1.9333 1.82116 -1.92381
-0.75403 1.24212 -1.13836
-0.35003 2.01925 -0.01339
-2.27038 2.34654 -0.39245
-0.32646 1.00823 1.45664
1.3439 0.972 2.52866
-1.33023 0.26141 1.90505
-1.02806 -0.92054 0.73937
1.2485 -0.04101 -0.22693
1.03263 0.02923 -0.51591
2.12806 -0.15049 -0.60801
-0.1712 -0.48812 -0.96249
-1.33454 -1.73525 0.2685
-0.74882 -1.51296 1.0236
1.20026 -2.18521 1.14665
0.03694 -2.6171 -0.50323
-2.07264 -0.43119 0.74377
0.75338 -0.87379 -0.85714
-0.20999 -0.20896 -2.17562
-2.00973 -1.59557 -0.47405
0.84693 -1.51697 -2.25601
0.58014 -0.17311 -1.269
-1.08674 1.64442 -0.4028
-1.12237 0.45633 -0.2613
-0.9502 -0.75386 -0.23567
-0.51717 -1.4977 0.28619
1.01494 -2.39373 -0.65061
0.64399 -1.57827 -1.00167
1.12826 0.58309 -2.16273
-0.7743 0.94408 -1.91133
-0.66344 0.83706 -0.96302
1.77225 2.57762 0.63253
-0.3636 2.10503 -0.56913
-1.17473 1.48352 0.34662
0.84638 1.23935 -0.42715
0.86714 1.44569 -0.03829
0.64414 0.64744 1.13195
-0.70881 2.12306 0.63739
1.98919 1.95233 1.65478
0.09692 0.18401 2.89723
2.17394 1.43158 0.73168
1.06674 3.11009 0.16189
0.31584 1.59307 2.64938
1.303 1.03326 3.14855
1.59268 -0.7763 1.65951
-0.2918 -0.17403 1.57592
1.39484 -0.1778 1.09702
1.57598 -0.00727 2.6213
0.93492 1.01394 3.08644
-1.58156 1.12262 3.24571
-1.82916 -0.91762 3.13442
-0.10057 0.69881 2.78672
0.0818 0.5686 2.26249
0.22997 -0.27215 1.07011
0.263 -0.0374 -0.10544
1.22559 -0.10338 -0.10392
0.58296 -2.60147 1.26607
-1.78261 -1.31304 -0.47679
-1.07574 -1.54703 -0.3216
0.59116 -0.13905 -1.84968
0.37401 -0.92306 -0.87989
-2.04861 -0.71985 -0.66444
0.33336 0.95771 0.29813
-1.3323 -0.22153 0.522
0.17717 0.40781 0.13583
-0.28062 0.39105 1.14596
1.32666 0.1974 0.44704
0.16917 -1.32825 -0.8141
-0.71282 -1.32227 -1.04431
-0.29592 0.69558 -1.68809
-0.06812 -1.57827 0.85236
-0.0952 -2.43372 -0.69362
-2.68763 -2.36793 0.63349
-0.20877 -1.36325 1.40121
-1.10944 -1.46553 -0.27225
-1.46753 -0.25683 -1.0472
-0.13005 -1.00526 -0.99946
0.60284 -0.56303 -2.47433
-2.41037 -0.33396 -3.04159
0.33897 -0.82127 -1.18702
-1.36857 -1.43711 -1.56383
0.0261 -2.39718 -2.50576
-0.0656 -0.73293 -1.62298
-0.76934 -0.88363 -0.69626
-1.31892 -0.10105 -0.20532
-0.6665 -0.31386 0.25371
-1.54189 1.17683 2.24789
-0.2134 1.68585 2.40137
-0.15873 1.84358 1.7217
-0.41356 0.80897 2.64342
0.51787 -0.26325 3.25596
0.95908 0.17106 2.67796
1.02937 -0.19685 3.06291
0.03969 2.48923 0.6268
1.90023 2.41218 0.77468
0.56675 2.92982 -1.37421
-1.04179 0.93393 -1.33364
0.12946 0.80999 -1.2282
-0.513 0.56286 -3.307
-0.26078 1.53309 -1.90437
-0.98686 0.80733 0.47668
2.51267 0.59831 -0.13486
-0.08161 0.89623 -0.37193
1.24069 -0.78545 0.93822
0.26594 -0.92706 0.09601
1.39584 -2.61598 0.50793
1.11688 -2.79376 -0.20994
0.3988 -2.54457 -1.01496
-0.85246 -2.68427 -0.61774
-0.79141 -0.15023 -0.38396
0.0905 -0.92996 0.37424
-1.07044 -0.58979 0.07007
-1.3529 -0.27927 -1.18419
0.70254 -0.59833 0.01202
0.47053 -0.1713 -0.27829
0.74585 0.93436 0.14362
0.42871 -0.14564 0.38532
0.03449 1.36834 0.84036
-2.41032 1.58789 1.07307
0.13699 1.09822 1.1296
0.49106 0.46496 1.66422
2.10211 -0.0131 0.50805
-1.25902 -0.13435 0.57983
3.03284 -1.0261 -0.22777
