0.00891 -0.13795 -1.0671
-1.30494 -0.22369 1.49919
-0.51189 -0.21819 -1.13734
0.84403 -0.8223 -1.6227
1.29477 0.1031 -1.58944
0.32702 -0.2541 -1.31062
-0.6132 -0.08343 -1.49656
0.89739 0.06889 -1.29381
0.82435 -1.2769 -0.62112
-0.01145 -0.22376 1.06266
0.26436 -0.16395 -0.88628
-0.40594 -1.19178 0.82074
-1.47216 -0.41684 0.2074
0.15215 -0.76551 -0.82448
-0.59875 -0.47556 0.20434
0.67086 0.62433 -0.47985
-1.80415 1.28449 0.62262
1.51698 0.2466 0.06027
0.07913 1.16091 -0.80666
-0.11772 1.54825 -0.34711
0.16599 -1.00215 -1.39017
-0.92623 -1.00077 -0.43347
2.68087 1.2893 -2.45823
-0.4709 -0.11065 0.53277
-0.27875 0.27256 0.12695
-0.48751 1.23577 -1.82112
-1.03956 -0.06925 -1.1172
-0.56342 0.75821 0.71874
-0.0115 -0.48294 -1.62852
-2.33338 0.83134 -0.17539
0.8994 0.37501 -0.46485
-0.34653 0.64639 -0.0468
0.21508 -1.6641 1.23652
0.38577 -0.25505 0.74013
-1.16202 0.7619 1.06081
-0.67533 -0.41076 -1.2466
-0.60417 -0.40278 -1.61921
-0.03824 1.34118 0.93922
0.69028 0.8867 1.04928
-1.89375 0.7191 -0.4206
-0.21769 0.72567 -0.96164
-0.80241 -1.71821 2.07464
-0.58788 -0.00322 -1.81114
-1.20214 -0.59367 -0.10311
-0.79513 -0.34646 -0.21991
-0.23337 -0.00851 0.26491
-1.01687 -0.44589 -1.43144
0.48586 0.28693 0.1368
0.18301 0.22934 -0.27325
-0.04359 -1.71032 -1.45897
0.30135 0.93213 -0.81191
0.11217 2.25132 -0.65391
-0.19376 -1.16993 -0.35319
-0.01878 0.07722 0.37423
-0.482 0.01517 0.09344
-0.19074 0.32656 0.17007
1.42535 0.06245 -0.07299
1.22509 -0.36951 -0.82641
0.08047 -0.95086 0.7226
0.28441 -0.66392 -1.75272
0.71414 0.77534 0.7608
1.89428 -0.033 -0.28945
-0.78947 -0.58397 -0.27926
-1.78668 -3.32623 0.85798
0.5922 -1.03419 -2.24773
-0.5042 -0.50473 0.47196
-0.53259 -0.47921 -1.96335
-1.60611 -0.88164 -0.2879
0.02419 0.03994 -0.00432
-1.39596 0.18872 0.85923
-0.30584 -0.12252 0.21384
-0.47502 -0.06162 1.97898
0.23658 -1.60961 0.17899
0.66737 -0.75144 1.45138
-1.96755 0.78438 2.03046
-1.2637 -0.07029 1.41273
0.55518 -1.37029 -0.46891
0.24029 -1.0426 -0.48908
0.75227 -0.35821 -0.37782
0.32886 -0.12592 -0.62318
-1.40659 -0.35389 -0.60962
0.50451 -0.10967 -1.52511
1.33462 0.01512 2.2478
0.56343 -1.1747 1.40958
-0.85127 1.67802 -1.11913
-1.44031 1.28542 -0.01226
-0.51343 0.58537 0.84909
-0.0153 -0.46539 -0.29511
-0.68759 0.92407 0.14717
-0.08199 0.07215 -0.10066
-0.10145 -0.69953 -0.12399
0.16614 -0.66149 0.53547
-0.89149 -0.19948 0.45607
-0.32537 -0.94169 -0.56788
-0.74449 -0.26534 0.29982
-0.24385 1.25744 -0.17248
0.80702 -0.58318 0.36516
1.12098 -1.18127 -0.1703
-0.76287 1.48173 -0.79056
1.42263 1.0562 -0.77164
-0.34477 -0.61952 0.49892
-1.72763 -0.74888 0.06892
-0.44508 -0.499 -2.31837
0.77637 0.7967 1.26588
0.37623 0.6845 -0.32795
-0.05501 0.40121 -0.72247
0.49967 1.12967 1.53999
0.82758 -0.03199 1.38479
0.37372 -0.02959 2.02132
0.14331 -0.72873 -0.05773
0.50843 -0.23449 1.02347
-0.11645 0.56022 -0.17271
0.30018 1.44662 -2.67114
0.10006 -0.92684 1.54524
-0.06714 1.40308 -0.05887
-0.50127 -0.05938 -0.94872
0.84027 0.89511 -0.45245
-0.13715 1.21471 0.66645
-0.50446 -2.01083 1.1442
2.48335 -1.74713 -0.28512
0.33569 -1.49178 1.59715
0.54007 -1.44591 -1.14381
-1.79322 -1.28811 0.46546
0.11594 0.50853 -0.5507
-1.60139 0.01917 -0.01888
-1.88139 0.43959 -0.25069
-0.45361 0.76115 -0.66521
-0.0135 0.29692 0.26072
-1.59107 0.10131 0.06448
-1.53913 1.34845 0.05129
0.4295 0.47001 1.00024
-0.12375 0.93196 0.74289
-1.86993 -0.53927 -0.50435
0.59157 0.04773 0.4898
1.76705 -1.74161 0.98458
0.966 1.84939 -1.71833
-0.95008 1.40302 -0.20099
1.3212 -0.79763 0.10985
0.21967 -1.73437 1.23616
-0.74134 0.81383 -0.97726
0.18929 0.44216 0.95812
1.04395 -1.66096 0.9471
0.11873 0.59731 -1.05333
0.73742 -1.06653 -0.52254
0.24489 -2.57727 -0.2748
0.13817 -1.27129 -0.66446
-0.28204 0.17455 -1.31321
0.10228 0.13992 0.16916
-1.20799 -0.28824 -0.77866
-0.02394 -1.5394 -2.45726
