-1.84036 -1.287 -1.94249
-2.50257 1.56641 -0.29014
-3.4356 -0.19402 -0.79474
-2.65552 -0.90371 -0.62194
-1.14421 -2.37813 0.54514
-2.08227 -0.43042 1.23099
0.09904 0.40516 0.999
-0.69964 0.17241 -0.08187
-0.78542 0.1959 -0.43717
1.83523 -2.19265 1.33011
2.69154 -0.61927 0.69849
3.49048 1.03363 -0.45707
1.67637 0.32712 1.39499
2.14347 1.43924 1.89742
1.44564 -0.48895 0.47761
1.80358 -0.15235 1.25946
0.55702 0.89459 1.35399
0.6411 -0.41383 0.97686
2.2623 -0.09237 0.38979
3.27438 -0.8921 -0.42722
3.74276 -0.22075 0.19846
3.17236 -1.77583 -0.31235
2.62839 -1.57349 -0.68014
1.90382 1.77819 0.26699
0.8336 -0.25775 -0.93612
1.90547 -0.8901 0.35009
2.70562 -0.33148 -0.29965
1.3871 0.19634 -0.3333
1.43483 1.59963 -0.20265
0.69975 -0.33512 -0.53118
0.33712 -1.28099 -0.60703
-0.50469 -0.28658 -0.06635
-0.99071 -0.37192 0.06978
-1.68069 0.21842 -0.6177
-1.1633 -0.15259 -0.24446
0.09054 1.44871 -1.66288
-0.30748 0.55428 -0.91049
-0.91583 -1.19574 -1.54723
-0.55533 -0.94894 -0.48023
-0.67229 -1.30143 -0.16085
-1.52542 0.56334 0.71899
-1.96697 0.29952 0.35205
-1.823 1.46998 0.79697
-0.60412 1.11573 1.39482
-0.54748 1.32154 1.87927
0.3639 -0.3893 1.87923
-0.01514 -1.55734 1.24044
-0.55395 0.32251 0.8938
-0.63471 3.03373 1.06336
-0.18677 1.18824 0.13874
2.53978 -0.21149 -0.10988
3.7988 0.59996 0.64719
3.0306 -0.86921 1.59847
3.74303 -0.06722 0.55715
4.43043 -1.01407 -0.24438
3.41125 -0.33093 -1.12295
5.59352 -0.4167 1.4756
4.94951 0.89619 -1.23481
2.89752 -1.42076 -0.41214
2.79611 -1.16281 -0.57821
2.35547 -0.64961 1.40742
2.6031 0.13591 0.14139
2.63013 -1.81946 -1.57763
2.14046 2.31743 -1.1444
2.44399 0.64633 -0.92967
3.02046 -0.32293 -2.55957
0.8834 0.34205 -0.28206
0.2326 0.25301 0.418
-1.82658 -0.01071 1.26723
-1.40134 -0.27671 -0.73831
-1.3631 -0.45887 -0.13858
-2.37072 0.91866 -0.60919
-1.3248 0.696 -2.98511
0.4174 -3.07908 0.17922
1.31708 -2.26293 -0.34978
0.2826 -0.90153 0.61529
-0.24901 1.1913 0.71639
0.15286 -0.04544 0.77264
-1.68127 0.58712 0.31156
-1.95412 0.66987 -1.43181
-1.59865 1.0599 -1.55347
-1.46595 -0.75831 -0.77543
-1.12121 -0.06206 -0.2238
-0.35431 0.81053 0.7636
-1.93661 -0.18425 -1.39362
-2.75499 -0.50453 -0.34471
-1.61795 0.58586 -0.40208
-1.47264 -1.60855 -0.25631
-0.9794 -1.69995 -0.37376
-0.97592 1.76583 -1.16315
-1.51453 -0.6457 -1.4854
-0.43645 0.34245 -0.72557
-1.36585 -0.64977 2.21274
-1.44241 -0.74372 0.96156
-1.01998 -0.43373 0.1921
-2.17345 2.12765 -0.10318
-2.04357 0.0598 0.16853
-1.21843 0.37418 -1.13885
-0.30439 0.8357 0.05611
0.6113 -0.49887 -0.554
1.27505 -1.25531 0.37413
0.89075 -2.02131 -0.2673
1.05675 -1.24816 -0.4783
0.76011 1.54192 -0.9766
0.26664 -0.80785 -0.30499
1.64373 0.7085 0.04872
1.13116 -0.90234 0.80461
1.98263 -1.86969 1.75102
0.27751 2.39162 1.67327
-1.41528 1.71314 2.21649
-0.57811 2.48448 -1.63644
-0.40202 -1.13991 -0.46947
0.99114 2.81104 0.54717
1.20692 1.60564 0.07255
0.6694 0.1574 1.29787
0.1188 0.29292 2.17089
-0.89769 0.59199 3.47999
0.61874 0.89967 1.15451
-1.13321 1.48154 0.61865
-0.39918 0.75381 -0.10784
1.32762 0.46887 -0.44266
2.20523 -1.70329 0.0235
-0.11636 -0.68055 -0.12179
-0.82423 1.06739 0.08756
-1.25543 0.11888 -0.00304
-2.02231 0.70911 -0.92095
-2.24377 -0.55189 -2.1445
-4.16396 -2.02997 -0.29579
-2.83239 -1.75291 -1.09097
-3.91501 -1.63916 -0.81537
-4.60391 -0.75599 -0.8571
-5.37024 -0.53347 -0.38166
-4.74881 -1.75275 -0.83991
-4.57196 -1.01603 -1.36071
-4.48185 -1.41691 -0.32081
-3.54721 0.67786 -1.50204
-0.89813 -1.65698 -1.48311
-3.19944 -2.25537 -0.03282
-3.47659 -0.82707 0.28513
-4.35723 -1.47665 -1.41517
-5.26481 0.0787 -0.58162
-7.1039 -0.70958 -1.31707
-5.2807 -1.11003 -1.36775
-5.07504 -0.66507 -1.53251
-5.28432 -1.21882 -1.11817
-5.56844 -0.2617 -1.86306
-6.18409 -3.0002 -1.07122
-5.46354 -1.08771 -0.38551
-5.62146 -1.46536 0.73804
-6.108 -1.27042 -0.60534
