-0.6199 0.12546 -0.92779
-1.21967 -1.16 1.18623
-1.76514 -0.28517 0.07244
0.5697 0.08247 0.02977
1.39452 0.36863 1.13192
-0.5718 -1.8168 1.71096
-0.55061 -0.28405 1.13967
0.71202 0.71808 0.01981
0.11501 2.12204 -0.33992
-0.49036 1.52439 1.39956
0.95721 -0.27592 0.1811
1.57132 -1.29583 -1.91752
0.09058 -0.12716 -0.28741
-1.28174 0.95143 0.06919
-0.33069 0.45856 1.37791
-0.95548 3.11547 0.11743
-0.15011 0.70375 -0.429
-0.86626 0.30784 -0.83571
0.89436 -1.47369 -0.57538
-1.5126 -0.81709 -0.37869
-1.89845 -0.79448 -0.39654
-0.84011 0.049 0.14296
-1.40925 -0.18008 -1.21543
-0.1967 -1.02974 0.32094
-0.92171 -1.38508 -1.49679
-0.26053 0.92928 -0.12226
-1.6957 1.06015 -2.00355
-0.98018 0.05133 -2.4453
0.97138 -0.44915 -1.86574
-0.57491 -0.28361 -1.29773
-2.36563 1.39586 -1.40278
-0.14822 -1.83411 0.357
-0.04899 0.3565 -0.07789
-0.44989 -0.44368 -1.19933
-0.77508 -1.19308 -0.7826
-0.38454 -0.17039 -0.83207
0.59359 -0.23204 -1.40377
-0.09946 -0.27657 0.78702
-1.98927 -2.04346 0.64186
-1.13765 0.38098 -0.66397
0.94947 0.63216 -0.32721
-0.65924 -0.70006 -0.65055
-1.02438 -0.53204 1.68639
0.06639 -0.15823 1.04027
-0.53891 0.67731 0.38263
0.28345 0.12794 1.82025
1.36795 0.12506 1.2261
0.19308 -0.19967 -0.83237
1.10814 -1.39372 -0.8452
-0.08002 0.43113 -1.92034
-0.50126 1.00093 -0.60866
-0.60375 1.07279 -1.12161
-0.38083 -0.58066 2.3889
-0.34959 1.98604 -0.303
1.94516 0.82789 -0.30118
0.74194 0.19114 1.01115
-0.9268 -0.61498 -0.41069
-0.36071 -1.02296 1.8233
-1.69238 0.72848 0.24691
0.02951 2.28114 1.63397
0.28338 0.47884 0.33353
0.82586 -0.7276 2.28895
0.55971 -0.63585 2.09913
1.14795 -0.386 -0.55242
-0.17163 -0.49942 -0.00148
1.12272 0.19435 -0.20851
-0.92898 -1.29462 0.36828
0.33141 -0.7183 1.45965
1.34176 0.68716 -0.33139
0.81611 1.34238 -2.36025
2.44792 0.30172 -0.43542
-0.599 -0.12928 -0.8326
1.38616 -0.17933 -0.32191
-0.13475 -1.94188 -0.68224
-0.50456 0.77702 -1.06448
0.23969 -1.35804 -1.24232
0.30173 -1.67352 -1.29269
-2.29168 -1.63458 1.69927
-0.67045 -1.06509 -0.30737
0.88092 -1.1861 -0.9459
0.00552 -1.71133 -1.43765
-1.85509 -2.47561 -0.93608
-0.42489 -0.98621 -1.28142
1.49042 2.48849 -0.14979
1.20754 0.62477 1.35423
-0.24194 -0.19932 0.63957
-1.1758 -1.98419 -1.49558
-0.03171 0.38968 -1.60966
-0.43925 1.0024 -1.18134
-2.00273 0.3027 -0.54026
-1.32859 -0.48525 -0.08664
-1.38784 0.73991 -0.39017
0.54321 -0.48158 -0.45236
0.55 -2.33492 0.33606
0.19712 0.4833 -1.53814
0.49398 0.45957 -2.52769
-0.47504 1.84012 -0.99742
-1.47871 1.47376 1.57078
-1.83456 1.4908 -1.70281
0.0681 1.06626 -0.94108
0.87203 0.24294 2.07801
1.56313 -1.5934 -0.14885
0.28062 0.48313 -2.23843
-0.57655 1.11645 -0.16576
-2.41584 1.36425 -0.15592
-1.20427 0.80336 0.34869
0.58534 -1.98775 1.45938
0.55872 0.25932 0.85568
-2.40549 -1.32331 -1.38451
-1.65119 -1.37193 -2.36574
-0.41212 -1.10149 -2.81032
0.20929 1.96132 -0.51097
-1.83042 0.14425 1.03905
-0.4014 -3.05566 0.77723
-0.88213 1.11389 -0.51165
0.77927 -0.94794 -0.53829
-2.28591 -0.92857 1.31003
-0.91496 -0.3112 -0.11412
-0.52266 0.03729 -1.43764
0.43241 1.78794 -0.44531
-0.90722 -0.04328 1.79712
-0.31918 1.68199 -1.14688
1.15666 -2.03285 -0.01651
0.693 -2.46642 -0.76136
-0.65317 -1.75693 -0.28759
-1.62605 -1.76715 0.33052
-0.28618 0.42745 0.1134
-0.61184 0.06359 0.21155
0.18783 0.70767 -1.15551
1.28661 -0.87134 1.2157
1.08057 0.84307 -0.04578
0.26139 0.50927 1.3127
-2.43202 0.61231 0.8363
1.3527 1.46021 0.45964
1.13 0.44889 1.77188
-0.28823 -1.15421 0.34166
1.62547 -0.84813 -0.50496
-0.69976 1.51971 -1.76223
1.30186 -0.61784 0.64753
-1.10386 -1.32015 1.36983
-1.29733 2.50043 2.5685
0.72601 1.39308 -0.19529
0.33387 0.35833 0.70879
1.04967 1.40106 0.8997
1.43299 0.29376 -1.25727
0.3677 0.99011 0.45394
1.21639 2.95858 0.83165
0.66567 1.64878 0.69638
1.79187 0.44925 -1.45772
2.29757 0.67937 -1.70147
