-0.54336 1.18768 0.21139
0.9178 -0.04878 0.51084
-1.79707 -0.75031 -0.74193
-0.04051 -1.87485 0.33217
0.65288 -0.77175 -0.94766
1.59583 -0.80016 -0.1637
0.12881 -0.06489 0.84709
0.93443 1.13126 2.37687
-1.41911 2.93542 0.97698
0.34659 -1.05386 0.47756
1.31107 -0.08699 2.00003
0.80744 0.04812 3.15518
0.95023 0.19673 5.04616
1.50413 0.21369 3.98652
2.08054 -0.6 2.58331
0.98285 -1.08674 3.17344
1.50156 0.21444 4.56947
0.47375 0.26048 4.928
0.91204 -1.33742 5.04562
1.05715 -0.39748 4.34237
3.32809 -1.86524 3.7617
1.66963 1.34528 3.30098
0.33619 0.23866 3.71578
-1.10514 -0.48361 3.68609
-0.37262 -1.89216 2.67408
0.1403 -1.10641 2.72887
1.79558 -0.96324 3.57202
0.91775 0.36331 3.63717
-1.44337 -0.33032 4.26227
1.62371 -1.37953 6.11723
0.61124 -0.71523 5.14068
1.47228 1.73143 5.9623
1.20943 0.87334 5.64888
-0.76252 -0.42297 5.51445
2.16989 0.24783 4.77543
1.95196 1.18253 5.17671
0.25116 0.76484 3.96764
-0.57881 1.00722 3.2252
-0.41307 0.60698 2.52711
1.11493 -0.91601 2.06966
1.79667 1.40157 2.70939
2.28574 2.36743 3.63881
-0.37157 0.67438 4.03081
0.61454 0.59315 4.1674
2.12211 -0.25059 4.4627
1.25896 -1.06202 4.2976
2.27068 0.10336 4.91689
0.62961 3.22228 7.1505
-0.56463 1.14643 6.51337
1.6674 0.25956 8.63959
2.40261 0.62965 10.23559
2.15407 0.99283 8.74215
2.82468 1.07634 9.40953
2.3829 -0.7396 10.09527
4.25016 -0.70643 10.77088
2.798 -0.42768 10.01378
3.66515 2.3043 8.68029
0.56315 -1.91957 6.8653
2.55422 0.50819 6.01999
3.46473 0.92816 6.06463
1.51808 1.75825 2.65232
0.88652 2.67658 0.41392
0.82669 -0.12807 1.17068
1.22717 -0.85282 0.97152
0.67996 0.34374 -0.41467
0.97188 0.59888 -1.5697
-0.2204 1.077 -3.98318
0.67309 1.94867 -3.09924
-1.35604 -0.68339 -3.18779
-2.14075 -0.98556 -3.16445
-0.73338 -1.01479 -1.54302
0.0967 -0.76186 -2.53797
-0.61962 1.15889 -1.44274
-0.86692 -1.11872 -0.97373
-0.34953 -0.36713 -0.09977
-0.63424 0.8509 -0.58183
-1.08142 -0.2033 -0.09214
1.77451 -2.49816 0.11743
0.61672 1.19417 0.62685
-1.50114 1.20698 2.39505
-0.96405 -0.18963 2.21368
1.67977 1.38735 1.44037
1.47435 -0.45621 0.50626
-1.64351 0.0038 -0.37131
0.57098 -0.05889 -0.19192
0.04331 -0.88186 0.39238
-0.79717 -1.22143 -1.41534
-0.42864 -0.68148 -0.84025
0.81265 0.24575 1.31263
-1.15353 -0.88077 2.67437
-0.1143 0.06193 2.19241
0.93274 1.57543 3.29059
1.47429 0.24912 3.38716
1.61797 -0.24292 3.93025
1.8936 -0.1516 3.61073
0.95347 1.75663 5.74964
0.56904 -1.39616 5.66523
-1.14337 -1.67223 6.20888
2.99221 -0.66568 4.60153
1.71626 0.23064 4.87293
2.17012 -1.37785 4.1153
2.58095 0.29315 2.6041
1.63617 1.11743 2.36516
0.2396 -0.0844 2.91396
2.48036 -2.59435 2.95917
2.02719 0.77419 2.56977
1.90817 -0.33369 0.25661
-0.86427 -0.4812 1.64089
-0.57805 -0.69073 0.77014
3.1323 -0.45666 0.98257
1.43629 1.22469 1.39788
0.31124 2.33669 2.82895
-1.21394 -0.28409 2.09741
0.8499 -1.1356 1.69034
0.65412 -0.22261 2.01804
-0.50694 -0.16496 1.13649
0.29225 0.14544 2.34851
1.88582 -0.54463 3.3235
-0.81106 0.23006 3.54859
-0.24419 -0.81927 2.4658
1.33168 -1.18735 2.37586
0.99757 -1.93435 1.58674
0.59619 0.31734 1.52114
-1.49483 -0.5418 2.04761
0.47693 1.27305 0.72319
-0.84178 -0.54377 0.6051
0.12454 -2.42354 -1.14246
0.7523 0.12228 0.17489
-0.72672 1.47439 0.49994
0.79924 1.16504 1.70206
0.89935 1.15883 0.05119
0.15012 -1.8754 -0.46438
-0.19135 -0.03044 1.17683
0.31034 -1.09158 1.15484
1.13737 1.62706 0.52408
-0.31944 0.84213 1.13775
1.3699 0.1178 2.42146
0.4759 -0.81279 1.6823
-0.99407 1.0528 1.85451
0.25182 -0.94581 3.24121
-0.70206 -0.80386 2.32025
0.36162 0.55563 2.76665
-0.49609 1.14745 2.66384
0.25106 0.77595 2.62605
1.36969 0.73527 3.56096
2.01822 -1.02403 3.20645
0.40339 0.6785 2.13227
-0.69082 -0.97787 1.8658
0.82025 -1.34432 1.70896
1.96281 -0.97055 2.23855
