2.37677 -6.09076 1.31695
3.15285 -4.84339 1.35515
2.99627 -5.0905 0.40246
2.39544 -5.08396 0.86683
4.59348 -6.56544 0.16277
3.0695 -4.47266 -0.34928
1.77268 -2.08135 -1.16593
0.67788 -2.48456 0.48161
0.08629 -1.50355 2.05211
-0.12271 -0.50306 1.42371
-0.27997 -0.34774 3.07657
-1.67152 1.38115 4.10119
-2.42182 2.40841 4.53066
-0.63231 4.52509 4.57601
-1.80324 5.89169 4.32995
0.06719 6.29629 4.37084
0.53255 6.09795 4.70249
0.02057 7.56141 4.77197
1.30902 8.20466 4.22414
1.65198 7.86805 2.47172
2.00641 9.53874 2.07451
3.22229 10.72808 2.60727
3.34557 10.44677 2.14247
3.39707 10.21189 4.67744
5.181 9.91985 5.7793
5.97701 9.68001 5.38334
6.92937 9.58311 5.36405
6.92995 10.24137 4.49158
6.40146 10.91473 4.73278
6.04935 10.34293 5.2738
6.01706 13.08913 4.6425
9.42689 13.18019 3.01934
9.04136 16.61139 3.08871
12.27575 18.27408 3.05915
13.07708 17.56452 2.19976
12.49971 19.68402 1.70418
11.99946 22.16036 0.13478
10.11512 24.77763 1.77202
9.516 26.43827 2.64714
7.75918 28.78566 3.16894
8.27931 30.36805 4.03253
9.01029 34.22136 2.16289
8.86392 35.95488 0.85597
9.93806 35.37468 0.8461
9.90397 33.85564 -0.37213
10.10472 34.90477 0.56722
8.42808 33.68454 3.22106
6.67658 34.18929 3.37519
4.4787 35.51786 4.13116
4.17166 37.78746 4.95053
5.12094 39.82472 4.16117
3.95065 40.88303 2.62089
5.02765 43.16387 1.95979
5.13865 42.79326 3.21982
5.11243 43.12067 1.93975
5.14782 43.79539 2.16969
5.61743 43.43005 1.13514
5.2676 42.07121 1.4059
3.97013 42.92796 2.29817
4.53651 42.0147 1.52487
5.20394 41.00689 2.34426
4.98937 39.93399 1.88686
5.07312 40.37874 1.71055
4.4901 39.62051 1.27731
4.31518 39.29957 1.55622
4.36624 38.02249 2.51532
4.16349 37.37826 2.14784
4.39834 36.21259 1.7899
6.6321 38.70619 0.36596
6.74273 38.47592 0.96111
6.4075 38.64392 1.81608
8.24817 37.4479 1.7345
7.31871 35.64054 0.15319
6.84125 35.65414 1.99391
5.81335 36.11756 2.47004
4.96785 36.00526 2.57426
5.03486 35.94043 4.00732
4.36302 37.25156 4.92318
5.22143 37.97448 4.45034
5.92513 39.07535 3.43101
4.31273 39.95778 3.08723
5.05374 38.37785 3.34058
4.96661 38.08305 2.19157
7.3771 38.52571 0.9777
7.98532 39.26149 0.00702
7.58468 39.41773 -0.31473
4.80786 39.64984 -0.18015
4.35909 38.89755 0.03421
3.74897 38.67262 0.83633
4.13707 36.71737 -0.42751
3.2102 36.37776 -0.95442
1.84401 35.75057 -0.91343
2.53927 35.15707 0.16654
2.26875 34.43456 -0.24286
2.10545 34.09312 -0.2292
3.28645 32.66539 -1.0371
2.08862 30.72417 -0.67947
1.02942 29.46931 -0.89565
0.25117 27.96201 -1.90437
-1.15647 25.47697 -2.61396
-0.55433 25.25998 -1.45777
-0.49787 24.33417 -2.90031
-0.63398 21.70353 -3.3786
-1.57403 20.11874 -5.37721
-1.99543 17.3622 -4.28369
-2.80346 16.8152 -2.37475
-3.60283 15.28669 -2.994
-3.94926 13.67881 -3.1819
-5.28252 12.41135 -2.2449
-5.06696 11.80716 -0.88727
-6.40244 10.05816 -0.13654
-7.60275 7.47279 -0.42381
-7.06495 4.38303 -0.74496
-5.94708 2.7641 0.93049
-5.34978 -0.21441 2.18089
-5.22545 -3.16674 0.76849
-2.70313 -5.58769 -0.3742
-3.06236 -8.21507 -2.57298
-3.09568 -8.46877 -2.43925
-3.48477 -10.36357 -2.1778
-3.79829 -11.31445 -0.41996
-4.70987 -12.78039 0.62729
-4.19816 -12.62998 -0.46616
-3.24394 -13.94987 0.62758
-3.27589 -13.76488 0.85095
-2.68286 -13.81383 -0.21008
-2.37139 -14.70705 0.82574
-2.5038 -13.90585 1.35157
-1.70108 -14.0952 1.80461
-0.04581 -14.16392 1.26142
0.36575 -13.91447 3.05135
0.379 -12.02911 1.13803
-1.51943 -11.36421 -0.29784
-0.63303 -9.68848 -1.58602
-1.23773 -9.55644 -0.98329
-2.6871 -9.10549 -2.0489
-4.44633 -8.00954 -2.97148
-5.67519 -8.70497 -2.55149
-8.07013 -8.30639 -2.29023
-8.69347 -8.52374 -1.90873
-7.35155 -9.36767 -2.8039
-6.8327 -11.00717 -1.64719
-5.80669 -11.92135 -1.71576
-6.82297 -13.40986 -1.04454
-6.19116 -16.17752 0.27746
-6.12651 -17.7312 1.15915
-4.89527 -19.22911 0.92522
-3.73654 -18.06591 -0.18097
-2.57968 -19.7108 0.28601
-3.99498 -18.88238 1.10289
