6.04941 -0.11153 2.20367
5.28764 1.21506 1.42165
3.68489 0.85789 0.70062
3.87994 1.86971 2.22632
3.75507 2.55978 1.61436
4.8648 -0.09793 3.43196
3.99574 1.40328 1.54175
4.1941 0.17465 2.86741
4.19938 -1.07025 1.73083
3.27997 -1.45522 1.99938
3.91811 -0.27801 1.12565
5.81588 -0.26808 1.46372
6.65132 0.91022 0.845
6.7639 -0.06558 2.87855
7.04882 0.44587 0.68333
6.98874 0.49065 3.18807
7.13793 -1.40077 1.17072
4.77225 -1.03633 3.02411
4.09465 -0.74492 0.82721
3.16711 -2.05573 1.90479
4.5908 -1.21647 -0.47899
4.71584 -1.89998 1.23848
3.80578 -1.92502 -0.46049
2.74728 -0.48147 -0.0467
3.0998 -1.24843 -0.51153
2.47455 0.30941 0.04396
2.62999 -0.5193 -0.57735
1.19463 -0.84622 0.74835
1.14001 -0.62173 -0.5969
-0.85286 0.50604 0.18184
-0.07469 1.4055 0.21816
0.80946 0.2091 0.24073
-0.08244 0.26266 -2.29428
0.10172 0.84148 0.95627
-0.38066 0.01375 -0.88589
-0.35106 -0.14283 -1.31317
0.56371 0.05353 0.6485
-0.8357 -1.18616 -1.1133
-0.70222 -0.1022 -0.44692
-0.90345 -0.23838 -0.47717
-1.96964 0.02249 1.29447
-1.76357 0.99769 0.17069
-1.86789 0.77047 -0.75007
-1.53579 -0.1883 -1.09352
-0.87471 -1.55276 -0.49904
0.2987 -1.26125 0.94269
-0.18583 0.10861 1.07648
-0.4309 -0.14668 -0.22313
0.32272 -1.45245 -0.31737
-0.92942 -0.7252 1.00426
-0.32391 -0.77422 0.31838
-0.03433 -1.15934 0.24653
-0.58116 -1.47023 -1.69896
0.14744 -0.33142 -0.74542
1.50764 -0.99495 -1.0292
1.55197 -1.63569 0.16182
1.4936 -0.16589 -0.1051
-0.26824 0.09575 -0.40671
-0.5593 0.98254 1.04186
-0.72395 1.77367 0.08896
0.37912 2.64149 -0.39819
0.55939 0.06502 1.02381
1.02298 -0.07777 -0.41736
1.51113 0.72252 -1.12747
2.20736 -1.23153 1.40671
1.11751 -0.6036 -0.13361
1.40706 -1.02606 -0.60995
1.69891 -0.70594 -2.25677
1.23121 0.90299 -0.62004
3.61111 1.646 -0.56931
4.8069 0.2457 1.19492
5.35083 1.36291 2.05655
5.11818 0.89453 1.52639
3.03044 -1.02044 0.79342
0.83234 -0.74754 -0.79978
-1.59028 -0.43544 -0.09768
-0.4559 0.75731 -0.92192
-0.20892 -0.41205 1.99786
-0.23386 1.30736 0.91958
-0.54975 1.69256 1.98167
-3.18981 1.31106 1.4156
-4.2385 -1.12397 -0.8485
-5.23623 -0.62994 -1.30913
-4.40682 -1.19618 -0.95339
-4.85992 0.14224 -0.93863
-2.50087 -0.91925 -1.44513
-3.00268 -1.01073 -0.82994
-2.47525 -0.31136 -0.74056
-2.52938 0.18163 1.52886
-1.99689 -1.49567 -0.78296
-1.95813 -0.02938 -0.773
-2.63539 -1.17947 -0.26663
-3.04938 -0.16281 -0.89859
-2.3848 -0.64153 -2.62775
-3.52446 -0.26251 -1.4487
-2.8869 0.31157 0.46317
-3.6934 1.61371 -0.43746
-5.12685 0.20865 -1.99228
-5.92552 -0.51818 -1.94973
-5.10897 1.21116 -2.93289
-5.18746 -1.67376 -0.1184
-3.77927 -1.03976 -2.25167
-4.41199 -0.41087 -1.14721
-4.90797 1.31125 -0.23432
-4.74334 0.43648 -1.20058
-4.05056 -0.05814 -3.81597
-6.42468 0.23875 0.95705
-4.62852 0.62549 -3.77234
-3.84813 0.08825 -0.33326
-3.37829 -0.197 -1.1481
-2.84667 1.51774 -1.20826
-3.33437 1.13545 -1.66207
-4.31585 0.9939 -2.13172
-4.36649 0.13169 -0.82921
-3.80791 1.11319 -1.11708
-2.68964 0.33969 -2.87728
-3.78746 0.61258 -0.45109
-4.35768 0.29941 -0.73367
-6.717 1.24517 -1.29075
-7.76309 0.6897 -3.07636
-8.34982 0.75235 -1.68587
-7.25062 -0.67653 -1.12828
-7.15972 0.59888 -2.03657
-6.53591 0.80683 -2.63317
-5.69361 1.76654 -1.10328
-4.86021 -0.21124 -2.07975
-2.9206 0.16259 -0.3566
-4.04985 0.56344 -1.17476
-4.31214 0.26481 -1.982
-4.04267 -0.37885 -1.01316
-4.50271 -1.82943 -0.36794
-5.22108 -1.65244 -2.7827
-3.88388 -0.90931 -3.57424
-4.97228 2.5327 -1.56594
-3.88245 0.90284 -0.80031
-3.75059 -0.75982 0.15282
-5.21544 0.57714 0.41947
-6.11827 1.2328 0.10486
-6.32442 -0.16578 -0.70044
-5.39282 -0.1759 -0.79422
-4.55912 -2.88726 -2.38892
-4.94978 -1.95328 -0.94198
-4.16365 -0.2441 -1.04073
-3.79815 1.36273 -0.39593
-4.89798 -1.37806 -1.82093
-5.95995 1.12685 -0.45735
-4.36294 0.30497 -1.94831
-3.90469 -1.68759 -1.73182
-3.98464 -0.81783 -0.26204
-3.3045 -0.28221 -1.30529
