2.67894 -1.37312 -3.04092
2.58502 -0.31824 -3.23537
0.35625 0.83845 -3.23551
-1.1131 0.90114 -3.67451
-1.20277 3.80844 -2.38139
-1.98645 2.48506 -2.46604
-3.09499 2.97262 -1.41419
-0.01607 0.63405 -0.07302
-0.35754 -1.2561 -0.70963
-0.04747 -2.38748 0.44937
0.9101 -1.46807 1.75451
1.18975 0.31621 2.95638
-2.07409 1.78948 2.48173
-0.77783 1.16638 1.99593
-0.43403 1.81375 1.69756
-0.5117 1.63523 0.02294
0.29061 0.67647 0.4887
-0.82494 0.38651 -0.32129
0.07027 -0.2204 -0.58285
0.67847 0.54422 -0.37047
-0.98738 -1.42206 -0.49408
-0.0157 -1.5889 -0.51132
0.38056 -0.32435 0.74459
-2.56869 -1.23429 0.21622
-0.38899 -1.17747 -0.47014
1.96222 -1.424 -0.68728
0.75779 -0.88696 -1.00058
0.77527 -0.81137 -0.35785
-0.63216 1.65603 -0.91186
-0.59115 1.34362 -1.08451
-0.49657 0.18844 -0.99134
-0.79654 0.18984 0.70427
-0.67458 -2.48565 0.56622
0.17904 -4.27289 0.25084
-0.63957 -3.18656 1.46385
-1.71128 -1.81811 3.58295
-0.97466 -1.83135 4.24103
1.01623 -1.34301 1.87443
-0.5132 -1.03438 -0.70246
0.52783 -1.65636 -0.20801
0.8023 1.59952 -2.03756
1.73381 0.2113 -2.84188
1.41948 0.79103 -2.47133
-1.43535 0.27142 -3.86703
0.23795 0.66287 -4.18518
-1.90059 0.93206 -3.28213
0.2965 0.91976 -2.748
0.11658 1.11646 -1.21173
1.08237 -1.48518 -3.5161
1.56979 0.85121 -2.36563
0.41483 1.15176 -2.19185
-1.13096 -0.59225 -1.81359
0.23633 -0.44968 -0.79455
-0.61556 0.42703 -0.25412
-0.04531 0.25453 -1.9933
2.37173 -0.50227 -1.61316
1.00055 -2.78126 -2.55065
-0.19608 -2.927 -2.94052
-1.01382 -2.54799 -3.72401
0.62834 -1.29555 -3.74631
1.01227 -0.86844 -4.46904
0.57451 0.62905 -5.66408
0.39313 -0.47034 -4.49074
-0.76748 1.35989 -5.85207
1.12297 0.81611 -3.9059
0.30589 0.3779 -3.5646
0.59574 0.9868 -3.09642
1.01493 1.68939 -3.03961
1.9134 1.51876 -0.84264
1.81608 1.4917 0.71121
0.40924 1.15082 0.38144
-0.09992 0.1704 0.25053
-1.67226 -0.38763 1.60757
0.43405 0.14853 3.89289
0.50472 -0.48827 4.9581
-0.22804 -1.1304 4.70014
0.77497 -2.44212 4.56272
-1.09151 -0.488 4.19573
0.20658 -1.33051 3.25853
-0.71359 0.56719 2.09024
1.25262 1.03179 0.82019
1.23316 -0.14877 0.65211
-0.96817 -0.09756 1.23448
0.50319 -1.40897 0.94281
0.63641 0.36376 0.89388
-0.00748 -0.42817 1.78688
0.05601 1.70025 2.15756
-0.20172 1.31752 1.98879
0.0931 1.89475 0.80313
-0.6474 1.00321 -0.2018
-1.13902 0.00229 -2.3223
-0.10711 0.20567 -0.7928
0.08147 0.5815 -1.43524
0.72142 -0.56904 0.49234
0.97989 1.39721 1.17668
1.10489 0.94683 1.76385
0.37045 0.92577 1.14691
1.33287 2.22992 0.0288
0.14116 1.05517 -0.89441
-0.70675 1.37004 -0.78478
0.23982 1.89225 -0.24937
0.21788 -0.25257 0.22288
0.05804 -0.02999 1.05366
-0.36729 0.04378 0.63072
-0.02454 0.63031 0.08169
-1.03203 0.58479 0.45635
-1.45138 1.22627 1.10302
-0.02419 1.65773 2.48051
0.15797 1.25709 1.40854
-0.45406 1.49623 -0.18224
-3.09955 1.80853 0.30925
0.04073 1.56335 -0.06438
-0.036 1.69059 0.05375
-0.80686 -0.28214 0.75639
0.39507 -2.71975 1.14881
-1.10886 -1.35116 0.15835
-0.02126 1.34403 1.97084
1.33673 1.94568 2.22515
1.23409 -1.92098 1.18906
0.80504 -0.87979 -1.71814
1.4404 1.66558 -3.40096
1.26525 1.06 -0.66749
-2.46532 0.17508 -0.29847
-1.13239 0.21693 1.09568
-0.19628 2.64091 1.81263
0.36675 0.32384 2.90944
-0.39291 0.98765 2.60429
0.90858 -1.85748 1.86092
1.38105 -1.68467 1.51525
0.22375 -1.45912 2.85451
1.35691 -1.17293 1.69902
0.61157 0.52132 1.76316
0.41857 -0.63171 -0.5467
-0.85728 1.42848 0.32542
0.86175 0.50823 -0.84092
0.88269 0.10374 -1.09257
-0.88707 1.38713 -0.64375
1.1176 2.05122 -0.65148
0.18694 0.83404 -0.87736
-0.23668 -1.08845 -1.27117
0.28201 0.29964 -1.48698
-0.34849 1.33959 -1.09836
2.14002 1.47135 -1.19083
-0.5894 0.99258 -1.162
0.08186 2.06963 -1.13135
0.09897 2.03402 -1.5752
0.92056 0.85852 -0.35339
-2.28733 0.37268 -0.21531
0.4092 0.79605 1.54847
-1.12159 0.40772 0.42432
