-0.2814 1.72479 -0.14968
-2.25697 1.35408 -0.34666
-1.33073 0.92079 -0.19712
-1.0635 0.91522 0.42112
-0.88204 -0.30642 0.82957
0.70974 -0.7347 -1.25656
0.58404 -0.26159 0.4242
-0.10808 -0.35978 -0.36586
-0.72595 0.43979 -0.02609
-1.01159 0.62591 0.85085
-0.35719 -0.60156 -0.90079
-0.78932 -0.52081 -1.78329
-1.81623 0.73696 0.46059
-0.89095 -0.04775 -0.05938
0.32107 2.08256 -0.33997
-0.56029 -0.74961 1.38806
0.80111 0.9608 1.08075
-0.15215 0.4515 0.43519
-0.43752 -0.97927 -0.251
1.27951 0.13296 0.34659
1.51432 -0.50562 -1.5372
2.35665 -1.42638 0.35501
2.34078 -0.01851 -0.66571
1.29557 0.62114 0.11821
2.286 -0.54372 0.31767
2.86836 0.44133 -0.09024
3.40548 0.42771 -2.01377
3.73352 0.10447 -0.44906
1.60339 0.60804 -0.05016
2.46546 1.16982 0.41336
0.45156 0.37739 -0.0535
-0.50624 0.01219 0.1976
-0.54686 0.28197 -1.04456
-0.73801 0.43101 2.12544
0.49568 0.95576 2.26827
-0.47329 0.54807 -1.21127
-1.16002 0.73463 -1.50024
-0.55259 0.72249 -1.09438
0.43301 0.88742 -0.12199
0.77562 -0.0151 0.12579
0.05558 1.05233 0.47527
-0.16406 0.1992 1.25129
2.49608 -0.17318 -1.01871
2.05148 -0.65391 1.6811
1.43978 0.46284 -1.43026
1.48193 0.37735 -0.19752
1.6523 -1.03059 -0.058
0.68255 0.40341 -0.4476
0.32409 0.86531 -0.61669
0.61127 -1.1367 0.21195
0.42592 0.54518 0.89877
0.83304 -0.97155 -0.6119
1.51473 0.54969 0.68074
0.57556 0.0669 0.3191
0.27991 0.03585 -0.0783
1.07087 1.084 -0.2933
1.87799 -0.91083 0.17046
2.27802 -0.17204 1.47963
1.03699 1.24598 1.22315
1.73037 -1.07886 0.22935
1.37477 1.73717 0.36312
0.73622 -0.46562 -1.16727
-0.15022 0.6518 -1.71137
-0.51869 -0.64374 -0.95582
-1.52513 -0.96244 1.55173
-0.6923 1.46044 2.14933
0.11089 0.50157 0.52912
-1.15976 0.68997 0.15348
-1.35217 -0.96 0.23447
-1.06021 -0.82555 0.27595
-1.01419 -0.41839 -0.90272
-0.41851 -0.08408 -1.42619
-0.54002 0.87604 -0.44606
-0.8324 2.37353 0.41422
0.46104 0.05574 -0.48503
-0.37786 -0.75477 0.43782
-0.30561 -2.04055 1.15422
-0.33712 0.5782 1.22004
-0.6194 -0.54683 0.10378
-0.58581 0.60418 -0.49675
-0.73708 2.32198 1.25674
1.07474 -0.13937 0.54088
2.19139 1.75194 0.34653
0.6275 -0.39447 -0.06285
0.69801 -1.33345 -0.00976
0.28599 -1.34155 0.57567
-1.55733 -1.21974 0.22457
-1.08216 -0.58297 -0.20735
-1.92848 0.91244 1.77385
-0.03189 1.05824 0.86813
0.10887 -0.50787 -0.17845
-0.95082 0.68908 -0.89527
-0.76051 -0.14182 -0.96881
-0.60846 2.34796 0.40146
-1.41612 1.79701 -0.37809
-0.62592 -0.72327 0.33753
1.1416 -0.48482 0.15566
1.35734 0.22658 -0.46089
0.55341 0.91717 1.59874
2.21217 -0.33872 -0.01057
0.45946 -0.49659 -0.60359
-0.50399 -0.4821 -1.71634
-0.33591 -0.06096 -0.85425
0.44629 -0.57143 -0.16718
1.14216 -0.32308 1.52961
1.01743 -0.9464 0.05926
0.20593 -0.7061 0.04897
0.38997 0.61156 -0.70122
0.62665 -2.04374 0.99296
1.24795 1.54935 -0.41627
-0.06471 0.71011 -0.42454
0.80753 -1.83718 0.02289
-0.43335 -0.33704 0.15431
-4.12318 1.22616 -0.08008
-3.25859 -0.17981 -0.67348
-2.06323 0.06536 -1.54951
-2.07799 -0.57628 0.30373
-2.20667 -1.91181 0.78192
-2.34953 0.6715 0.68677
-1.88157 0.35339 -0.2993
-0.06726 0.14179 0.73023
0.67065 0.82663 -1.1472
1.35951 -0.708 0.40098
3.45777 -0.47056 2.56346
1.69505 -0.44795 0.10105
4.16224 -0.10798 -0.55567
3.5045 -2.05146 0.46442
2.78351 1.34785 1.75985
1.34007 1.13739 -0.03519
0.99959 -2.18396 0.51277
0.92922 0.36686 2.00269
2.55798 1.90467 -0.07663
2.77812 1.27457 -0.86468
0.92374 0.08084 -0.61102
1.45427 0.00307 0.6177
-0.72495 0.11679 1.21608
0.11729 0.35436 -0.00545
1.6006 -0.02401 1.56315
1.88208 0.65886 -1.24342
-0.00192 -0.86703 -0.26054
-0.43878 -0.00317 -0.16505
0.41004 0.97166 -0.44001
-0.40386 0.17054 1.15928
-0.8414 0.98906 0.28148
0.41369 -1.17735 1.04214
-0.16726 -1.2133 0.49893
1.28464 -0.03977 -0.40195
-1.88018 1.00636 0.28953
-2.47248 -1.0883 -0.60189
-2.60462 -0.2179 1.41673
