2.87903 1.87994 0.62073
1.06078 2.23411 -0.13939
1.01959 1.40836 0.1434
0.17144 0.09025 0.4294
-1.10052 2.43702 -1.77454
-1.67353 -1.09378 -0.88297
-1.2872 1.18839 0.09887
-2.42934 1.3313 1.08412
-2.4907 -0.91048 0.64127
-4.23614 -1.30963 -0.33692
-3.53909 -1.68335 -2.17157
-2.61434 -1.79 -0.66291
-2.99748 -1.92068 0.09747
-3.34945 -2.27937 -1.65463
-2.01308 -2.49679 -1.30691
-0.61043 -0.48769 -1.00456
-1.03069 -1.37343 -1.1037
0.80484 2.72937 -1.46803
0.15134 0.57046 -0.29886
-0.90167 -2.54073 0.23074
-1.15557 -0.49483 0.40733
-2.53009 1.50967 1.00925
-2.7923 -0.00833 1.05648
-2.33077 -0.72612 -0.64418
-2.37064 -0.67601 -0.61836
-1.87681 -1.6023 0.94583
0.47624 -1.58407 1.44734
0.23335 0.72574 0.18102
0.25373 1.42572 0.24711
0.16168 1.70641 -1.47563
-0.95654 2.29427 -1.23393
-2.0108 1.39418 -2.23598
-1.36973 -0.72064 -2.14389
0.18011 -0.94056 -1.14342
-1.31501 1.26316 1.20332
-0.57812 -1.33482 -0.16303
-0.97966 1.11171 1.28813
-0.40716 1.70788 0.00664
-2.03204 0.30899 -0.27223
-1.27739 0.1736 -1.11768
-2.57261 1.03569 -0.59989
-2.09479 -0.11879 0.47414
-2.92096 -0.92602 2.24504
-1.99262 -0.55469 1.89732
-1.31336 -0.25938 0.44738
-2.36783 1.29289 -1.54757
-0.75877 -1.40752 -1.06189
0.40487 -1.51446 -0.43432
-0.06889 -2.19001 1.00628
-0.74023 -0.11397 1.29657
0.12277 -0.621 1.02279
-0.32633 -0.98441 0.13989
-3.14602 -0.79121 1.32598
-2.7891 -1.16839 0.04783
-2.3127 -0.24912 -2.46272
-1.54726 -0.96738 0.46884
-1.49431 -0.69689 0.51746
-4.16683 -1.88701 -1.24653
-2.88902 -0.97841 -2.58627
-4.12644 0.13429 -3.19089
-3.75508 -0.45923 -0.89181
-3.98202 -2.189 -2.14425
-3.54289 -0.29452 -1.5037
-4.2141 -1.57085 -2.16952
-4.70087 -2.16031 0.35802
-5.35571 -1.89266 -0.28443
-7.36628 -3.22577 -3.12682
-6.86642 -1.77503 -1.70549
-5.40484 -2.04042 -2.38358
-4.32073 -3.9964 -1.14476
-5.19026 -1.67211 -0.15656
-2.81999 -3.04349 -0.20964
-2.72101 -2.55333 0.38164
-3.27067 1.09133 0.42554
-3.44137 -0.9597 2.26127
-2.03071 -1.7606 1.72831
-3.2801 -0.36984 1.43281
-3.255 0.37502 1.33367
-0.77017 -1.61882 -1.13097
2.01399 0.40582 -1.14933
1.49004 0.35814 -0.26423
-0.99655 0.81524 -0.0167
0.32471 0.47139 -0.12909
-0.74534 -0.61819 -1.04906
1.67234 -0.42735 0.64062
0.94139 -0.78336 -0.28919
1.16548 0.29946 0.84932
1.94065 0.02215 -0.63776
1.4466 2.19197 -1.58959
1.26189 1.35088 -0.49267
2.56886 -0.52039 0.62726
2.2798 1.70667 -1.18583
2.38077 -0.06139 -0.00024
3.35673 0.60612 0.84412
1.66826 0.44557 -0.80846
1.87398 0.29867 0.55042
1.04812 1.1741 1.73092
0.42624 0.43659 0.574
0.00218 -0.02517 0.68155
-0.00716 0.23425 0.10478
0.31127 1.11525 1.77965
2.98214 1.2976 2.23507
1.85692 3.1874 0.40621
2.86019 1.87129 -1.07849
3.52629 1.6701 -0.33281
3.12746 2.28687 0.87013
2.71582 0.12261 1.93672
1.57956 1.3452 1.41062
0.25005 0.96968 0.32559
0.05048 -0.0731 0.69097
0.11915 0.72122 1.6426
1.06494 0.44197 0.60147
1.17933 2.06964 -1.25249
1.15558 -0.69407 -0.8296
1.61786 1.25237 -0.13833
1.98337 1.41861 0.15258
0.27333 1.27828 -1.07221
0.00206 2.29753 -2.14101
1.43772 -0.13865 -0.92301
2.68624 -1.93796 -0.75098
2.66572 -0.04585 -0.37039
2.74203 -0.72288 -0.50911
3.90906 2.5972 -0.97463
1.91156 1.17743 1.81031
1.96348 1.87865 0.98257
1.97349 1.69693 1.05597
1.52044 1.90629 1.23217
2.48376 -0.08894 -0.5945
2.64731 2.29133 -0.52976
3.02738 2.34659 -1.18973
4.12202 -0.52324 -0.58943
2.87473 0.33817 0.22293
-0.39968 -0.68625 0.33308
-1.09459 -1.22957 -1.57743
-3.39881 0.12137 -1.4019
-2.32145 -1.318 -0.66508
-3.1925 -2.68103 0.06694
-3.80626 0.15574 0.74003
-3.47732 -1.85236 0.62734
-2.42213 -2.15388 0.89015
-1.26027 -0.7804 -0.16111
-2.12733 -1.2781 -1.11939
-2.33539 -0.88007 0.33341
-1.62405 -0.31965 1.56912
-1.58506 -0.64055 1.5143
-1.98245 -1.75521 0.46212
-3.12755 0.81933 0.81377
-3.01509 -0.21879 -1.05413
-3.88105 -0.20655 -0.47891
-5.04711 0.76542 -1.11459
