-0.40342 0.39073 0.12357
2.04564 -0.67576 1.29104
1.62966 -2.4029 -0.33645
2.45139 -1.32714 -0.02666
0.37405 -2.30824 -0.96798
-0.15773 0.01536 -1.10432
-1.11046 1.27325 1.02992
-1.61918 1.66092 0.56842
-1.87953 1.22417 -1.95659
-0.43621 3.78087 -0.87849
0.27483 2.63756 -1.34732
0.62082 2.78217 -1.44438
-0.0923 2.76533 -0.55038
-0.47644 1.31906 0.48756
2.24256 2.06346 0.14951
2.10141 1.92661 0.78238
1.72166 2.78366 -0.14704
1.29653 2.25905 -1.12305
1.94436 1.83975 -0.5756
0.10601 1.32664 -1.91246
-0.51757 0.68756 -0.96952
1.09665 -0.09277 -0.03024
0.00059 -1.26864 -0.30142
0.66158 -0.3944 -0.04333
0.40195 1.33409 -0.57617
0.07581 0.96808 0.52007
0.43285 -0.52197 -0.07794
0.45275 0.19075 0.18776
1.79316 -0.34683 1.5463
-1.21096 0.63719 -0.08033
0.15187 0.03806 -0.1755
-0.89053 -1.58273 -1.03737
-0.18398 -0.43514 0.0335
-0.02135 -1.07613 1.09167
0.79086 -0.14719 1.77347
-0.30817 0.10317 0.98527
-0.64782 2.13219 -1.29303
1.90229 1.7411 0.88789
0.09365 1.61263 -0.3204
1.14904 3.10247 1.02608
0.42191 2.20892 0.37654
0.801 1.75604 1.26269
2.19256 2.64305 0.50773
0.5898 4.20267 1.18339
1.61245 4.58564 -1.09147
0.69047 5.49308 -1.11258
0.53748 4.80244 -2.16053
1.05407 4.20485 -1.20279
0.96134 3.62154 -3.3569
1.40973 1.72223 -1.29197
1.68421 0.42988 0.02135
0.87993 1.08909 0.06637
0.42194 0.04614 -1.23928
1.6498 0.30761 1.67959
-0.0802 -0.37197 0.81597
-0.90117 -0.91745 0.23808
-0.78123 -1.39412 0.92828
-0.59854 -1.89457 1.89955
0.15951 -1.72769 -0.99149
-1.11582 0.2732 -1.31318
-0.14342 -0.61829 -1.00387
-0.08166 -0.97015 -1.43096
-0.7434 -0.83835 0.89179
-0.79575 0.26031 1.0462
0.38262 -0.17466 1.33232
0.32813 1.08988 0.42385
-0.39239 0.286 0.9498
0.28096 0.07384 0.69234
0.01201 0.8289 -0.79063
-1.42488 1.29266 -2.7372
-0.04974 1.00179 -0.54553
-0.22695 -0.56575 0.28056
0.25045 -0.95696 0.14436
-0.22076 -1.19613 -0.77758
1.54893 0.53314 0.37442
0.11483 0.06527 2.20998
1.28692 2.01615 -0.18888
0.36085 2.64123 -0.73695
0.16528 2.46206 -1.68792
-0.09327 1.78769 0.5914
-0.26088 0.82857 0.39186
-0.83216 0.2379 0.67374
1.57368 2.20773 0.83271
1.21626 3.17141 -0.39731
1.64625 2.83073 -0.3411
1.52937 1.96809 0.80423
-0.05142 4.32206 -0.79134
0.31822 5.85523 -1.95117
1.8849 6.08166 -0.96639
2.51349 3.17787 0.50859
0.70966 2.86706 2.08112
1.94871 1.1036 0.04196
0.33249 2.68076 -1.33334
2.31033 1.72686 -0.06801
1.5648 3.74208 0.51182
-1.04167 5.20687 0.78859
0.39991 5.01255 0.62272
1.22542 5.09331 -0.71221
1.78856 6.62945 0.24036
0.11478 4.33506 0.40914
1.50353 3.51001 0.14289
1.0345 3.80951 -0.3386
-0.08025 3.51543 0.8371
2.60949 4.75571 -0.62667
1.92158 5.55287 -0.47674
0.8061 4.25494 -1.4353
-0.0432 4.91912 0.40968
-0.88779 4.61158 -0.7489
-0.87039 3.01155 0.34202
0.70837 0.57746 -0.25089
1.16004 1.29738 -0.73806
1.05212 0.01151 -0.85808
1.07919 0.13437 -1.79242
-0.49127 0.45057 -0.60082
-0.38255 0.03177 -0.20557
-0.12087 -0.5843 -1.08107
-0.82721 -1.15441 -0.91206
-1.48439 -2.53452 -1.1341
1.18068 -2.43138 -1.39856
-0.89005 -2.49857 0.1957
-1.08396 -1.95403 0.62881
-0.64298 -1.9642 0.18032
-0.34549 -1.47442 0.85509
1.03659 -0.36265 0.9444
-1.57218 1.32118 2.90964
-1.72829 0.75737 1.33142
0.04915 -0.71738 3.28134
0.54555 -1.63059 1.4242
-1.72725 -0.09622 1.58771
-0.37957 0.35198 0.29692
-0.3161 -0.16829 -0.08469
0.33668 0.93362 0.90241
-0.86192 -0.60496 -0.35233
1.65708 -1.53723 0.51808
-0.88233 -2.22885 0.29336
-0.93976 -2.14476 -0.03532
-1.32789 -2.11476 0.92067
1.4068 -0.20283 1.42554
0.94753 -2.94742 -0.4149
1.94596 -5.20106 0.43051
1.2018 -4.57154 1.45079
-0.45705 -2.97773 2.02434
1.08462 -0.55148 2.58285
-0.56189 -1.09877 2.75509
-0.27825 0.13334 -0.41142
-3.14629 2.03511 0.52304
-1.08001 1.80956 0.16162
0.72541 0.36982 -0.44861
-1.2838 -0.92338 0.41614
0.46297 -2.1091 1.61054
