1.21271 -0.29618 -0.55023
2.05441 0.26207 0.09542
-1.02263 -0.09427 -0.46719
0.21933 0.3002 0.30448
0.44784 3.46945 0.27266
2.03807 0.99093 -0.38615
-2.44257 1.24044 0.24191
-0.94915 -0.76626 0.37712
-2.02376 0.47457 -1.60744
0.93205 -1.72415 0.48964
0.24104 1.37384 0.30088
0.6477 -0.93894 -0.60811
-0.32825 0.39403 -1.71636
0.09216 -0.53009 -0.87562
1.02323 2.59794 -1.65023
-0.51695 0.51007 -1.55152
-0.62614 -1.14204 -1.51152
0.40029 -0.65693 -1.08994
-0.12914 -1.17696 1.03469
0.02943 1.45408 1.93633
1.4581 1.78836 0.87414
-0.66017 -0.93392 -1.29588
1.31001 0.0832 -0.11316
0.28803 1.19206 -0.94299
-1.3678 -0.91412 0.03587
-0.86319 0.58726 0.21385
0.57276 -1.10591 -0.22597
0.98032 -0.96854 -0.18454
-0.61518 -1.04211 -0.84867
-1.70122 -0.67158 -1.24699
1.14247 -0.03085 1.12768
-0.46518 -0.81974 1.16671
-0.01604 0.73033 1.98328
-1.24868 0.07952 0.48531
-0.57193 -0.00989 0.46261
0.26716 0.41098 1.84754
-0.94297 0.27849 -0.66014
0.22849 0.71281 -1.8622
-0.85837 -1.88091 -1.71672
0.85259 0.14845 -0.74234
-0.00113 0.47459 -0.04345
-1.26327 1.38467 0.74927
-0.70213 -0.44518 1.79951
-0.98015 0.00174 1.27946
-0.4523 -1.0357 0.80967
-0.17981 -0.35255 -0.96451
0.86181 0.24393 -1.36352
0.45372 -2.67741 -1.06608
0.9536 -0.94706 -2.0169
-0.54267 -1.14649 0.09878
-1.33438 0.96115 -0.58615
-0.73789 -0.62717 -1.26824
-1.31926 0.1855 0.05097
0.18564 -1.18652 -2.25925
0.41563 -1.09246 -0.20362
0.62983 1.05561 -0.1184
-0.25931 0.55809 -1.24729
-0.28651 -0.51 -0.74894
-0.1675 1.03668 1.00027
0.93421 1.18709 1.16232
-0.04726 -0.12729 -1.66137
-0.30832 -0.11558 -2.03849
-0.71406 0.16206 -1.99492
0.17599 0.84228 -0.21302
0.15378 -0.9484 2.02628
1.06234 0.65977 1.62083
-0.5089 -0.78195 2.82518
0.16124 -0.05078 1.94503
-1.03527 0.2343 1.10227
0.66595 -0.70348 1.0834
2.27568 -1.13269 0.18991
-0.02293 0.93743 -0.33273
0.72767 1.01768 -0.33037
0.81103 0.54519 1.94192
-0.75884 -1.62372 4.1302
1.69497 -0.59388 2.74917
-1.43514 0.19943 0.93022
-1.42121 0.5486 0.65987
-0.13576 0.89295 -0.26733
-0.039 -0.7895 -0.55437
-0.80658 -1.56028 -0.16813
-0.64887 2.51082 -0.50327
0.69026 -0.02534 -2.50831
0.89153 0.94101 -1.6554
-1.65229 -0.38654 -0.00055
-0.62664 -2.08982 -0.71723
-0.39485 0.74012 -1.15715
0.56341 0.30746 -1.55367
0.62996 -0.42007 -1.52541
-0.37325 -0.06849 -1.62799
0.68925 0.48691 -0.62785
1.79149 1.59672 -0.47491
0.78695 0.8276 -1.69158
-0.54338 -0.43067 1.94463
-0.66716 -0.92708 2.70183
-2.05416 -0.41466 2.39526
-1.26668 -0.6136 1.64534
0.10623 0.94813 -0.55903
0.07821 -1.96426 0.85413
0.33317 -0.73496 1.74406
-1.94794 0.92822 0.72149
0.86321 0.75439 -1.16023
0.39433 0.33199 -0.38246
0.10608 0.15739 -0.42593
-0.55561 1.6688 -0.33453
-0.52562 -0.6634 -2.33544
0.08082 -0.63769 -0.26364
-0.72164 -1.67835 -1.54482
0.64487 -1.00334 -1.12116
-0.21486 -1.98982 -1.4665
-0.83965 -2.09085 -1.65524
-1.63004 0.77695 -2.88314
-0.1033 0.38274 -1.7931
-1.10108 1.40552 -0.6731
0.12148 -0.89202 0.41349
2.19883 -0.48278 1.95439
0.71517 -0.24459 0.89965
-0.55001 0.73783 0.93546
-0.39386 0.472 -1.55529
2.21479 0.59409 -0.42271
0.69278 -0.93713 -0.6859
0.69367 -0.50595 -2.53251
-1.50505 0.74206 -1.08696
-0.05902 0.64964 0.96721
0.52094 1.24553 0.9603
0.77208 -0.36705 0.53367
-0.80945 -0.40515 1.09564
0.54876 2.17949 0.22194
-0.58445 3.19022 0.69489
0.49545 1.5803 0.46848
-2.03628 0.82998 1.56974
1.43496 -1.87995 3.41304
-0.03508 -0.40797 2.07822
0.40854 -0.12074 0.73233
0.23868 1.75025 -1.08447
0.41107 1.0161 -0.4604
1.44176 1.04578 0.21523
1.77257 -0.79374 -1.0326
-1.43197 0.00211 0.13238
-0.04977 0.16939 -0.25435
1.99569 1.07752 -0.42391
0.91002 -0.10014 1.03973
-0.64929 0.839 1.3556
0.69759 1.38331 -0.20212
-1.44601 -0.90637 1.22333
-0.42328 -0.37095 2.41065
0.07505 0.88901 0.85865
1.44385 0.09622 0.35307
-0.61847 0.42354 1.52631
-0.34905 -0.8668 2.28674
