3.35433 2.14497 0.4298
1.59362 4.81128 0.47285
0.99731 4.54124 0.17754
1.47769 2.32834 1.59277
2.33673 1.56396 1.39153
1.84445 2.80894 -0.79811
1.78602 1.76533 0.48785
2.39878 -1.0018 -0.13717
0.90859 1.08805 0.64386
0.28173 -0.74874 0.72633
1.39335 -0.504 0.68612
-1.66898 0.29498 -1.09338
-1.78692 -2.2784 -1.94495
-1.27766 -0.82523 0.4306
-1.39352 -3.33063 -1.339
-1.37201 -2.97964 1.4711
-0.68727 -2.33161 -1.23162
-0.55518 -1.61364 -2.75583
-0.427 -1.30556 -1.72064
-3.45287 -1.99375 -0.82547
-2.25309 -0.92744 -0.59339
-1.74597 0.69818 -2.46047
-1.42386 -0.72101 -0.16277
-0.18956 -0.1546 2.36918
0.51541 0.55521 -1.12121
-0.46107 -0.21408 0.24331
-0.19815 -0.35313 -1.27542
-0.056 -0.76267 1.23847
0.0335 1.3047 -1.78909
-0.61938 0.79793 -0.94523
0.24956 0.52673 2.24971
-1.38686 0.83933 0.34579
-1.73331 0.35005 0.04332
-1.66415 -0.50641 0.74535
-0.56756 0.44458 -0.56845
-0.80773 0.13554 -0.28783
-0.37824 -1.23325 1.09008
-1.518 -0.73833 2.19388
-0.50687 -1.65692 -1.27207
-3.24063 -2.00762 -1.67125
-3.73522 -2.55516 -0.63484
-2.44175 -3.07431 0.17855
-0.94139 -1.11046 -0.46258
0.16667 -2.59386 -0.74467
-0.05982 -0.94675 -1.71374
-2.09219 -1.07216 -0.9998
-0.61364 -0.12152 0.41559
0.56765 -0.92583 -0.25872
1.46921 -0.03861 0.80069
1.74609 -0.38561 0.12529
3.52871 1.06618 0.28958
1.94335 3.83432 0.26959
0.33289 1.81116 -0.13857
0.63326 1.40341 0.49795
0.66142 0.20754 1.53954
2.73381 -1.50839 0.63602
1.74621 -1.36947 0.02717
0.88775 0.36054 0.90509
0.00654 -0.43785 -0.96447
0.84147 -0.0773 -0.66079
1.66127 0.41113 1.20627
1.97301 1.4661 0.69163
0.91521 -0.1295 0.8824
0.98821 0.55445 0.30456
1.15862 0.49926 -1.92683
2.13629 2.14402 1.13821
-0.03078 0.8171 -1.68201
-1.58757 0.26405 -0.09606
-0.8491 -0.33491 1.15452
0.29043 0.17797 -0.93735
0.14365 0.80487 0.75541
-0.36793 -0.66176 -1.40112
0.682 -1.26412 2.29799
3.07617 0.51855 -0.47984
1.05324 1.10235 -0.70296
0.09284 2.95612 2.28349
1.88364 1.18644 -0.47551
1.7175 0.9231 0.92164
1.06633 1.14952 2.49015
1.62997 1.3971 -0.48148
0.25968 1.82803 -0.10886
-0.501 0.44215 -0.00981
-1.14054 0.47395 0.35354
-0.51015 0.27413 1.05849
0.51663 -0.29671 -0.51235
0.08824 1.20376 0.5988
-0.8423 1.72298 0.82342
-0.42349 1.17981 -0.45399
-0.03735 1.17289 -0.35797
-0.1944 -0.55648 0.02087
0.79605 0.36194 0.58565
0.35602 -0.07936 0.7172
1.5007 1.27757 0.53829
2.91932 0.77017 -1.73254
0.84054 0.2529 -1.46044
0.21602 -0.29426 -0.55187
1.24544 -0.26126 0.22305
0.17047 0.12129 -0.31817
-0.47021 -1.66784 -0.19876
-1.16884 0.2784 -0.22367
-0.76728 -0.45749 -0.02217
1.81719 -0.80989 -0.36856
2.51887 1.30638 -0.91306
1.09362 1.23514 -1.40224
2.41227 1.67323 -0.05319
2.72224 1.68573 -0.75802
2.42195 1.45535 2.39339
4.2385 2.16003 2.3061
4.09584 1.58239 -0.0418
5.10889 1.01546 0.90393
5.70897 2.12343 1.72739
6.03146 3.11443 0.29916
4.56661 3.48751 0.4051
3.20125 3.56007 0.84299
2.0877 3.23611 -0.00888
1.07313 2.32836 -0.00261
0.84031 3.00134 -0.16347
2.35924 3.07194 0.39183
1.42904 3.05812 1.30686
0.71766 -0.03048 1.95752
1.97555 1.10996 1.46639
1.02955 0.09173 -1.03365
0.33851 1.78893 0.86923
1.83149 0.97518 0.30925
-0.65636 0.87045 0.50409
-0.64641 0.4876 0.3595
0.26027 -0.07095 1.72228
0.90451 1.25805 -1.87733
-1.41836 1.44872 -1.03597
-2.02666 1.17718 0.74361
0.57312 -0.60666 1.2824
0.38712 -0.4486 -1.10394
0.00631 0.16208 -2.00283
-2.26576 -0.62504 1.19557
-1.63178 -0.43465 -0.08672
-0.37794 0.04782 0.54364
-0.29618 -1.47926 0.08554
1.73177 -2.39559 1.43366
2.27047 -0.65107 0.95363
0.90557 1.52044 -1.79131
0.45692 1.20374 -1.02768
1.21627 1.01673 -0.25774
1.31659 -0.36723 -0.05136
2.01978 0.58924 0.42924
1.97318 -0.61227 -0.43143
-0.95453 -1.20029 1.94243
0.73645 -1.21473 -2.11566
-0.40227 -0.38784 -0.29209
0.37762 -0.17828 -0.07334
-0.26858 -1.25342 -0.01155
