0.08694 -0.31185 -6.81227
-0.22252 0.41343 -6.50807
-0.14384 0.94037 -5.46125
-1.15255 0.18196 -5.36111
0.07024 -0.97145 -3.69903
-0.19037 0.086 -4.5189
-0.03305 -0.36972 -2.62539
-0.14599 0.89667 -1.69376
-0.86851 0.90099 -0.68646
-0.52918 -0.72045 -0.36341
-2.85678 0.17835 -1.76731
-1.36845 -1.22415 -0.3431
-0.3168 -0.71676 -0.35895
-0.40608 -2.26888 -1.56642
0.19796 -1.11483 -0.56137
1.88163 -0.71766 -1.20412
0.68806 -0.36097 -1.36535
1.00685 -1.50412 -0.67957
1.04263 1.39524 -0.5937
0.44016 0.82962 -2.61905
1.00436 2.14474 -3.03435
0.27407 0.16091 -2.69903
0.6955 0.3851 -2.27729
2.33039 -0.95421 -1.4621
1.68328 0.37582 -0.38461
-0.63719 1.23845 -0.7826
0.29393 2.3565 1.37651
1.46772 0.55342 2.79834
-0.02348 -3.51741 1.96282
0.72387 1.71736 1.05971
-0.48875 0.2499 0.94192
-1.40827 0.22954 1.38907
0.64173 0.4311 0.22814
-0.48362 0.8374 -0.20899
-0.49731 -1.47423 1.98151
1.63127 -0.38156 1.65347
0.30295 0.17529 0.92521
-0.28249 -0.12996 -0.20028
1.29644 -0.21894 -1.93033
-0.26865 -0.69263 -1.16298
-1.26239 -2.19285 -3.37406
-1.77099 -0.95781 -4.75589
-0.8665 -0.23136 -5.87496
-0.89803 -0.78426 -7.80856
1.60634 0.33545 -7.74816
0.1329 0.93301 -6.49377
0.75382 -2.87817 -5.81765
-0.59098 0.1483 -7.49437
0.38158 0.2353 -6.23534
-1.82142 -0.21724 -6.72559
-1.43925 -1.90878 -6.75842
-1.55263 -0.79402 -8.47918
-1.29776 -1.70611 -8.2912
-0.1761 0.92535 -9.07653
-0.34278 -1.97317 -9.29835
-0.81183 0.50198 -7.30901
0.35198 -0.96965 -5.56457
-0.08871 1.09054 -5.98532
-1.49331 1.71788 -6.2844
-0.7037 -1.83601 -5.55401
-3.46239 -0.92867 -6.89202
-2.72124 -0.89106 -7.08478
-1.89655 -0.06591 -6.22213
-1.83019 1.08817 -6.29064
-1.2036 -0.39465 -6.37993
-0.39479 1.06597 -7.50038
1.14186 -0.13947 -7.94424
0.59923 -0.50252 -6.28834
1.93164 -0.68797 -4.72918
1.08166 -0.23877 -3.44753
0.29667 -2.04525 -2.2238
1.39336 1.01766 -1.65371
1.79235 -0.62337 -2.68184
0.69667 -0.02264 -1.07944
1.57124 1.1997 -0.15764
2.071 0.56307 0.53799
0.92644 0.53003 0.33988
-0.58489 1.68433 -0.6584
1.57588 -0.41462 0.40023
1.58637 -0.39927 1.46732
1.20031 -0.30571 3.22605
1.66667 -1.07019 3.63338
0.7939 0.88182 3.33321
-1.00182 0.15898 5.05341
-1.29053 -1.27651 7.28749
0.59113 -1.47944 6.78668
-1.102 1.78432 5.68263
-1.27828 -1.13276 6.03744
0.14715 0.01281 5.90773
-0.63001 -1.30387 4.14093
-1.15283 1.70845 4.47555
-1.66656 -1.34048 3.90009
0.6742 -0.19521 3.67611
0.44248 0.50115 3.70271
0.33772 0.43706 3.13791
0.15091 0.53452 3.31238
1.74754 -1.25407 3.57001
-0.07795 -0.2171 2.17146
1.02658 -0.16843 3.14806
1.73546 0.17044 3.7933
2.99869 1.63487 2.32492
2.00974 2.31941 3.68277
0.43441 -0.11938 6.37641
0.32354 -0.61916 6.30926
0.87364 0.30608 5.23496
-0.46032 0.84161 5.64981
1.03221 1.31383 4.99027
0.94944 0.14208 3.82222
1.04059 0.19998 3.99289
0.31082 -0.26054 3.2067
-0.43832 1.51828 4.2892
-2.33236 -0.8716 4.01599
-1.53936 -1.07918 4.14587
-0.52602 -0.83073 2.45047
-1.68753 -0.89673 2.50929
-0.60735 -0.10241 0.31663
-1.2471 0.7748 0.91231
0.17826 -1.7142 1.44088
-0.61013 -1.73623 0.90819
-2.10183 1.13326 0.43565
-0.77056 0.07884 1.49195
-0.83623 -0.07819 2.33481
-0.335 1.37291 2.17861
-1.49025 -2.8269 1.37369
0.72065 -0.11316 -0.30218
-0.01354 -0.29276 -0.6277
-0.24083 0.47987 0.53588
1.34388 -2.29185 0.99518
2.34655 -0.1512 0.51014
1.86686 -0.38972 2.64384
1.14494 1.34158 1.24123
1.40238 -0.31292 2.56911
0.59356 0.3151 4.61825
-0.01907 -0.40409 5.04819
1.045 -1.83463 5.21108
0.57069 -0.38622 4.86435
0.42255 -0.66806 4.61156
0.09895 1.23121 5.57502
-1.12583 0.81649 5.95932
0.10322 0.96175 5.64693
0.12401 -1.18533 6.01213
-0.48967 -1.1721 4.21515
-2.82906 -1.15274 5.0107
-2.36904 -1.49091 4.61773
-2.98451 -1.78274 3.11504
-1.41351 -1.4547 3.81675
-1.27082 0.28957 3.3238
-0.09487 -0.15683 3.07196
1.53985 0.46674 0.93742
0.8398 0.10552 1.89203
