-1.47414 -0.90308 -3.01125
2.69482 -1.29849 -4.07796
-0.73227 -0.4516 -3.27434
1.21989 1.26593 -4.07975
0.56864 -0.85732 -4.98113
-3.69763 -1.44036 -5.34883
2.11054 -1.50778 -5.46681
0.74295 -1.28993 -3.97206
0.61906 -2.04205 -3.2786
-1.40844 -1.27391 -2.09924
-2.32298 -2.816 -2.17463
0.21963 -0.41831 -2.59421
-0.6982 -0.23586 -0.67912
0.65466 -0.79165 -1.93908
-1.14883 -0.68368 -1.19891
-2.23253 -0.59821 -1.74892
-1.29281 -0.26244 -2.64089
0.23392 1.09219 -3.0344
0.62667 0.64151 -1.86267
-0.12381 -0.43488 -3.30525
-0.19486 0.91659 -4.3455
0.0866 -0.89654 -4.87432
-1.40088 -0.48638 -3.79645
-0.72919 -1.09257 -3.58168
2.44263 -1.2294 -2.39807
-1.91755 -0.34083 -2.56593
-0.59817 0.57743 -0.72105
-0.54901 -1.26622 -0.63266
-1.5686 -0.64408 -0.05066
0.98421 -0.79778 -1.77838
-0.46735 -1.02718 -1.26941
-0.82889 0.09372 -1.87257
-1.83743 -1.00461 -3.12686
0.41807 -2.60419 -2.74855
1.11722 -2.02341 -1.97141
0.71189 -2.00728 -1.95193
-0.57146 -0.7614 -2.15913
0.83132 -1.26377 -2.29102
-1.00272 -0.68594 -2.51538
-1.62244 -0.18937 -2.37755
-0.28651 -1.28825 -1.60341
0.80044 -0.78529 -2.86886
-0.73368 -2.48723 -0.17252
0.09769 -1.72962 -0.08213
-0.31163 -0.23013 -0.50327
-0.55879 -0.10679 -0.6406
-1.1727 -0.61034 0.74114
-1.65012 -1.61841 -0.3947
-1.31681 -0.64982 -3.09586
-0.20299 -0.87279 -5.01147
0.84493 -0.04416 -5.3675
0.61341 0.59701 -6.34443
2.32858 0.94562 -6.76918
-1.03109 -2.43607 -5.12217
1.22548 -1.40524 -5.18457
1.77276 -2.16685 -4.58956
0.43815 -2.04625 -2.16369
0.05173 -3.62832 -1.41123
0.46369 -3.21775 -1.71381
0.70128 -2.12069 -2.1559
0.21771 -0.92908 -1.38095
-0.66529 0.26387 -1.5977
-0.06408 -1.14146 -0.87407
-0.28721 -1.50027 -0.63259
-0.16719 0.22663 -0.87257
1.02829 -0.51546 -1.54661
0.86812 0.95598 -2.61651
-0.43789 0.66734 -3.10958
-1.08131 -0.55716 -0.299
0.4916 -0.5675 -0.15896
1.07536 -1.34043 0.96284
-1.29309 0.56023 3.01792
-1.34323 0.49365 2.28054
-2.21533 0.56282 2.46577
-0.14432 0.50458 1.10045
0.19506 1.28169 3.29609
0.99509 0.68886 3.32255
1.00682 0.53213 2.31853
-1.97645 2.02521 3.64408
0.93493 1.5995 5.09492
0.40569 -0.08919 6.13471
-0.20284 -1.73888 5.65606
0.38375 2.07099 5.4551
0.34697 3.26762 6.01207
-0.253 2.85882 6.37537
1.15983 2.77451 6.22212
0.30403 3.39214 6.82342
-0.15736 2.61792 7.1546
0.6958 3.08808 6.37058
-0.84918 4.36638 6.39367
1.94844 3.44486 5.55887
-0.09104 1.63189 5.73521
1.61113 2.91243 6.35426
-0.57225 1.34204 4.63083
3.0872 0.94404 4.52764
0.99723 0.79381 5.202
1.82387 0.53012 7.50336
0.12131 1.14216 8.07667
0.58477 0.66599 6.74837
0.99705 2.89124 6.28353
1.86524 1.36343 6.58466
0.74367 2.41272 6.69549
1.99604 1.38687 7.53172
1.99036 1.4455 7.91999
-0.25564 3.24849 8.00713
1.51352 1.37474 6.96578
1.65336 3.29112 5.35892
1.3295 0.43431 5.07333
-1.4259 3.57659 3.78644
-1.59624 3.04435 4.55681
3.0392 3.34994 4.72437
0.74512 1.30953 5.48297
-0.49586 1.20148 4.70883
0.74322 0.96433 4.71976
1.60574 1.01632 4.5815
-0.08088 1.37608 4.41503
1.19462 2.21092 4.72329
-1.51811 1.9835 5.00149
-1.32068 -0.09679 5.78319
-0.02532 1.75858 6.20936
1.09914 2.21361 5.75853
-0.14916 0.75405 5.86454
-1.12393 2.11932 5.933
0.5662 2.85545 5.96298
2.17381 4.10007 5.26528
-0.61874 0.91977 6.91211
1.2539 1.39785 6.65908
-0.49799 3.09834 6.56256
-0.67611 1.88696 6.77298
0.63668 0.68416 6.70509
-0.50993 0.28438 7.38584
0.63541 2.1626 7.03337
1.0822 1.89413 6.52571
0.10384 2.36336 8.6159
-0.01574 2.60203 7.22272
1.65795 2.55796 6.30952
1.84825 2.2392 5.12226
0.69994 1.44 5.62099
1.13396 2.49923 4.98381
0.0379 0.88782 5.71361
1.33108 1.14469 6.62352
-0.76556 0.25394 6.26269
-0.23655 3.05486 5.647
0.43733 4.59983 5.81401
1.67187 3.33224 6.51761
-1.44347 3.21005 6.03942
0.71573 2.21869 5.19704
1.44287 0.84668 6.04443
0.32647 -0.07289 6.3813
0.2458 1.90078 6.01581
