0.3967 -0.39488 -0.41346
1.49685 -1.66651 -0.07969
-0.6732 -1.29463 -0.83084
-0.68483 -0.5582 -1.36886
0.26123 0.25905 -0.7841
1.80318 -1.04112 -2.16743
-0.24391 -0.3694 -0.36197
0.71158 -0.1847 -2.05426
-0.27112 0.27777 -0.73816
1.67141 -1.21035 -0.67044
-0.02601 -1.80277 0.25358
-0.62008 -0.95511 0.95786
1.66338 0.85124 0.55788
0.29837 2.56588 0.07606
-0.11028 1.73591 0.20755
0.02062 1.53716 0.78812
0.11527 2.30955 -0.39124
-0.5197 0.92049 -0.84489
0.40749 0.80108 0.40889
0.06767 1.45127 0.65627
1.10494 1.37478 -1.56147
0.40644 1.76147 0.87337
0.21321 1.98177 -1.14898
-0.55928 1.8808 -1.74239
-0.62513 2.46454 -1.03687
-1.46577 0.46049 0.07267
-1.92532 0.97098 0.54521
0.85159 1.90461 1.16942
0.69405 0.96446 0.40605
1.27811 0.4039 0.763
1.23693 0.29492 -0.34989
-0.01333 -1.00225 -0.20025
0.4116 -2.35307 -0.96487
0.57942 -2.54211 0.47896
0.88554 -1.86624 1.07205
1.64988 -1.15447 0.03822
-1.00178 0.40095 -2.03559
-1.12664 1.24831 -1.88507
-1.97489 1.25504 -0.894
-1.57782 1.36165 -2.79981
-1.66397 1.7912 -1.13739
0.19689 1.45157 -0.61152
0.49733 1.63615 -1.99764
-0.18213 -0.8102 -1.87789
2.63835 -0.99046 -0.60449
1.58114 -0.8138 -0.48036
1.93063 -2.79853 1.39434
0.06088 -2.93749 1.90124
1.79699 -4.04508 0.81065
2.17027 -2.60757 0.72983
1.1425 -3.72331 0.95046
0.49415 -2.78117 1.57496
1.23408 -0.0445 3.21518
0.01746 0.85118 3.05285
-0.95167 0.03405 5.45817
0.10215 1.15383 4.81348
-0.89614 2.42358 4.5742
1.62488 5.17736 3.14557
1.5591 3.74735 3.36922
-0.41303 3.0196 3.55764
-0.76191 4.79722 2.32752
-1.86659 4.19537 0.64595
-1.24893 3.60705 1.55261
-1.70472 4.25408 -0.12759
0.70248 3.98898 -1.77092
-0.61092 2.54205 -2.55983
-1.16501 1.46093 -1.96385
1.06651 1.55482 -1.25934
0.277 0.27114 0.57157
0.42111 1.12498 -1.49624
-0.17396 -0.40083 -0.39068
1.50468 1.05874 0.67595
2.56874 0.39142 0.03308
1.76861 -0.29244 0.5504
0.54351 0.07911 0.38068
0.37233 0.18458 2.10367
-1.09002 1.54469 4.23763
0.85739 1.76268 2.00634
-0.0907 2.84432 1.47391
-1.34002 3.08275 -0.32802
-0.38163 2.51506 -0.66184
1.60813 1.97448 0.78842
-1.37902 2.19438 0.78378
-0.58702 3.12782 1.06218
-0.27423 3.41299 -1.27292
0.29778 1.47241 -1.24387
1.3073 2.7462 0.08983
-0.60123 0.53251 -0.6534
-2.25103 1.55929 -0.94938
-1.01118 1.4735 -2.39334
-0.29305 1.0068 -1.05381
-1.12178 1.23285 0.62864
0.46877 1.16157 1.33191
0.53791 -0.98725 1.15628
-1.97196 -1.9847 -0.2362
-0.75136 -1.93517 -0.15578
-0.87039 -0.30526 0.73134
-0.11286 0.89536 1.59733
-0.16214 -0.2082 2.38626
-0.42898 -0.79905 1.55035
-0.29728 0.80624 0.50915
-1.27462 3.08 2.47864
-0.05241 2.15718 3.10936
0.52138 3.57669 2.9458
-1.90934 3.21304 0.20874
-0.65853 1.80386 -0.10515
-0.64273 2.44146 0.07409
-0.90625 2.53781 -0.02271
0.83894 1.85655 -0.79681
0.52323 2.4512 -2.1502
1.25643 0.92977 -2.02413
0.03861 0.72434 -3.46546
1.58485 0.82184 -2.39496
2.77372 -1.73283 -0.73497
1.29447 -1.21642 -1.3122
0.78148 -0.07675 -0.06235
-0.09478 -1.77786 -1.92716
-2.57946 -2.03193 -0.8885
-1.25461 -1.15048 0.40565
-0.54484 0.32215 -0.20459
-2.76656 1.35824 -0.67562
0.09719 0.70396 -1.52885
2.33189 -0.28662 -2.89948
2.32387 -0.76096 -1.99944
1.45346 -2.18058 -0.46072
1.11086 -0.21994 -0.74099
-1.49151 0.4837 -2.35975
-0.40717 -0.34757 -3.57823
-0.88019 -0.7262 -2.24052
0.74873 0.38224 -2.26732
1.95219 1.27782 -2.91113
-0.63129 -0.37248 -2.34168
0.2808 -2.27768 -0.51725
-1.04234 -1.75151 -0.08934
-1.9083 -1.81985 -0.33067
-0.42443 -3.63277 -0.24736
0.01071 -4.70451 -0.96443
-0.11652 -3.98213 -0.99555
-0.59359 -4.27436 -1.34336
-0.203 -2.45734 -3.61656
-0.58221 -0.69018 -2.98733
-0.88708 -1.36038 -2.05209
0.95013 -2.27459 -0.01243
0.79867 -3.05208 -0.90997
0.47274 -4.62645 -0.23912
-1.11446 -3.88399 -0.47065
-0.43763 -4.83799 0.03219
-0.37543 -4.84703 1.29592
-0.00358 -4.82756 -1.25107
0.80747 -3.08833 -1.88259
