2.27193 0.81023 -0.09093
1.97316 0.58935 -1.42809
-0.22227 0.87651 -1.25983
-1.21309 0.40249 0.6786
1.83212 -0.95291 0.48155
-1.51131 -0.96842 2.07728
-0.68166 -1.92798 0.35925
0.85851 -0.85471 -0.61102
-0.08499 0.05968 -0.15444
-0.14457 1.12192 -1.56834
-0.74823 1.03762 -1.31072
0.71595 0.93852 0.63109
0.62779 -0.2446 -0.38529
0.07517 0.22598 0.20776
2.22081 0.05662 -0.05125
0.03456 0.88114 0.32662
-0.98226 1.06356 1.46318
1.75156 1.37916 2.51675
1.1085 2.18078 1.35729
-0.51866 1.8789 1.21454
-0.1941 -0.09762 0.26409
-0.91642 -0.76372 0.24638
0.06397 -0.13076 0.6111
0.84399 -0.26959 -0.08816
1.39586 -0.8943 -1.11977
0.6677 0.73927 0.48291
0.17362 1.21393 -0.16234
0.35615 1.08798 2.19551
0.19018 -0.34543 -0.57215
0.49018 -0.19163 -1.02636
-1.17971 -0.56302 -1.41087
0.31106 1.47282 1.33191
0.27559 1.21345 -0.72514
-0.31109 -0.06407 -0.22574
-1.5893 0.18032 0.13573
1.06366 -0.44475 1.53239
0.88728 0.93571 2.19308
-0.06985 0.34818 1.39469
-1.71957 0.36799 0.02036
-0.43383 -0.0831 -0.25783
1.73931 -0.34052 1.27949
1.52606 0.88969 1.64392
1.98317 0.21232 1.69815
-0.54273 0.92369 0.86436
0.565 0.84754 -0.32808
-2.72648 -0.57689 0.59029
-0.81368 -0.97128 0.3582
0.05404 -1.264 0.38208
-0.92108 -2.21143 0.1846
0.82866 -2.23705 -2.45254
-0.58608 -0.30134 0.23916
1.80684 0.47646 -0.29263
0.21886 0.66838 0.40022
0.36516 -0.69797 -0.9123
-0.88522 -1.55573 -0.47342
-1.84175 -3.08985 -0.3851
-1.76848 -0.01481 0.05851
0.31074 0.06416 -1.78838
-1.07395 0.39524 1.42181
-1.10289 0.62735 -0.41046
0.84267 -1.25869 -0.03957
0.51056 -1.18192 -1.17
-1.00886 0.19688 -1.40675
-0.45445 -0.11557 -1.34174
-1.45667 -1.2521 0.81084
-0.09483 0.86579 -0.09734
-0.36723 -0.46272 0.9845
0.45355 0.17567 0.38841
-0.79428 -0.55664 -0.72084
0.9461 -1.84811 1.03847
0.56376 -2.78181 0.32089
0.94077 -4.98291 0.79252
-0.44197 -4.26537 -1.05955
-0.15919 -3.84481 1.06293
0.71997 -2.73728 -0.33195
0.20609 -3.54127 1.06125
0.67711 -4.47046 -0.68614
-1.96588 -5.46372 0.04597
1.60609 -5.25772 -0.66589
-0.5864 -4.75024 -1.36816
-1.15764 -4.12986 -2.14853
-0.81138 -1.99128 -1.31916
-1.13791 -1.31108 -2.44031
-0.64896 -0.46327 -1.7471
-1.67754 -1.63102 -0.34315
-1.94051 -2.10911 -0.1542
-0.05843 -2.03005 -1.03353
-1.04995 -1.84501 -1.09821
-0.65482 -2.91038 -2.16822
0.06652 -1.73632 -1.43795
1.2488 0.16937 -1.16412
0.22458 1.29902 -3.06744
-2.67156 1.29153 -3.04753
-1.00361 2.20029 -1.21939
-0.37256 1.14616 0.25958
0.40221 -0.3381 1.95832
-0.07202 -1.30027 1.61617
-0.61124 -1.19633 3.28659
0.96159 -0.19233 1.08226
-0.18655 -0.41738 0.76667
0.67893 0.3879 0.17865
1.22854 0.60996 0.20972
-1.55645 -0.2779 0.71981
1.24962 0.22275 0.12464
0.86577 -1.57008 -1.39696
-0.2434 -2.38434 0.5361
-0.33869 -1.7838 -0.92183
-0.1896 -1.36507 0.87388
0.15806 -1.01096 1.53728
0.66656 -1.37293 -0.37433
0.52925 -2.03502 -0.17184
-0.65135 -2.25075 -2.04332
-0.45362 -2.90125 -0.88851
-0.9098 -1.08405 -1.60357
-0.85115 -0.78872 -1.90541
-2.253 -0.41466 -2.74538
-1.53853 0.18085 -3.27807
-3.21818 -0.23677 -1.34885
-0.97939 0.17533 -0.71463
-0.58777 -0.89081 -0.57721
1.73087 -0.56696 -0.81474
-1.14651 -0.29095 -2.28875
-2.32793 -0.27847 -1.52903
-1.53473 -0.27632 -1.60695
-0.79332 -1.04879 0.29223
0.70335 -0.0734 -0.23873
-0.82902 -0.07603 -1.35739
-1.9991 -0.52643 -2.02394
0.03279 -2.95342 1.08653
-0.69073 -2.90135 0.44827
1.41261 -2.1636 1.96893
1.51953 0.26904 -0.13725
1.25982 -0.12308 -2.41314
-0.22639 0.94575 -1.49837
0.18287 -0.09501 -0.64798
1.01309 1.95359 -1.20979
-1.02235 1.52913 -0.37077
-2.39411 0.42277 -0.13063
-2.97781 2.63647 -0.14295
-0.75039 1.63276 0.85643
-0.6087 -0.25898 0.90321
0.58864 0.40892 -2.61606
-1.67549 0.05821 -0.38173
-0.5151 0.0281 -0.85324
-0.10008 1.59748 1.24781
0.30693 0.51074 0.61095
-0.80454 -0.63974 -1.1603
-0.51765 -1.00883 0.16348
0.84724 0.03867 0.69847
0.34355 0.9667 1.72226
