-1.81528 -4.96747 0.75715
-3.00513 -5.01272 0.13342
-3.67145 -6.06028 1.48872
-4.37836 -6.22127 -0.0886
-2.91972 -5.35551 -0.59524
-4.66164 -5.24938 -1.2643
-5.20708 -7.32148 -1.20399
-3.76927 -9.61956 -1.01688
-3.38424 -9.68633 -1.37825
-3.59026 -7.77559 -1.76177
-4.24576 -7.21989 -0.88984
-4.28557 -8.54097 -1.56727
-3.82763 -8.98467 -2.16055
-4.6046 -8.99203 -0.97656
-6.22893 -8.55908 -1.54129
-5.68777 -8.74052 -1.86248
-3.68465 -7.93943 0.36327
-7.37419 -8.47632 -0.98032
-6.58122 -8.37141 -0.71143
-6.02792 -8.37474 -0.78636
-4.15529 -4.88634 -0.35251
-5.6462 -4.50907 0.05364
-4.8225 -6.34677 -0.11946
-4.3771 -5.87239 -1.15204
-5.02749 -5.96679 -2.17791
-4.51852 -7.25221 -1.03407
-5.70048 -6.91139 -0.54747
-3.17135 -6.77409 -0.6768
-5.13952 -6.26795 1.48107
-3.51041 -7.57689 0.25146
-2.23737 -5.62044 -0.93181
-2.5325 -5.00756 -1.15002
-3.069 -7.24581 -1.25546
-3.46363 -7.27176 -0.84655
-3.3894 -6.07246 -0.15192
-5.54282 -8.25892 -0.3577
-4.47702 -7.61192 -0.53909
-3.08124 -7.51086 -2.15423
-3.46546 -7.33083 -0.50492
-4.85993 -7.67717 -1.21285
-5.77604 -6.46355 -1.50691
-4.93242 -8.56296 0.23051
-3.35634 -8.22113 -0.0009
-3.49365 -5.35742 0.91318
-4.00574 -3.72961 1.26816
-3.43623 -1.76935 0.26894
-2.149 -1.02397 1.56461
-1.71442 -1.51933 -0.28087
-1.21012 -1.72553 -0.27791
-2.70324 -1.00802 -0.32546
-3.47324 -2.74237 0.31513
-1.46101 -1.46673 0.17794
-4.41596 -1.2901 -0.80254
-2.49038 -2.96716 -0.26316
-1.92713 -1.39394 0.35578
-1.01416 -2.07942 -0.69535
-1.50934 -1.28967 -0.05593
-0.33935 0.14139 -1.17641
-0.94119 -1.03322 -0.00613
-0.43293 -1.29028 1.42371
0.36734 -0.7425 1.29932
0.32902 -0.10107 1.14794
0.48057 0.52614 0.33203
1.31692 3.64518 1.48914
2.88836 2.52625 2.48681
2.64436 2.66925 1.02145
2.75019 4.18497 0.90432
1.27943 5.10039 0.56408
2.39654 6.4946 1.03323
4.01078 5.38023 -0.02709
3.33614 4.96932 -2.10786
3.60813 5.34446 -0.80275
3.65985 2.75456 -0.84792
2.75955 2.4039 1.24953
1.82022 3.47695 1.46682
1.61639 1.09058 0.19861
0.33924 1.74958 -0.00786
-0.51578 0.47489 -0.20284
0.05162 -1.16206 0.12096
1.48774 0.41164 0.2084
0.07819 1.53553 0.3653
1.25356 -0.94521 0.04933
-0.89355 0.43725 0.4111
-0.96906 -0.60403 0.63348
-0.72808 -0.83341 -1.72511
-2.22974 -0.38404 1.27699
-0.94229 -1.52429 0.38876
-1.49224 -0.24789 1.24686
-1.35481 0.36579 0.87881
0.64814 2.67989 1.41769
0.77881 4.57229 0.78414
1.48594 3.16239 0.28746
3.17901 2.75332 0.8516
2.79989 3.09931 0.15034
2.68851 4.84041 0.53238
1.59485 3.9172 -1.35808
0.95358 2.32092 -0.64563
2.67883 2.07929 -0.59708
1.41233 3.65601 0.03143
1.92325 4.37894 0.08454
0.69276 3.32985 1.52371
0.29553 1.8788 0.36016
-0.46875 2.61586 0.02484
-0.18654 2.39627 -0.69783
1.18075 4.0973 0.33647
1.28336 3.86872 -0.58761
2.7963 3.18521 0.25053
2.33773 3.43192 -0.46134
2.29181 4.66596 0.79028
2.43811 4.92603 0.07377
3.04735 4.13463 -1.40923
3.93206 4.46555 -1.38102
2.31546 3.23565 0.06894
3.32579 3.58369 0.48845
1.84147 4.39247 1.15972
3.77426 3.64567 1.07499
1.74124 3.59159 -0.02246
2.91321 3.58816 -1.88413
2.99775 4.44484 -1.90053
0.82598 2.02261 -1.99709
1.38623 1.42613 0.98148
-0.72969 0.95556 0.88957
-0.33737 0.39041 0.8988
1.31841 1.52806 1.02091
1.51246 1.36799 0.14326
1.93005 1.03615 0.59827
2.04753 0.53376 0.08479
2.11931 -0.12729 0.74499
2.47329 -0.8377 -0.14672
1.78699 0.50358 0.86051
1.02264 0.63299 0.052
0.06904 0.82655 -0.16482
0.55978 0.36887 0.58113
2.86684 2.37121 0.04811
2.54051 2.70321 1.44602
1.96725 2.8522 -0.56764
2.73717 2.2827 -1.4143
0.87732 2.68624 -0.51298
1.20319 1.40443 0.01622
1.73884 1.49837 -0.75077
1.27049 2.16896 -1.97498
2.58558 2.23577 -0.01524
3.85365 0.89108 -0.16218
2.46532 3.03802 0.97846
2.46532 4.04411 0.1461
1.43715 3.83493 -0.01488
3.25512 3.85211 0.35574
2.3999 3.38563 0.89807
3.16584 3.10953 0.26111
4.71586 2.07017 2.08458
