0.03657 0.79996 -0.80143
-1.02879 1.14636 -1.48187
-0.26228 0.21011 -1.48913
1.29871 -0.45518 -1.33551
0.13567 -1.85376 -1.84475
1.27157 -2.86847 -1.64633
0.04312 -4.11752 -1.13449
-0.37048 -3.92289 -0.77628
-0.85768 -4.81016 -1.01678
0.74368 -4.93426 -1.2424
-1.59205 -5.83376 -1.1262
-2.09425 -5.26476 -1.51555
0.61511 -4.61838 -1.51873
1.08429 -6.0175 -0.38518
1.75617 -4.5353 -0.94614
-0.91187 -5.96674 -1.96905
0.52501 -5.8638 -2.53658
0.27006 -5.97616 -0.63362
-0.26852 -5.26114 1.62154
-2.19484 -5.14043 -1.82947
-0.28474 -7.79492 -1.52823
0.377 -9.71966 -0.17987
-0.63711 -8.87298 1.30829
1.24571 -10.17261 1.89027
0.70214 -9.8253 2.35672
2.01215 -8.62602 2.45574
0.02204 -6.94489 2.24339
-0.343 -5.41419 1.6244
-0.22508 -5.7271 1.97095
1.76734 -3.86513 2.38098
1.34201 -2.88664 1.81904
-1.15365 -2.10329 2.48229
0.9306 -1.48576 1.7166
0.48809 -0.64492 2.68751
1.17225 0.42718 1.62024
0.80422 2.08417 1.13721
-1.02075 2.75362 2.79719
-1.49747 2.88842 1.42189
0.60061 2.20639 0.72578
-0.65131 2.09841 -0.45583
-0.96123 2.42161 -1.47064
1.49542 2.70294 -2.27475
0.53761 2.87526 -1.70624
-1.60056 3.59638 -1.67552
-0.16351 2.32278 -2.20479
0.791 1.29794 -2.16129
-0.58392 1.05548 -2.42834
0.97647 0.41486 -1.62404
0.48064 0.18907 -1.62389
0.69218 0.54176 0.03309
1.27618 1.75401 -0.54494
0.92526 1.8743 0.43016
1.83409 3.49371 -0.00182
-1.43238 4.4759 -0.67402
-0.26047 4.38032 0.10067
-0.62745 3.77969 0.30638
-0.35015 3.96236 1.56166
0.48557 3.34088 1.68732
1.67809 4.25339 0.8294
0.58755 4.57367 -0.94554
0.75814 3.57223 -0.843
-0.87316 1.89825 -1.05716
0.59709 1.13983 -0.69229
-1.99686 2.52373 -0.63248
-0.35003 3.9018 -0.60126
0.64572 2.74084 -2.60106
2.14008 2.74616 -1.66798
-0.18085 0.50672 -3.07376
-0.84194 -0.92687 -2.29629
-1.51084 -0.99452 -1.89176
0.47629 -0.54877 -3.52781
-0.57537 -0.802 -2.3122
0.10662 -2.89236 -2.51159
1.34151 -3.41839 -1.00489
-2.01411 -4.55934 -0.57696
-0.13599 -5.51884 -0.57737
-0.81355 -7.7981 0.06402
0.47421 -8.09743 0.99284
0.2349 -8.09704 2.09272
-2.79077 -7.19793 3.35032
-0.69666 -7.49126 4.48819
0.00338 -7.43932 4.55486
0.85979 -6.08138 3.47295
0.62381 -4.3032 -0.31362
0.90904 -1.49629 -0.8232
-0.31398 -1.17437 1.74767
0.43933 0.82659 1.60221
-0.00254 1.46822 0.89632
-0.24009 3.31532 1.359
1.44031 2.3534 2.02117
1.30102 1.76209 1.16256
-0.08685 1.91586 1.94591
-0.32373 1.00791 1.1313
0.39631 1.25531 2.29931
-0.00838 1.64214 1.94146
1.0272 -0.10694 3.29172
0.68529 0.4675 1.08676
1.28395 -0.14479 0.10171
1.05226 0.32818 -0.17361
0.88197 1.71018 -0.86576
0.05213 2.97921 0.09563
1.17391 3.31147 0.32776
-0.47486 3.12491 1.73973
0.32128 2.29186 1.38138
-0.32794 0.36858 0.86072
0.18052 0.33199 -0.63693
-0.52491 -1.10045 -0.40474
-0.96516 0.43002 2.14443
-0.20511 0.53595 2.47664
0.40187 1.84867 2.03326
0.53136 1.6369 0.45077
-0.15964 1.99365 0.68061
-0.30414 1.74101 -0.11986
-0.22771 0.79789 0.54947
1.25651 1.9051 0.60912
0.02617 0.37283 2.51128
-1.22766 1.74163 2.53296
-0.11385 1.82711 1.39459
1.21574 3.2541 0.66558
-0.60168 4.269 0.7774
0.1416 4.39327 -0.03486
0.12836 2.37505 -0.60265
-1.18677 1.38429 -0.88527
0.53365 1.94503 -2.77643
0.36135 1.54861 -3.92854
0.20374 0.10369 -3.91649
0.49237 0.10513 -3.45021
0.60405 -1.41543 -3.09635
-0.62778 -2.27048 -2.04265
-1.24455 -3.15907 -1.99923
-0.25037 -1.70907 -1.34171
-2.12077 -1.35476 -0.62379
0.92532 -0.38114 -1.72255
-1.79987 -1.09778 -1.52655
-0.68577 -0.78849 -2.14713
0.47158 -3.01242 -1.66811
-1.61953 -2.85207 -0.87989
-0.39826 -4.78131 0.3427
2.55549 -4.53456 0.26145
-0.63972 -4.98214 -1.72741
0.67229 -6.22541 -1.80773
0.80395 -7.17124 -0.09775
-0.46138 -5.82368 1.10157
0.58243 -5.53459 1.34438
-2.41807 -4.091 0.97051
-0.37166 -2.60811 2.18232
-0.02139 -1.33075 1.70039
-0.06898 -1.12505 3.36949
-0.5491 -0.51741 1.99637
-1.94309 -0.5609 -0.11469
