0.65362 -2.50901 1.8172
1.06619 -3.24995 0.25118
0.7195 -1.69972 -1.02699
1.18469 -0.72675 0.60189
-0.62254 -1.1229 0.0254
-1.13108 0.20946 -1.14488
-0.09626 -0.55338 -0.63926
-0.24067 1.13479 0.20488
-0.23026 0.83438 -0.33474
-0.09603 -0.26731 0.95914
-0.6392 -0.91499 -0.5857
1.04407 -0.20365 -0.61721
3.56689 -0.34267 0.18096
-0.4617 -0.40172 0.03652
-1.58592 1.66472 1.92202
0.51115 1.94567 0.40314
-1.82713 1.98169 -0.65571
-1.11954 -0.39703 0.71647
0.68491 0.78163 0.01266
0.80702 1.31835 -0.04465
0.19573 1.5048 -0.06357
0.71333 2.21311 -0.4671
0.56255 1.72435 0.45151
-0.5807 1.35219 0.20243
1.11621 -0.34173 0.83162
1.2317 -2.27133 0.78804
2.45024 -0.02866 0.42233
0.17061 -0.3012 1.4363
-0.02361 -0.09324 -0.35983
-0.75201 2.16448 -0.22245
0.79384 0.1164 0.05818
1.24316 -0.43799 -0.3466
-0.58882 0.3768 1.69582
1.38504 0.84679 0.42278
0.62811 0.09261 -0.38592
-0.45019 -0.10509 -1.47045
1.39884 0.18904 0.19967
-0.17627 0.76419 -0.04474
-0.04163 -0.55231 -0.27275
2.59698 1.19457 -0.94959
0.76974 -0.47593 0.07719
-2.5071 0.25936 0.61948
0.09432 1.49922 0.25385
-0.18589 1.30013 -0.14786
-3.00926 0.37109 1.37302
-0.75726 1.22185 0.67307
1.44326 1.10344 -0.97339
1.92584 -0.33693 0.02356
0.91066 1.43236 -0.93739
-0.95894 0.7478 0.19072
2.05491 0.73385 -0.3705
0.44475 0.32012 0.24661
2.22843 1.18789 0.51946
0.88596 0.0721 0.62216
-0.49212 1.19922 0.32391
-0.90631 0.09612 1.29485
0.83787 0.18324 0.45004
1.6018 0.97246 -1.0128
0.4696 -0.51065 -0.63901
0.73098 -0.3377 1.76049
0.44128 -1.08723 -0.45809
0.33413 0.15358 2.51479
0.76639 0.80842 0.12197
-0.64312 1.47335 0.40985
1.1267 2.40992 0.00134
0.36367 0.68726 0.173
0.2619 0.24667 0.82184
-2.89765 -0.91808 0.45668
0.25859 -0.71979 0.2635
0.92722 -0.86475 -0.09913
-0.37857 -0.63347 0.55995
-1.01013 0.82257 0.34749
0.50361 0.99203 2.21586
-1.79462 0.35814 -0.94876
-0.11754 0.66117 -0.36263
0.27164 -0.37621 -0.69362
-0.03676 -2.06265 -0.88696
0.40262 -2.78244 0.00758
0.75103 0.48647 0.88961
-1.09213 1.10388 1.7591
-0.71319 2.79512 0.5769
-0.3492 2.20703 -0.64512
1.56882 0.47027 0.41961
-0.39712 1.11639 1.27698
-0.55569 -0.63573 1.53158
0.41567 -0.56326 -0.87227
-0.05207 -0.96603 -0.42113
1.68304 -0.41712 -0.24361
1.00291 -1.88762 1.93665
-0.26668 -0.90234 0.2594
0.21332 -0.19889 0.68093
0.38141 -0.96281 -1.70149
-1.16142 -1.45659 -0.00752
-0.15019 -1.45566 1.65123
-0.05204 -0.8504 -0.70047
-0.96866 -0.43016 -1.72234
1.41596 0.28726 0.35103
0.5804 -2.16803 -0.80185
0.52378 -1.58358 -0.48898
1.54633 -1.08019 0.74057
1.66443 0.54489 0.89778
-0.55604 -0.02216 0.13416
0.09183 0.57631 0.63721
0.38162 1.44277 -0.82219
0.67178 -0.79745 0.06215
0.222 1.51812 0.80324
-1.26489 0.80699 1.01448
-0.97292 0.49608 -1.59623
0.93847 -0.52691 0.1225
2.93069 -1.08167 1.20247
0.7145 -2.70555 -1.25382
1.54823 1.40002 -0.62209
-0.87024 0.98621 -0.70818
-0.1915 0.55122 -0.48368
0.91713 1.49538 0.81021
-1.11773 0.84535 0.68376
-0.98653 0.4725 -0.44659
-1.02391 0.53983 -0.14742
-1.20686 -0.42482 -0.32225
-0.52076 -0.53494 -0.77526
0.06987 -1.24192 0.22657
0.64955 0.27743 0.025
-0.23306 -1.8926 0.52994
-1.66609 0.10789 -0.78357
0.94285 0.37251 -0.05086
0.32696 -0.04682 0.4715
-0.26873 0.69708 0.37734
-2.03142 1.63666 0.96694
-0.48588 1.06696 0.11424
-0.01082 -0.13777 1.04724
0.71874 -0.53227 -0.79818
0.29238 -1.25889 -0.21895
-0.12151 -2.40275 0.23161
-0.04343 0.93841 -0.06345
-1.23736 0.93278 -0.26414
0.65714 0.18062 1.24798
0.4654 0.58971 -0.79201
0.77012 -0.24162 1.16966
0.78075 0.08959 -0.60267
-0.4111 -0.43957 -1.44679
0.46419 0.36212 -1.16304
-1.10928 -0.70121 -0.4274
-1.36857 1.76861 -0.47342
0.04091 1.59188 -0.41826
0.5816 -1.03969 -0.08395
-1.31935 -2.35736 0.67701
0.41422 0.75216 -0.22458
-0.74931 0.16303 -1.90845
-1.56585 1.19756 1.19255
-0.25334 -0.99239 0.56274
