-1.67632 -1.33424 1.29941
-0.06764 -0.4579 1.54999
1.48176 0.36607 1.34532
-0.32518 -0.1858 1.65919
0.43929 0.52862 1.09362
0.0203 1.39161 0.30939
1.13953 -0.60609 0.75053
-1.07131 0.0731 2.69233
-0.65036 0.04032 2.71086
-1.33183 -0.36175 2.99986
-0.232 -0.18773 5.22098
-1.23192 -0.51606 5.3785
-0.36552 0.69406 2.67574
-0.65847 -1.41485 1.5686
0.86312 1.18464 1.67014
0.57994 0.42563 -0.37111
1.87971 -0.19782 -2.3774
-1.11951 -1.22448 -2.17631
-0.22203 -0.20861 -1.0678
1.00236 0.01984 -2.53595
-0.70681 0.45247 -1.50278
-1.61074 1.73794 -1.16923
-1.56079 -0.40166 -2.08298
1.20492 0.16962 -0.66949
-1.44758 0.22555 -0.47088
-1.90137 -0.47046 -0.34073
0.82049 0.60786 -1.73571
-0.53739 -0.31983 -1.29457
-0.68593 0.96052 0.12202
-1.37949 -0.44911 -1.15142
-0.70778 -0.04087 -1.75854
2.42726 0.50755 -2.76535
-1.39445 1.1864 -1.15215
-1.24783 0.52375 -2.44235
1.0501 -0.3878 -1.25459
-2.23346 0.86323 -0.44155
-1.21175 0.91182 0.31003
-0.85057 -1.8466 0.07886
1.16698 -1.09416 -0.35586
-0.76537 0.52775 -2.05747
-0.97076 -0.02537 -1.43211
-1.26153 0.54047 -1.34281
-1.21192 -1.57454 0.10658
0.65696 -0.68046 -0.09691
-0.64099 -3.07113 0.15763
-0.31941 -0.95555 -2.33008
-0.32211 -0.04396 -2.39477
-0.25716 0.10735 -0.81781
-0.1427 0.0284 -0.2917
1.09899 0.43071 0.53532
0.03459 0.19235 -0.50031
-1.76967 -0.31181 -0.44079
-1.24795 -0.98473 -1.17509
0.73382 0.55617 -1.58575
-1.50187 -0.56368 0.76292
1.31212 0.0563 2.10528
0.59549 0.51714 3.04596
1.50832 -1.3552 1.83195
-0.68477 -0.70439 1.96962
-0.75861 1.73299 1.88318
-0.08391 0.92326 2.35021
1.32272 1.54449 1.81479
1.84498 0.64114 0.51634
0.13878 2.62437 0.28779
1.59648 2.05222 -0.7783
2.11525 0.86075 -1.21987
0.91478 -0.52128 -0.43267
2.30517 0.40185 -2.77788
-1.28051 0.74264 -3.20869
-0.50707 -1.30387 -2.46034
0.7617 0.19358 -4.54956
-0.25391 -0.47696 -5.68413
-0.71284 0.65626 -4.65049
-0.68867 -1.49092 -3.38145
0.64141 -0.60318 -3.27293
-0.66336 1.28194 -3.98571
-1.12655 0.46025 -4.91417
-2.61089 -0.46739 -4.25768
0.96753 -1.25573 -1.91188
0.84041 -1.48441 -1.92109
-1.63196 -1.52148 -0.4413
-0.42824 0.51192 -0.62841
-1.23226 -1.09582 -0.21912
-0.04361 -2.32718 0.32626
-0.7469 -0.99861 0.69807
-1.35806 -0.83807 -0.40595
0.67583 1.476 -0.56116
-0.70205 0.97911 0.25477
1.29542 -0.31254 0.4492
0.49157 -0.08045 0.836
0.88947 1.50571 0.91499
-0.39221 0.63673 0.36914
0.3058 -0.67792 1.67205
-0.3054 -0.63565 5.26647
0.89797 0.74887 5.60575
-1.05253 -0.52995 5.11664
0.41605 -0.32852 5.42312
-1.06446 -0.28463 4.2647
1.90055 0.68448 2.17723
-0.20667 -0.03204 1.60227
1.55639 0.49805 3.18423
1.91191 -0.62487 2.24547
2.15528 0.22681 1.99783
0.29995 1.29844 1.56622
0.50781 0.46835 1.07505
1.97399 1.4243 0.38648
-0.21298 -1.6824 2.53652
1.34852 -0.99872 0.57101
0.33704 0.84923 1.76588
0.16642 1.40204 1.93723
-1.15999 0.40804 0.53306
0.1638 0.68971 1.34347
1.44398 -0.59185 0.47072
-1.01866 0.47625 2.28839
0.93594 0.46292 1.58617
-1.33738 0.82178 2.63956
2.68612 1.27776 2.45001
-0.74504 1.00504 3.32883
1.11677 0.35814 4.90071
-0.75736 1.4263 5.16367
-0.14962 0.67033 3.08965
1.29367 1.38465 3.69778
-0.02523 -0.86682 3.93799
0.86567 1.50358 3.88399
-0.60878 0.34703 4.35297
2.81099 1.35594 4.9814
-0.49912 -0.89499 3.58468
0.98941 1.45198 1.25816
-0.21879 0.31562 0.44427
2.04373 0.52781 0.11964
2.95476 0.75348 0.86516
-0.74223 0.38817 0.43591
-0.21521 0.35421 -0.07323
2.38765 1.10157 0.506
-0.69008 -0.56968 1.16899
-0.17386 -0.00793 0.15832
0.63797 -1.56828 0.42887
-0.72167 0.36883 -0.15193
0.24737 -2.09983 0.11771
1.40986 -2.03307 0.243
-1.84983 -0.53955 0.90622
-0.16729 0.35294 -0.51967
0.74183 0.89722 -0.92884
2.01573 0.60994 0.21086
0.34722 -1.09875 0.5665
0.2419 0.92475 1.99587
-0.04558 0.19261 1.87414
-0.18073 -0.06488 2.7143
0.83934 -0.29517 2.0952
1.21991 -0.01078 1.50181
