-0.30762 -0.34226 -2.04222
-0.00569 -0.74175 -0.96439
-0.39555 -1.68492 0.87188
-2.96924 -0.71359 0.18909
-2.69674 0.39829 -0.22841
-3.97975 0.23129 -0.49372
-4.17403 0.16825 -1.19342
-3.50519 0.08273 -2.61128
-4.15935 0.28879 -2.93356
-3.81458 -1.65408 -2.52644
-1.63895 -2.29389 -1.95402
-3.00892 -1.02552 -1.26908
-3.96618 -0.12455 -3.09638
-3.2145 3.08738 -2.58966
-3.54118 0.62927 -3.61585
-4.11296 0.75476 -4.22757
-3.74929 1.10547 -2.63609
-3.78659 -1.18432 -1.95895
-3.26418 -0.17606 -0.75478
-1.84121 0.67756 -2.19946
-2.38172 1.72882 0.30893
-1.73897 0.55755 0.86021
1.00217 -0.09137 0.03923
-0.18138 -0.40512 1.61724
0.78073 1.81015 0.5571
0.93012 0.62865 0.16779
1.69337 1.88553 -0.77127
2.41277 1.45862 -0.8094
1.47729 1.04396 1.72044
2.84116 1.17096 1.0341
3.23876 -0.35511 0.29826
3.47003 1.24932 2.30367
3.58846 -0.54169 1.50542
5.33387 0.07381 0.72126
5.69913 -0.5317 2.38941
4.11085 0.13148 1.79594
3.95276 0.03205 2.09853
3.72836 0.99978 1.40516
4.47602 0.35012 -0.1805
2.41574 -1.32495 1.12193
2.63048 0.18033 -0.18245
3.2529 2.59912 1.88242
3.81868 1.7413 4.07511
2.31117 2.44221 1.17279
2.39091 1.08875 0.69794
1.68569 1.2574 0.8779
0.83431 -0.44504 1.00036
1.22496 0.54159 1.17053
2.56337 -0.74741 2.46073
1.42528 1.53724 0.71734
1.87021 -0.07612 2.93662
2.11323 1.59065 3.39455
2.66727 0.29596 2.28503
1.04398 0.44342 1.6094
0.82708 1.14253 -0.61025
-0.09805 -0.62444 -1.68545
-0.69336 0.07907 0.13649
-0.71013 1.27272 -0.12293
1.35825 0.53226 -0.34526
0.67078 0.01435 0.6018
1.84239 -0.84729 1.47466
2.02309 0.35721 1.47112
2.94995 -1.00618 3.50937
4.31671 0.88758 1.53733
2.03699 2.00451 0.25427
4.25444 -0.41608 0.33662
2.36354 -2.72865 -0.38486
1.93636 -0.48964 0.57707
1.87182 -1.29147 0.72683
2.19856 0.75373 2.12971
-0.20325 -1.06199 0.02279
-0.61654 -1.00671 -0.12239
-0.62438 -2.85541 -0.78991
-0.84299 -1.30113 0.07763
0.5259 -2.68527 2.10669
1.05872 -0.30899 0.47005
2.9417 1.95675 0.25262
3.82525 1.51151 0.80216
4.62356 -0.94597 0.20292
3.94114 1.77219 0.44056
3.56837 -0.32207 1.62545
1.8959 -0.40643 2.77599
1.69091 -1.27822 2.73007
-1.07462 -1.84814 1.54694
-2.01964 -0.24789 -1.49534
-0.59939 0.89619 0.46309
-0.509 1.60789 0.09332
0.61457 -0.25194 -0.56471
-0.60961 1.01011 -0.9759
0.82103 0.87657 -2.72463
1.32659 -0.87194 -0.66023
3.28318 0.32592 -0.2759
2.40656 0.52381 -0.29746
2.32707 2.37866 0.78982
4.72255 -1.08197 -0.16259
3.68467 1.42072 1.31944
1.38071 1.45719 0.08973
2.40679 1.21396 1.74871
3.54254 0.27186 1.22897
3.2516 0.88153 3.10785
3.77929 1.50761 1.91614
2.83982 2.3288 1.94448
2.47291 0.19951 1.69723
3.3347 -0.97387 1.57559
3.8079 -0.758 0.09089
4.16034 0.65766 1.41699
5.59109 -0.84499 1.84936
7.06507 0.13382 1.06356
6.35255 -0.11336 2.85924
3.84799 0.57054 2.61313
4.74593 0.35898 1.38297
3.37435 -0.51473 1.26019
4.73454 0.00284 3.02652
3.41378 -1.27573 1.56128
3.65278 -0.30404 2.7562
2.06809 0.97694 2.25188
2.05443 0.80697 1.38346
2.90256 0.93465 0.69797
1.11563 1.71911 -0.66495
0.23329 0.6496 -0.22874
-0.13145 0.69606 0.648
0.06216 1.18908 1.66252
0.96454 0.56273 1.20217
2.63403 1.26213 0.97704
1.73995 1.37469 1.11918
0.85514 0.47483 1.82458
0.54861 0.73072 -1.00824
1.3481 0.27385 0.26073
1.50745 0.30918 0.63162
3.61532 -0.24387 1.90214
4.15875 -0.35944 1.26819
2.25222 -0.17151 1.471
0.92366 0.04427 1.61083
2.78855 1.50949 0.59221
2.87211 3.64042 0.03662
1.4616 1.07669 1.93619
3.55009 0.60409 2.96987
-0.76957 -0.41551 2.59295
-0.11062 -0.83468 1.62135
-0.0522 1.0346 2.86301
-1.16482 -0.54425 -0.10935
-1.40798 -2.86533 -0.04259
-0.32977 -0.63778 -0.80627
-1.24412 -0.15752 -1.99889
-1.50888 -0.10466 -0.1151
-2.67483 0.04952 -0.09725
-5.41773 -0.58866 -2.3266
-3.67467 0.19659 -2.90331
-4.14654 -0.23972 -1.13142
-3.29656 -0.29732 1.35318
