1.44202 -0.75468 -1.27103
0.81128 -2.46341 -0.55981
-0.04859 -1.83992 1.50602
-0.08492 1.14492 2.52685
1.3999 0.3807 0.56024
-0.55003 1.59698 -0.3274
-1.14571 0.95943 -0.0186
-0.22827 1.21504 0.73656
1.1278 -0.67393 1.62703
0.82039 0.19311 0.66204
-0.34008 0.47561 0.0156
-0.00729 0.14137 1.39584
1.12737 0.48503 -0.65623
-1.28757 2.14541 0.34971
-0.4332 3.35471 0.70726
0.49581 2.10442 -0.37979
0.25556 2.2067 -0.48748
0.81473 0.86287 -0.98851
0.73043 -0.57562 -0.25259
0.73932 -0.60081 -1.83252
1.78939 0.16279 -0.88827
0.16252 0.50693 -0.99296
-0.11086 1.74499 -0.95972
0.02222 1.07182 -0.79478
0.83008 2.07106 -0.61473
0.64972 -0.26514 0.17941
-0.22737 -1.10107 1.04169
1.3344 -1.16104 0.63468
1.30982 -0.48718 0.36092
1.40849 0.37481 0.44828
0.69194 1.34263 0.66612
-0.90131 0.60492 -0.45859
0.43138 1.04926 0.34949
-1.88324 -0.10577 0.57176
-1.03584 0.8839 2.14947
-1.5725 0.64203 1.52848
1.38061 -1.58716 0.39807
-1.44854 0.29733 -1.05391
-0.44785 0.79459 -2.13809
-0.83668 2.3399 0.61988
2.76204 4.82961 0.77065
1.68471 1.83197 0.74282
-1.42145 0.83819 0.1614
-0.90055 0.07924 0.48441
-1.34573 -1.58539 1.94646
0.36945 -1.10345 0.32548
-1.37169 -1.00793 0.95333
-0.14491 0.06334 0.02401
1.52413 0.60997 -1.43818
-0.48102 0.98595 -0.78064
-0.00682 2.20063 -0.01662
-2.47042 -0.25269 0.55161
-1.14978 0.35514 0.18763
-0.63365 0.65435 1.61536
0.44676 0.34714 0.67681
-0.16338 -1.94517 -0.7438
1.0414 -0.40882 -0.14712
-0.92922 0.79528 -0.38185
0.5634 0.69461 -0.87911
0.36958 0.15693 0.90561
0.76433 -2.64285 0.18015
0.71704 -3.86637 0.17792
-0.04355 0.74884 1.73327
2.712 0.28185 -1.37472
-0.26388 0.04823 -2.39897
0.11288 0.90607 -1.64375
-2.00632 0.96325 0.64087
1.13296 1.45866 2.44979
0.87454 1.65052 -0.1662
1.17518 2.21359 -1.56916
-0.88194 -1.7153 -0.81632
0.00253 -1.23099 -0.48502
-1.51054 -1.76385 1.50595
-1.91297 -1.45421 0.67296
-0.53775 -2.06973 -0.15725
0.96448 -2.65757 -0.13988
-0.95077 -1.09556 -0.91553
0.59248 -0.96932 -1.24835
-0.90476 -0.93498 -3.17125
-1.30746 1.14068 -2.22702
0.68004 0.46689 -0.65837
0.57618 -0.6619 -0.18091
0.3712 0.12721 1.91001
1.13141 -0.05442 2.27119
1.01724 -0.6314 2.39475
1.92652 2.09011 -0.11825
0.60766 0.38032 0.7792
0.93938 1.43536 1.66175
0.47313 0.46056 -0.1546
-0.43758 0.9977 -0.59071
0.56811 -0.5373 -1.33592
-0.49063 0.6624 -0.55536
3.09773 0.86775 -0.39656
0.57165 0.5572 0.89862
1.09626 0.98841 0.62152
2.21364 -0.25212 -0.33694
0.78379 0.93212 -0.10956
-0.20724 2.25821 -1.18688
-0.58651 1.31654 0.96305
-1.74911 1.58469 1.90887
-0.31268 1.586 0.62792
-1.72648 0.85815 0.86938
1.27517 1.03298 0.62869
0.58581 0.86168 1.39238
-0.60248 1.18086 0.60772
-0.69631 -0.88143 0.55837
0.38799 0.52335 1.03148
-0.21711 -0.36678 -0.08322
0.07143 -0.74059 0.61104
0.90274 0.91898 -0.90236
0.08821 0.87402 -0.08685
-0.99818 -0.3859 -0.17531
1.59092 -1.02919 0.07137
-0.74628 -0.68853 -0.70804
-0.99968 0.47788 0.5154
0.3434 -0.72778 -0.81286
0.14211 -0.7771 -0.35583
-0.38185 1.89699 -0.97885
-0.49042 0.88528 0.99021
-0.6973 -1.18163 -1.59324
-0.31955 0.21851 -0.45906
-1.10972 -0.18019 -0.84664
-0.76136 0.21786 -0.50566
-2.38001 -0.81927 -0.50475
-0.29935 -1.18533 0.62901
0.81638 -1.07739 -0.20427
-0.82951 2.24377 2.29607
0.74738 2.1036 0.87716
0.63231 0.26104 1.45205
1.03974 0.78694 -0.84796
-0.27469 1.72234 1.14747
1.52066 1.04056 1.13128
0.00476 -0.08708 3.40066
0.49263 1.47514 0.74364
0.37707 1.79878 0.58364
-0.86333 1.86552 -0.61333
0.38136 2.67289 -1.42423
-0.77478 2.16382 -0.75476
0.35474 -0.68491 1.07674
0.52565 0.04438 0.63398
0.96968 -0.87486 1.42857
0.55359 -2.33826 0.91478
-0.03481 -1.79676 -0.49495
-1.07363 -0.95417 0.60163
0.37451 0.46427 -0.10215
-1.18662 0.71107 -1.39059
-1.44622 0.80494 -0.2725
1.02714 -0.83875 -0.04432
0.55266 -1.41222 0.19506
0.01576 -0.08274 0.9678
