-0.25482 -1.52189 0.92762
-0.37741 -0.72837 0.9075
-1.07527 0.25571 0.46312
-0.7239 -1.13383 -0.91002
-2.38982 -0.32701 1.94446
-1.64007 -0.51737 0.21982
-0.63423 -0.78495 -0.50188
-0.19643 1.25862 0.39225
-0.65653 2.50798 1.52033
-1.10952 0.46992 -0.32585
-0.28839 0.96564 -0.09693
1.44264 3.34008 -1.07833
-1.46545 2.57419 -0.36719
-0.28359 3.13655 0.84986
-1.13487 0.90413 -0.25895
0.16387 1.23122 -0.0445
0.41583 0.66463 1.31822
1.88334 0.0513 -0.58231
1.11133 -1.51603 0.22635
0.69049 -2.01669 -0.91187
1.01023 0.40851 -0.07869
0.88451 0.06366 -0.73404
-0.36215 -0.00505 -0.24417
-0.96348 -0.0501 0.47358
0.07149 -0.29205 0.00104
-0.06885 -0.63921 -0.28983
-0.55261 0.40725 -1.12623
-0.09495 2.4969 0.60473
-0.55655 2.44973 0.35361
-0.16089 2.30193 0.1575
1.15053 -0.45784 1.19017
2.19058 -0.07485 0.99172
1.83736 -0.50988 0.48896
0.62101 -0.27868 0.34766
0.28079 0.57404 2.19987
1.15009 -1.70924 0.30735
1.48114 -0.99467 0.33608
0.60294 -0.07337 0.10039
-0.77299 0.36822 0.75732
0.77948 -1.10833 -0.53644
-1.01909 1.4148 -0.91033
-0.79233 2.56924 0.11275
-0.45305 2.90585 0.23446
0.15417 3.13041 -1.38642
-0.57226 3.34058 1.05095
1.30771 2.12012 0.35084
0.46277 2.17739 1.46927
1.99853 0.22531 1.44897
1.63529 1.75053 0.57592
2.9835 2.00955 0.31585
0.86707 2.39139 1.10267
-0.16865 2.14708 0.27779
0.53812 2.22538 1.33123
1.22276 3.36091 1.65641
0.92231 4.96185 0.22862
1.09503 3.4885 0.79537
1.33416 2.08719 0.27542
0.40166 1.79067 1.54059
2.30725 1.68969 -0.78367
2.69848 2.24231 -0.16345
0.38307 3.33674 1.3215
1.46254 2.60324 2.3012
-0.01339 2.20469 0.39311
-1.33043 0.8673 -0.46419
-1.5166 0.82105 -1.37743
-1.22043 2.09276 1.23086
1.12444 1.73698 -0.83235
0.76156 0.78141 -2.11944
-0.46845 1.94262 0.205
-1.6916 0.47719 0.94838
-0.64168 0.36431 1.43807
-0.52955 0.33525 1.14152
-0.60706 -0.25028 0.50832
-0.03867 -1.00174 -0.66202
1.41557 -2.22352 0.47103
-0.25771 -0.96405 2.63249
-0.40199 0.54542 2.54304
2.41302 0.69373 -0.77239
-0.193 0.27238 0.48147
-0.59884 0.79061 -0.79396
-0.65196 2.23928 -0.10155
-1.99937 0.04574 0.71213
0.25726 0.64365 1.13105
-1.21216 -0.14421 -1.48005
-0.63084 1.36917 0.82794
-0.36151 1.06452 2.12292
-0.85837 1.10085 -2.10805
0.18835 0.34016 -0.15855
-0.14462 1.00416 1.16247
0.48297 -0.57439 -0.13933
-0.88011 -1.85227 0.00827
-1.32327 -1.92707 0.31969
-1.21229 -0.51199 1.28813
-0.78138 -0.65145 -0.07645
-1.50391 -0.80858 -1.9333
-1.65808 -1.55754 -0.81463
-0.61311 -0.60227 0.62359
-1.32111 -2.19425 -0.57529
-1.25587 -3.95525 0.08407
-1.75436 -1.719 1.51197
-0.00404 -1.04036 -0.87332
-0.47265 -1.1868 -1.47876
-1.37302 1.24025 -1.92804
0.5345 1.43185 -0.11622
-0.77332 1.4863 -0.86924
-0.54712 1.77859 -0.18222
-0.98596 1.00273 -0.19621
-0.28748 1.75308 2.0067
-1.40292 3.82208 2.06412
1.73048 4.26909 -1.36076
0.73237 3.33743 -1.39239
1.47055 3.45025 0.30661
2.87738 4.97521 1.86933
2.69118 4.2135 2.43266
2.63191 3.58857 2.59908
3.24737 2.4888 0.03716
3.0367 2.26632 1.15181
4.3217 3.24588 1.73442
2.81746 3.17583 2.74764
2.14218 2.03836 0.76169
1.57611 1.35416 0.39991
2.38822 3.75152 1.63558
2.64779 3.32392 1.01798
2.45794 2.50608 2.54425
1.7148 2.19646 0.97268
0.72881 3.37632 1.43148
-0.15654 4.45201 1.81831
0.16877 4.65726 0.41042
0.66458 4.06886 0.16237
0.23854 2.78161 0.7362
2.04247 3.19392 -1.30829
1.36665 1.54574 0.53773
0.49692 0.8722 3.76711
2.8627 1.14633 1.83703
2.86508 1.51706 0.80294
4.69869 1.03425 -0.32061
0.89883 3.17296 -0.14093
-0.24988 1.71328 -0.46715
0.56418 2.03128 -1.15861
0.07126 3.25474 -0.19442
1.50267 1.96984 0.24663
1.84519 1.56587 1.26762
1.84971 1.59417 0.86937
1.00925 -0.85304 -0.10963
0.75202 -1.82376 1.87757
-0.52336 -0.64297 0.8068
0.24796 -0.11841 -0.21543
-0.36683 -0.88328 0.82906
-1.0264 0.99869 0.955
0.39812 -0.14334 0.66218
