-0.80187 -0.13521 1.07178
1.64074 -1.25895 -0.37618
-0.65449 -0.7632 0.15009
0.31985 1.04098 1.06766
0.18723 -1.08481 -0.19839
0.0842 -0.05776 -1.98694
0.77817 0.34629 -0.96311
0.38002 1.52828 1.82121
-0.27214 0.37264 1.67474
-0.46155 -0.81002 1.32236
2.44949 -0.58367 0.73541
-0.20964 2.30678 0.8256
-1.90967 -0.63359 -1.45907
-1.17973 0.50256 -0.33482
-0.80817 -0.09965 -3.22009
-0.40761 0.51434 -0.17808
0.99 -0.3971 -0.02423
-1.26957 1.04226 0.88829
-0.8044 -0.31688 -0.14151
-0.32117 -0.31092 0.9299
-0.10628 -1.54221 -0.20878
0.2984 -0.94455 -0.12934
0.48971 1.81002 -0.12222
-1.59053 -0.76461 0.05495
0.44839 -0.89047 0.24513
-1.04756 0.36485 -0.57403
-1.08699 -0.06287 0.32544
0.9325 -0.20123 -0.20563
1.14197 0.46534 -0.76218
-1.19142 0.38091 -0.12394
0.28832 1.23646 -0.77006
-0.88654 0.38 -1.38596
0.32297 0.9718 0.20376
-0.12685 0.31275 0.11375
1.23157 -1.16642 1.01044
0.20302 -0.06501 -0.92842
0.72124 -1.69967 0.42837
0.35318 -1.25865 1.14568
1.08638 0.4153 2.3178
0.16269 0.74546 0.85384
-0.19499 0.61513 0.23427
-1.08149 1.34142 1.74098
1.36268 0.14419 -1.79898
0.26125 1.66306 1.35129
-0.10181 -1.02373 0.85777
-1.53726 1.9291 -0.18851
-0.21967 -1.47535 0.24394
0.87546 -0.38507 0.29247
0.26223 0.91135 -1.45082
0.02547 -1.59132 1.61167
1.5295 -0.56526 0.771
-0.12719 0.38863 1.68495
0.51071 -0.85128 0.73588
-0.16654 -0.23217 -1.32002
-0.69731 1.40924 -0.43618
0.1032 0.06183 -1.76809
0.25253 0.55373 -0.33261
-0.77237 -1.2182 0.87812
0.18526 -0.65792 0.86238
-0.59141 0.14254 1.12736
-1.39422 -0.69663 -1.05927
-0.08222 0.93808 0.42987
-1.22913 0.51798 0.92214
1.44777 0.29357 -1.23311
-0.77916 0.43354 -0.69489
-1.77742 -0.22553 -1.94606
-1.21638 0.1102 -0.79173
0.09079 -0.65795 -0.23935
0.0886 0.00611 -0.88021
0.14137 0.12486 -1.67907
-0.46354 -0.89251 -1.20834
0.57262 -0.92087 -1.75579
-1.15395 -1.96984 -0.81163
-0.52748 -0.65852 -1.11541
0.02565 -0.41195 -0.20625
-0.64268 -0.14656 -1.51749
0.52046 -0.99697 1.2852
0.17092 1.32575 -0.1131
-0.15456 -0.5566 -1.77797
-0.14232 -1.143 -0.56029
0.48299 -0.30116 -0.13494
2.19561 0.79116 -0.92775
0.94732 1.6467 -0.05769
0.38874 -0.0135 -1.37181
-2.78766 0.93127 1.02171
0.9836 0.17886 1.97411
0.22186 -0.12557 0.27741
-0.76993 1.56742 -0.76228
0.39318 0.07054 -0.14215
0.97406 -0.14544 -0.24893
2.07893 0.34674 1.1971
-0.48143 -1.14458 -1.01525
0.00758 0.80948 0.77816
0.28721 -0.49166 -0.68047
-0.05142 -1.80508 0.6954
1.17151 0.16193 -0.31413
-0.4973 -0.38219 -1.40525
0.63034 1.03138 -1.27944
-1.05661 0.00216 -0.17412
-2.20409 0.388 -0.50717
0.35489 -1.66665 -0.66325
0.43659 -1.87017 -0.91157
-0.68123 1.56357 -1.62608
-2.56098 -1.21991 -0.95193
-0.43023 -1.7643 0.57332
-0.52144 0.69867 -0.3104
-1.54732 1.89585 0.22639
0.94995 -1.57419 0.67423
-0.32563 0.65976 -1.02353
1.31865 -0.28014 0.10964
-0.05852 0.77545 -0.55827
1.26028 1.05562 0.87014
1.22033 -0.89471 -1.62535
-0.56796 -0.3009 -1.52808
-1.51374 0.66527 -0.31217
-0.30931 1.40025 -0.25401
1.25131 0.14677 -1.77953
0.02031 -0.91756 -0.86913
-0.71765 0.20644 -0.95615
-1.40893 1.28796 -0.42161
0.33706 0.92329 1.69591
0.53767 -0.88781 0.31654
0.51325 -0.11023 0.29078
0.12166 0.86548 1.87702
-0.63419 -1.18466 0.8157
0.15693 1.91887 0.84962
0.11553 -1.04845 0.25725
1.40157 0.17353 -0.42203
-0.53764 0.78322 -1.6869
-0.83369 0.00081 -1.78538
1.00262 1.0264 -0.03315
-0.20248 -0.07136 -0.43085
-0.09079 1.95041 0.15477
0.03355 -0.51376 -1.11577
0.79172 -0.17493 -1.16814
0.88151 0.24679 0.82088
0.50616 0.34502 0.71403
0.38625 0.29535 -0.26832
0.44521 -0.58997 -0.53799
0.44775 -0.08135 -0.98744
0.37255 0.36061 0.36249
-0.54855 0.38588 -0.22528
-0.41046 0.1383 -1.24147
-1.30486 1.20111 0.12227
-0.47328 1.24179 0.32119
-0.17639 1.03444 0.45334
-0.58479 -0.26805 -0.17173
1.15433 -2.35675 -0.53615
-1.64878 1.16747 -0.09862
0.41675 -0.32312 -0.81899
