-2.12734 -5.43549 2.39059
-2.11153 -7.0529 0.25466
-2.2867 -5.93843 -1.53758
-2.83559 -6.67234 -4.19506
-2.41578 -7.3562 -7.13257
-2.37761 -7.62764 -8.11709
-1.67377 -8.54549 -8.95614
-1.95773 -7.4721 -12.32695
-1.96544 -7.48492 -16.26735
-0.65839 -5.72589 -17.62658
-1.12861 -6.72205 -16.75801
-0.91313 -6.44577 -15.82217
-0.29131 -7.56971 -17.06854
0.02336 -8.11185 -16.16498
-2.72121 -11.16982 -14.70744
-2.56696 -11.60199 -14.82852
-2.80366 -11.73527 -14.29494
-2.2763 -9.97067 -16.32428
-2.30356 -9.81647 -18.73004
-2.44167 -10.67488 -19.91628
-4.02487 -11.26372 -21.39559
-3.3076 -10.9321 -22.73116
-2.92063 -11.70542 -26.4467
-4.8705 -10.25705 -27.01362
-5.05548 -9.05725 -29.22231
-3.97912 -10.65333 -30.02454
-2.3738 -11.39685 -31.12597
-2.56372 -11.60784 -31.25397
-2.15599 -12.66186 -32.50555
-2.14485 -14.15122 -33.23376
-2.00358 -16.34731 -33.94228
-3.01477 -16.26484 -34.3655
-2.75186 -13.79215 -36.35675
-3.03825 -13.21872 -37.14477
-4.1507 -12.69416 -38.16111
-2.98961 -13.92761 -38.69827
-3.75533 -13.53969 -40.3081
-4.52886 -13.37031 -40.88219
-3.48014 -12.13249 -41.16743
-4.5302 -12.98896 -42.03448
-3.45182 -12.00253 -43.43176
-3.13073 -13.15251 -42.67393
-1.22693 -13.27188 -41.77103
0.21293 -12.9027 -43.28111
-0.56541 -12.94824 -41.89103
-0.68589 -10.85484 -41.83279
-0.81138 -10.59814 -40.63897
-0.71563 -10.11729 -41.40592
0.00942 -9.07939 -41.18755
-1.55523 -8.94328 -40.05551
-0.07241 -9.81343 -39.1317
0.54367 -9.24192 -39.05841
0.86697 -8.70934 -37.75527
1.8168 -7.44416 -37.42999
0.15391 -6.99472 -34.82706
0.0092 -6.81366 -33.47581
0.50274 -7.03626 -33.04976
0.27836 -5.0261 -29.60504
0.03926 -4.44269 -28.43203
0.69322 -3.34861 -27.64526
0.61371 -3.04394 -24.65073
-0.61915 -2.68405 -22.78735
1.06714 -2.43208 -20.24551
-0.15986 -2.65095 -20.1426
-0.65805 -3.60175 -18.90931
-1.59778 -3.25136 -17.85591
-2.78161 -1.62337 -17.50395
-2.23125 -1.54156 -17.59939
-2.51318 0.04067 -15.38033
-3.48123 -0.74847 -14.00759
-3.15239 -0.68671 -13.6643
-1.91231 -0.80829 -12.82198
-4.06808 -1.36806 -12.4507
-4.27479 -2.42839 -10.76898
-5.20244 -3.2543 -11.5995
-4.7218 -4.54389 -10.74971
-5.2542 -3.69494 -10.29718
-5.90013 -5.58427 -10.27467
-5.85613 -6.78654 -12.0692
-6.2374 -8.15071 -12.86131
-5.25286 -10.23945 -14.51002
-6.6613 -10.40852 -16.7521
-6.29002 -11.251 -18.47156
-5.46618 -13.11265 -20.9424
-4.37696 -12.95095 -25.37449
-4.59298 -13.11967 -26.54624
-3.9664 -14.75218 -28.94434
-4.11069 -15.40458 -30.65924
-2.51607 -14.87089 -32.39579
-3.04643 -16.43121 -34.14897
-2.58157 -16.55878 -35.14531
-2.28001 -16.10504 -37.58863
-2.40993 -14.92898 -37.4237
-3.74935 -15.58628 -38.42792
-4.47976 -15.091 -40.47198
-5.8546 -13.95498 -41.96144
-4.56939 -12.5649 -42.75117
-5.06408 -12.78116 -42.87573
-7.09188 -12.09836 -41.81626
-5.95695 -12.57589 -41.8945
-5.36348 -13.98913 -43.34412
-4.69968 -14.50439 -43.59632
-5.37071 -15.7838 -44.62497
-4.86722 -16.65254 -44.95415
-6.36073 -18.14067 -44.43262
-4.26637 -18.37455 -43.60566
-2.6473 -21.31089 -44.50475
-2.20395 -22.2739 -46.00644
-2.1976 -22.60806 -46.87223
-3.98303 -21.43611 -49.65636
-4.40968 -20.54966 -50.79252
-3.23549 -20.80836 -52.93936
-3.6675 -19.87233 -53.95233
-5.20008 -19.43229 -55.36973
-4.54369 -17.78913 -55.58035
-5.36924 -17.94274 -56.77194
-4.62935 -17.20381 -57.33249
-4.53402 -16.44319 -58.73467
-4.84037 -16.23659 -58.92786
-3.78112 -18.56731 -59.78693
-4.20149 -18.68799 -58.29305
-4.46561 -18.7388 -59.18666
-4.71157 -16.3423 -60.28645
-5.35374 -17.83713 -59.79254
-5.5662 -18.24291 -60.05291
-5.08939 -17.18912 -61.03879
-5.93675 -17.96254 -60.974
-5.85519 -18.56581 -59.47625
-4.68014 -19.20483 -58.75422
-3.70205 -18.43314 -58.07023
-2.31632 -18.76152 -59.26721
-1.30562 -18.46934 -60.69782
-2.43965 -16.94837 -60.41951
-1.43052 -15.40383 -59.34389
-1.99215 -12.67692 -57.94506
-2.68757 -11.8147 -57.09669
-2.82302 -10.3173 -57.75549
-1.21214 -10.50989 -56.40767
-2.13526 -10.58706 -53.69743
-2.47865 -10.91443 -51.79989
-3.23955 -11.94032 -49.56524
-3.27615 -11.40088 -47.50705
-3.07359 -11.57282 -46.20741
-5.14882 -10.86716 -45.352
-4.74185 -11.54926 -44.94061
-5.16774 -13.95783 -44.55112
-6.23649 -14.03898 -43.57046
-5.87623 -13.57896 -41.40844
-5.12208 -13.79055 -41.26525
-6.59911 -14.13359 -43.04323
