0.92698 3.97632 -0.6317
2.02644 2.97258 0.58832
1.28426 1.67436 0.79831
1.16034 1.05965 2.39188
-0.61422 2.7691 0.80088
-0.07849 2.78799 0.62146
0.3018 4.18585 0.01845
-0.92436 4.08469 0.61564
0.72184 3.1611 0.76896
2.07825 2.76034 -0.37963
1.16001 3.61333 0.38126
1.59113 2.97556 0.13819
1.48285 3.45774 0.88576
1.30545 2.56322 2.11369
0.88353 2.0204 0.61508
0.92372 2.51049 0.43264
0.37875 1.06935 1.85645
1.09495 1.23347 2.55136
2.61418 0.82315 1.98901
1.29596 0.04004 2.68991
0.90542 0.41006 0.20892
2.71387 -0.31447 0.14553
2.47522 -0.84272 0.35518
1.47831 0.01783 1.53993
0.75617 -0.82812 1.83438
1.73915 1.10536 0.13421
0.24328 2.78767 -1.26078
-0.28612 1.51994 0.68004
0.34218 -0.67733 1.14625
-0.6298 -1.36511 0.03576
0.2682 -0.47831 -0.35726
1.63217 -0.73559 0.61742
0.16258 -0.61787 0.51532
-0.79316 -0.41728 1.41806
0.13957 1.77305 1.53975
0.79305 0.10233 -1.74514
-1.84205 -0.6818 -0.49782
-2.38468 -2.58684 -0.2441
-3.43371 -3.14719 -1.80508
-1.97829 -3.23626 -0.89109
-1.45997 -3.52161 0.33159
-0.85832 -4.62753 -0.05219
-0.77571 -4.13665 -0.91741
-0.00671 -4.83699 -0.63372
0.78007 -4.86475 -1.6093
2.16657 -3.45072 -1.06967
0.63445 -2.60853 -2.01795
0.08941 -2.77758 -2.26611
-0.55108 -3.61417 -3.19455
-0.56621 -5.05702 -0.40614
-0.94898 -4.84876 -2.03441
0.17842 -4.65135 -2.20996
-1.02278 -5.86245 -2.17013
1.83175 -4.89341 -0.18288
-1.3023 -6.44681 -0.30318
0.30846 -5.26953 -3.01462
-1.47472 -4.86519 -1.92558
-1.50905 -4.75925 -2.06359
-2.8274 -4.64838 -1.06319
-2.77901 -5.84881 -3.15781
-1.16051 -4.97146 -1.48922
-0.53825 -5.35581 -2.13328
-2.52141 -4.81505 -1.18162
-0.74105 -5.56219 -0.04217
-1.97739 -4.8566 -1.86408
-0.7773 -4.27195 -3.15817
-1.62327 -4.12198 -2.49734
1.10459 -4.9971 -1.91178
0.33339 -5.26062 -1.41721
-2.12041 -4.65559 -2.11224
-0.22623 -4.62133 -3.30771
0.17778 -4.16615 -3.38143
-0.25814 -5.27508 0.64821
0.07742 -6.00999 -1.08126
0.48251 -5.75906 -1.30988
1.02252 -5.33072 -0.32079
1.85715 -4.91245 -1.95935
0.82864 -5.25972 -1.3442
1.35459 -6.10615 -0.36081
0.27127 -5.37545 -2.33384
-0.22248 -7.01103 -2.93651
-1.75737 -4.09021 -0.60885
-0.963 -3.50235 -2.39349
-2.60799 -4.86314 -1.7637
-1.41535 -5.99571 -2.27072
-1.20741 -4.42118 -3.88321
-0.60074 -6.54573 -3.03833
0.96982 -6.4295 -2.4888
0.72237 -6.49161 -2.93266
-1.78841 -8.36949 -1.96525
-1.709 -7.2438 -2.01806
0.1182 -5.91687 -1.64783
0.26665 -5.63828 -1.51617
1.56426 -6.81602 -0.24
1.34468 -6.80393 -2.82188
0.72753 -5.58146 -1.64919
0.8116 -6.06519 -1.85696
-0.65796 -6.83943 -1.78157
-0.95043 -6.09627 -2.00984
0.76922 -8.69188 -2.26692
2.12112 -8.69873 -1.59467
2.34098 -9.44679 -1.38752
0.80309 -6.09679 -1.19511
-0.40054 -5.03836 -0.48054
-2.12073 -6.14737 -2.76414
0.71938 -6.08626 -1.82791
-0.30515 -7.28001 -2.39268
1.35512 -6.08686 -0.63282
1.0018 -5.35061 -0.49856
1.91256 -5.53825 -1.98367
1.01202 -4.30188 -0.8768
-1.28812 -3.514 -3.65699
-0.08014 -2.97773 -1.4205
0.44837 -2.59214 -0.4297
1.09249 -3.36367 -0.86706
0.56205 -1.55708 -2.28895
0.05015 -0.90342 -2.37325
0.2865 -0.84601 -0.81709
0.50098 -1.41662 -0.74868
0.54859 -1.99883 0.90789
-0.28882 -1.81448 1.91524
0.88744 -1.40099 0.52949
1.62136 -0.66973 -0.13129
1.36651 1.22965 -0.89462
1.50243 1.01891 -2.05155
0.87368 -0.53663 -2.83033
1.97721 -0.89526 -1.39383
2.59649 -2.44279 1.55874
1.25312 -1.9273 -0.06995
0.39148 0.84692 0.71497
0.43579 0.05939 -1.74626
-0.79506 0.68029 -1.37277
0.41377 0.73878 0.4364
-0.91859 -0.51683 -1.04547
-1.2433 0.9075 2.43389
-0.71086 0.8102 -0.10299
-1.83114 2.20091 -0.20894
0.97482 3.86904 0.00357
0.90428 3.96895 0.69134
0.64671 3.64758 1.49965
-0.1397 4.02589 -0.43383
-0.23623 5.62518 1.38479
0.05967 4.85756 0.09458
1.4633 3.953 1.22286
0.88704 4.77536 -0.60481
-0.03262 4.61533 2.96163
0.19733 3.36767 2.15018
-1.09928 5.07584 0.64429
0.00124 5.34108 0.50528
-0.16615 5.86499 2.05167
