0.55798 0.68714 0.63095
-0.29105 -0.91368 -0.37172
-0.1134 -2.18176 0.84011
-0.00615 -1.61292 -0.92651
-1.06273 -2.22983 1.1208
-1.35803 -1.50272 -1.50627
-1.59058 -3.25078 -1.74253
-1.7692 -2.38758 0.7227
-2.79345 -2.34813 0.42445
-1.86642 -1.42701 -2.6729
-1.60352 -1.1445 -1.65604
-2.35284 0.74012 -1.57553
-2.33636 -0.01796 -0.63594
-2.17029 -0.31832 0.95684
-1.64814 -2.23237 2.2629
-1.52725 -3.30429 0.98915
-0.12207 -3.78839 0.68599
0.43362 -3.58094 0.45771
-1.50864 -1.20262 -0.17066
-4.25951 -1.63334 -2.33777
-2.29597 -0.21048 -1.88675
-2.59154 -1.47984 -1.34373
-2.05954 -2.48712 -0.09384
-0.44004 -0.81105 -1.84521
-1.17665 -1.44842 1.48306
-2.00811 -1.73157 0.57253
-1.23925 -1.92874 0.69856
-1.23451 -1.15643 0.2008
-2.43263 -1.35608 0.41809
-2.93278 -0.55099 1.19847
-2.54369 -0.20949 0.70575
-1.28692 -2.01391 0.90343
-2.83406 -1.54814 1.12787
-1.23756 -1.44506 -0.24875
-2.02068 -1.44142 0.35523
-0.56488 -1.0631 0.92074
-0.34601 0.34988 0.67169
-0.54572 -0.46098 -0.59257
-0.5019 -0.03494 -0.55168
-1.75777 -1.82908 -0.15729
1.0156 -0.69582 -1.11581
0.52335 -1.56675 -1.49751
2.05791 -0.7229 0.53371
2.00286 -0.12758 -2.53416
1.08423 0.38686 0.94079
2.10406 1.13532 0.58654
0.79501 1.11417 2.12975
0.86662 -0.40909 -0.68737
-0.03523 0.56472 -0.21993
-1.64842 0.46054 1.70035
-2.21609 2.40381 0.40446
-2.06148 2.43509 0.41262
-1.97026 0.61998 0.49882
-1.08416 1.81422 0.60603
-0.74895 -0.83424 -0.59649
1.05932 -0.59937 1.28754
0.22717 -0.46148 -0.53909
0.23686 0.64554 -0.90885
1.96685 1.90956 -0.41092
1.24467 0.29188 -2.02736
1.54332 -0.74157 -0.96937
1.93799 0.40681 1.04449
2.38052 0.76788 0.26288
1.16789 -1.57647 -1.78358
-0.03971 -1.73902 0.22804
1.10199 1.0715 1.338
0.37597 0.44993 -0.52038
0.89541 0.85792 -0.48118
0.77107 1.3845 0.54022
-0.60491 0.7103 1.76822
-0.9559 -0.31898 0.3698
-1.68592 0.47515 -0.74765
-1.73877 1.05886 0.98511
-1.21374 0.4627 1.35938
-0.17609 -0.65787 1.14048
0.16949 0.0135 -1.25831
2.32988 0.46788 -0.47167
0.13408 -0.27654 -0.28212
-0.52175 -0.41941 0.56828
-0.96345 0.18714 -1.21232
-0.73283 0.26419 -0.58605
0.23219 1.53112 0.59129
0.69023 0.56102 -0.66104
1.3816 0.34387 -0.98523
1.20237 0.75251 1.60023
-0.2503 0.54952 0.64392
-1.30857 2.38013 1.6522
-2.03249 2.10071 1.25585
-1.82732 -0.38972 -0.52698
-2.03374 0.39822 -1.55602
-0.3236 0.57218 2.14249
-0.91432 -0.97717 0.37467
-0.42958 -1.10483 -0.6461
-0.60543 -0.10214 1.24347
0.03845 -2.13456 -0.08151
0.93282 -2.73119 -1.26948
1.21247 -1.05887 -1.10311
0.13193 -0.26429 -2.6131
1.48968 1.14008 -0.78091
1.80577 1.96377 0.44849
1.86299 3.61452 1.13357
2.13576 1.71447 -0.39821
1.76089 1.62734 1.48699
2.47942 2.54172 2.16089
1.74454 3.44263 0.30912
1.73959 0.9476 0.16125
2.28793 1.06583 -1.16559
1.79832 0.77634 0.79632
1.44922 2.67801 1.2164
0.39351 0.47233 0.21307
1.56125 0.31717 -1.04277
1.20528 -0.19734 -0.24044
-0.57282 0.79378 -0.73502
-0.40882 0.7773 -0.14754
-1.15469 0.63644 0.05919
-0.60002 0.6801 -0.12785
-1.38187 -1.31088 1.66305
-1.00733 -0.07586 -0.41474
-0.87672 0.7128 2.60429
-1.95471 -2.05627 1.97471
-1.07774 -2.80577 0.0301
-1.05411 -2.29752 -0.17374
-1.87993 -0.764 -0.96837
-0.92591 -1.00398 -0.70579
-2.06793 -0.32061 0.614
-0.9098 -0.95995 -0.58938
-2.49528 -2.74113 -0.36211
-0.79222 -4.34516 -1.03012
-1.42326 -0.36605 -0.87703
-3.22322 -2.1739 -2.03396
-2.98546 -2.67082 -1.78061
-5.03805 -2.11575 0.62741
-4.78281 -2.36288 -0.98999
-4.06768 -0.65102 -0.08982
-4.30625 -2.82145 -2.06213
-5.31788 -2.74019 -0.95777
-5.22359 -2.36065 -2.60421
-6.12961 -3.54731 -0.05133
-6.09119 -3.99743 -1.78928
-5.40202 -4.39176 -1.44889
-4.55656 -5.13649 -1.83796
-3.81178 -4.48113 0.93178
-5.34881 -3.36164 -0.67637
-4.12108 -3.30195 -1.40054
-5.47723 -2.48857 -3.37014
-4.48183 -1.40021 -1.48864
-4.29112 -1.18323 -2.33673
-4.11628 -2.28774 -1.31674
-4.03061 -0.86848 -0.95297
-5.16538 0.0917 1.09491
