0.55175 2.29936 -0.11307
-0.11859 2.61099 0.9475
-0.35469 3.99013 0.39998
-1.01538 4.26529 0.38651
-0.72111 4.16254 1.08547
0.82472 3.20943 1.32204
1.30079 2.58945 0.33481
1.483 2.66205 2.84009
0.24737 0.99535 3.56956
-0.24724 3.23006 2.56041
1.74673 3.07183 2.56961
0.49058 2.6774 2.04153
-0.8959 1.91985 1.0939
-0.60284 2.20167 1.51541
2.31027 0.43065 2.01398
1.84189 1.2298 2.22022
-0.15175 2.51092 1.04253
-0.63698 2.96336 0.87637
1.85074 2.35933 -0.45201
1.4634 2.94022 0.09892
0.90968 4.17894 0.22024
0.48833 4.60692 0.56521
0.36911 3.72917 -0.03268
-0.85859 2.59425 1.26575
-0.57653 2.3185 1.68642
0.04606 2.92553 3.11157
-0.06722 -0.18958 2.85445
0.6926 0.7023 2.2583
1.11802 0.28584 1.49821
0.45995 -0.79979 0.16923
0.33636 -1.92032 -1.35558
-1.24038 -1.86388 -0.939
-0.32917 -1.17788 -1.38879
1.54316 -1.63874 -0.31178
0.66373 -1.66212 -1.63443
0.40853 -1.52333 -2.4077
1.3959 -1.58679 -2.61526
1.61576 -0.86719 -2.952
-1.22841 -0.06528 -1.3864
-1.05991 -1.43946 0.01089
0.41226 -2.24972 -1.05367
1.25987 -1.78374 -2.71113
-0.28712 -1.72548 -1.23059
-0.17356 -1.62976 -0.56975
-1.46141 -1.46861 -0.66864
0.84273 -2.05768 -2.16015
1.45384 -2.89639 -1.7203
0.7935 -4.441 -1.13828
-0.67288 -2.71552 -1.25289
-1.18921 -2.24892 -2.37497
-1.24688 -0.94608 -0.52868
-0.40973 -3.21494 -0.57544
-0.8151 -1.87483 -1.59608
-0.18392 -1.25412 -2.71869
-0.92663 -2.12286 -2.56562
0.61153 -1.80698 -2.56688
-0.38477 -2.76793 0.52303
0.6247 -0.25854 0.89237
-0.10018 -0.28924 -0.54422
0.96798 -0.86799 -0.55614
-0.43452 -1.22559 -2.61345
0.83622 -0.74346 -2.38468
-0.19719 0.07028 -2.3896
-0.84034 0.51538 -0.78999
-0.09305 0.62567 0.75312
-1.15651 2.07967 -0.96901
-1.29874 0.90615 -0.09344
-1.10379 3.17012 0.34047
-0.85012 4.5938 -1.51295
-0.57401 0.53967 -2.13834
-1.14798 0.58268 -1.96277
-2.49024 0.96326 1.40726
-1.29465 -0.69108 1.73879
-0.95503 -2.84263 2.24493
-0.32286 -4.67769 2.3934
0.05027 -5.75364 0.96306
1.40041 -6.01748 0.85872
0.11586 -6.90092 0.64198
-0.54008 -5.73911 1.54215
-0.92093 -4.91548 -1.6309
-0.29198 -4.27423 -2.89604
1.93107 -3.81476 -4.26319
-1.08185 -4.2081 -6.10514
0.34748 -4.03566 -4.03914
-1.17409 -4.77753 -2.70403
-3.83777 -2.67261 -2.90871
-1.38086 -1.54606 -4.452
-1.3271 -1.22252 -4.09007
-0.67989 -1.52804 -2.31487
-1.37623 -2.18828 -1.0484
-0.79034 -2.16662 0.28153
-0.44343 -1.67928 -0.23828
-0.59462 -2.22228 0.50784
-0.77074 -2.9815 -0.64935
-0.87311 -2.34556 0.05429
-0.33864 -0.63226 0.07162
1.05898 -1.50565 0.82438
0.58009 -1.798 0.32667
0.43398 -1.35151 -0.04209
0.25192 -1.21897 -0.75173
1.22049 -1.71026 0.39501
-0.7979 -0.66222 -0.69332
-0.80692 -0.5671 -0.03953
-1.20945 0.30344 -0.44766
-0.39482 1.78669 -0.94022
-0.11012 2.64583 -1.29972
0.45879 2.44306 -0.5513
-1.46382 0.6331 -0.31045
-3.10439 2.33878 -0.91233
-1.3714 1.45154 -0.1215
0.52784 0.78627 1.38984
-0.8467 -1.30485 -0.21864
-0.67966 -0.76915 -0.11683
0.28759 -1.53414 -3.34323
0.57072 -2.44924 -1.76036
0.7548 -1.69393 0.02324
0.84877 -2.69204 -1.86837
-0.80566 -1.57403 0.53562
-0.02262 -1.33812 0.367
1.10573 -1.3899 0.20804
1.08272 -0.41722 -1.46285
3.2836 -0.13349 -0.902
0.46667 -0.46103 0.40029
-1.02544 0.03728 1.40389
-1.96141 0.56567 1.23044
1.2776 0.03253 2.77965
0.72169 -0.35363 2.42596
0.66532 -0.21527 0.95873
1.29541 0.90627 0.2447
0.76645 1.26088 1.85619
-0.47594 1.40294 1.07336
0.16397 2.3322 -0.31025
0.89636 2.10479 0.61191
0.72053 1.51835 0.75979
-0.35617 1.50796 1.24013
0.20601 -0.11875 1.87628
1.29689 -1.19297 1.37159
0.42997 -0.06967 3.0865
0.1714 -0.55586 2.0337
1.15246 0.6875 1.48937
-0.62627 -0.00807 0.91804
-0.22279 0.13264 1.5697
1.14497 0.18497 1.49969
-0.41155 -0.34525 -0.40617
-1.10572 -0.96184 -1.13601
1.99269 -1.50295 -1.2259
0.31512 -1.49443 -0.24952
-0.89789 -0.64214 -0.38086
-0.02792 -0.98971 -1.10312
-0.19747 -1.53604 -0.42603
