0.04811 2.12556 -0.85602
0.07651 2.13315 -0.94446
2.14322 1.78414 -0.18708
1.43259 2.44379 -2.24998
0.79855 1.62125 -1.37869
1.6422 1.72039 0.62486
0.87173 1.66461 0.60916
0.3163 1.62492 -1.58323
0.70044 2.0641 0.64989
0.51012 1.29127 -0.31819
-0.01511 0.66018 -1.8493
0.15172 -0.19217 -0.80176
0.19215 -0.92784 -0.0337
0.50088 0.38184 0.03501
0.7906 0.00669 1.08008
0.99094 1.36176 2.42084
2.01006 2.55517 1.99948
-1.1016 2.12556 0.27015
0.24462 2.82831 1.06582
-0.94524 1.65566 0.03616
0.78812 2.38358 0.31285
0.84275 2.23118 0.04358
1.58636 2.11359 -0.92362
1.47924 1.31608 -0.05978
-1.19571 1.85686 1.46115
-0.2191 1.17706 1.68142
0.82885 1.05594 -0.79179
2.69941 2.83671 1.04091
1.95303 4.89508 0.32451
1.56431 6.51551 0.09542
-0.4816 6.4474 -0.88692
0.99307 6.75068 -2.26922
2.38124 5.5366 0.54142
0.85901 7.20648 -0.54805
0.42077 8.34358 1.52055
2.1829 9.01493 -1.39222
0.58795 9.27802 -0.17207
2.63921 6.71069 0.22581
3.23913 3.27368 -0.9841
2.92887 2.80889 -0.78023
3.15144 3.63304 -2.29407
0.61879 3.94277 0.77505
1.43759 3.37882 0.47317
1.73804 3.4923 0.78883
1.90426 3.35331 2.01275
1.44892 4.89476 1.5255
1.05057 4.85154 1.32257
0.68618 4.17498 -0.46364
0.88987 3.77128 0.70842
-0.06446 3.4164 1.96856
2.84963 3.54158 1.1644
0.52698 2.20359 -0.29115
-0.19276 2.50163 -0.3176
0.56945 1.5271 -1.61779
2.42754 1.61863 -1.1896
0.90614 1.51175 -1.53581
-0.83269 1.37533 -2.01612
0.3 0.44009 -0.94864
-0.51653 -1.64915 0.02164
0.24315 -2.12519 0.78898
-0.74988 0.60239 1.98616
0.38336 0.92697 0.37173
-1.34667 0.37839 3.9156
-1.09711 1.26388 0.05771
-0.40542 -0.48021 -0.22519
0.12135 -0.2849 0.17346
0.15127 1.15494 -1.14937
-0.7613 2.58929 1.07999
-3.12928 2.23584 0.25694
1.70904 1.24484 1.23627
1.52964 1.59748 -1.74895
0.40804 -0.39742 1.9139
1.61255 1.2486 -0.38657
0.8331 2.58813 -0.4955
-0.81858 3.27294 0.40175
0.48245 3.74044 -0.59917
1.65539 2.57424 -0.27908
0.59989 1.40389 -0.38059
1.62339 2.54001 0.57983
1.55852 3.40967 -0.02768
1.10595 4.9131 1.07078
-0.30548 3.91948 -0.6333
1.24436 4.00308 -0.22861
2.20485 2.7537 -1.32911
3.16008 3.2313 0.52087
1.43981 2.46794 0.7314
2.53327 3.3955 0.20681
1.75402 4.39529 0.88164
-0.78514 5.49182 0.07367
0.42242 4.98656 0.98468
1.72296 5.34585 -0.01457
1.24299 6.03282 -0.70355
2.34597 5.27904 0.71661
1.22201 3.96081 -0.30529
1.53446 4.07206 -1.25326
1.23935 3.57119 0.45454
1.05546 4.23161 0.49656
0.35399 3.89302 -0.585
-0.74468 3.81164 0.97333
0.26916 1.58281 1.77532
0.84942 3.27362 1.02817
0.28237 2.75385 -0.10985
1.67172 3.91334 0.74722
1.35176 3.79086 0.14042
2.15822 3.15473 -0.44149
-0.02591 3.09449 -0.4044
-0.31028 3.74322 0.18996
0.40487 2.82844 0.93343
1.99424 2.94887 -0.76097
1.42896 -0.2699 -0.70889
1.71493 0.52915 0.48711
-0.47962 -1.09131 -1.50934
1.9399 0.18366 -0.74088
1.49706 1.42706 -1.0636
0.16404 1.56642 -2.6496
-0.35856 1.43543 -0.39251
0.73347 1.45281 1.29761
-0.09511 3.40836 -0.28193
-0.08762 2.59132 0.1506
0.69097 2.28214 -0.17427
-2.36406 0.94374 -0.32446
-0.41993 1.65454 0.77643
3.28193 0.67025 -0.24236
1.67142 1.45307 -0.75328
2.06352 2.17597 0.58993
1.67485 3.10044 0.68711
-0.04366 3.54677 0.89815
0.0647 3.7181 -0.08378
0.22764 3.32103 -0.46702
0.92859 3.97512 0.35768
1.41203 4.16199 0.79511
1.5952 3.18159 -0.85227
-0.08516 2.39302 2.84578
1.81323 2.10797 1.48026
0.65933 3.25678 -2.36723
1.73703 2.26758 -1.40952
1.37153 2.41306 0.45959
1.45796 2.30338 -0.50847
2.47954 2.03027 -0.11029
1.36009 1.61363 -0.61253
1.5993 1.26482 -1.72504
0.74615 1.36247 0.23628
0.24105 3.15739 1.09102
1.00438 3.43044 0.03178
0.48515 4.64897 0.96542
1.07427 4.04622 1.69463
0.76692 4.64044 1.66836
0.75872 4.67707 0.78461
3.06438 4.02196 -0.44354
1.2694 4.7555 -0.23426
