-0.65078 1.07672 -0.18358
-1.33361 1.3459 0.81444
0.68865 1.61666 1.67034
1.20206 0.81105 2.05078
1.35421 0.70339 1.02881
-0.56291 0.33781 -0.28635
0.20311 0.23146 -0.48669
1.89429 0.18763 0.65133
2.06475 -0.0923 -0.50856
0.27145 -0.26776 -0.37277
1.12423 -0.05024 -0.45356
-0.27705 1.47852 -1.13564
-0.82091 0.71019 -1.1372
-1.89841 -1.12009 0.03901
-0.22296 -2.41225 0.62698
0.84194 -1.51517 -2.33177
2.00458 -2.12003 -0.00138
-1.25211 -2.04879 -0.24112
-2.02856 -0.74841 -0.22238
-0.5536 -0.78146 -0.96687
-1.32206 -0.76899 -3.96364
-1.78387 -1.6714 -1.21508
-2.34651 -0.56305 -1.05577
-3.11778 -0.88077 -1.52063
-2.34749 -0.11537 -1.37189
-3.0076 -1.92017 -0.95507
-0.71601 -0.51523 -0.99165
-0.57135 0.51614 -2.68803
-1.98278 0.65483 -1.65009
-0.2923 -0.55831 -1.46191
-0.63346 -0.05289 -0.11906
-1.11714 -1.07712 0.68506
-1.16738 -3.35682 -0.64708
-1.28604 -2.42448 -1.3231
-2.70915 -1.64756 0.20142
-2.24452 -1.04602 0.88483
-2.35818 -1.23172 -0.26554
-0.35234 -2.46091 -0.09324
-1.72229 -0.16414 -3.2034
0.26242 -0.59521 -1.7968
0.65177 0.09209 -0.82297
-0.32202 -1.0004 -0.75308
1.47122 -0.16362 0.54653
-1.58956 1.44558 0.77107
0.52503 0.59804 -0.21453
-2.50676 0.04075 -2.1775
-1.1053 0.07405 -2.80346
1.60733 -0.71771 -2.77547
1.40592 0.28338 -1.01501
-0.59867 0.61157 -1.00439
-1.21662 0.71574 -1.86432
-0.79434 0.73531 0.14236
1.2432 1.09406 0.47415
-0.71657 1.52794 -0.59875
-2.06747 -0.26397 0.98903
-0.80742 0.60634 -0.1518
0.66412 -0.7404 -1.10278
-0.03776 -1.5219 -0.62597
-0.34654 0.5053 -0.20032
-0.01115 -0.02513 1.39635
-1.4244 1.7236 1.27801
-0.39604 2.90427 1.70706
-0.13032 0.72362 0.35483
1.35484 0.28 -0.46562
1.91157 -1.15035 0.74232
2.27311 -0.86712 0.04419
0.10608 -0.42063 -0.11841
0.7652 -0.08219 1.70157
1.03481 -0.40221 1.26735
0.33991 -0.82419 0.35379
0.08084 -0.06741 1.38244
0.21146 -0.82329 2.1693
0.5643 -0.50683 1.32847
-0.05001 -1.68571 1.38737
0.14085 0.14821 0.83748
0.56415 -1.69435 -0.01297
-0.76832 -0.30625 -1.18575
1.41137 -0.69299 1.76752
0.10443 -0.67518 1.38895
0.49055 -0.79627 4.37512
0.91561 0.30436 4.43883
-0.73464 -0.6756 3.56917
0.95108 0.04428 2.1912
-0.80774 0.01678 1.88324
0.43429 -0.09142 0.71042
2.0641 -0.79549 -1.18062
2.63849 1.14706 0.89414
2.55084 1.51173 0.50841
0.75251 0.93212 0.29082
-0.54632 -0.35386 -0.56167
-0.97035 0.94024 0.00582
0.1234 1.45686 -0.67911
0.90036 1.5202 -2.40942
1.03104 -0.42318 -0.31942
0.25086 -1.41637 1.17332
0.22709 -2.23565 -0.4235
-0.62014 -1.72758 1.07425
-0.85572 -1.63474 1.48665
-2.23385 -0.40989 -0.3542
-0.77441 -1.28984 -0.14664
-1.59369 -1.70532 -1.01803
-1.8126 -0.8954 -1.25543
-0.5946 -1.27796 -0.75924
-0.84893 -0.322 0.38416
0.97675 -1.62645 0.62937
-0.19609 -0.6841 1.45831
-0.364 -1.97762 1.55434
-0.15147 -2.11687 1.01689
-0.4837 -1.93822 0.03501
-0.53486 -2.2732 0.93867
-0.85449 -1.33616 0.34387
0.52356 -1.77296 -0.07893
1.19681 -1.72054 -0.51219
1.26197 -1.2381 -1.15003
-0.6789 -0.16275 0.14743
-1.4417 0.24175 1.2281
-1.87426 0.06854 0.10161
-1.68679 0.78977 -1.37547
-0.45012 0.56295 -0.91965
-0.95512 1.49658 -2.03657
-0.2801 1.53512 -1.76005
0.34346 0.99154 -2.93757
1.10541 1.46131 -1.01679
2.6617 0.7962 -0.76051
0.35025 0.70315 -0.27924
-0.92469 1.04919 0.93408
0.29362 -0.08685 1.26864
-1.12246 0.03089 -0.46824
-2.00076 -1.61269 1.48173
0.36857 0.17138 -0.67412
1.98546 1.04309 -1.29559
-0.11943 1.43127 -1.89614
-1.97051 0.92312 0.18236
-0.63581 -0.92403 0.54635
0.3913 -1.37551 0.36083
0.35443 -1.12217 1.03111
-0.74931 -1.80081 0.70941
-0.35136 -0.73245 0.40339
0.40318 -1.13731 -1.43739
-0.57292 0.83995 -2.06046
-0.42222 0.70204 -2.41258
-1.4486 1.38306 -0.76129
0.21116 0.41999 -0.3096
0.35993 -0.01738 0.35358
-0.55006 -0.06461 -0.00127
-1.32071 -0.35339 -0.98641
-0.02519 -0.04323 0.54429
-0.45024 0.20722 -0.30211
-0.94714 0.23864 0.84028
0.03072 -0.05654 0.22295
