1.63004 5.95632 -0.42025
-0.20561 5.89946 0.47355
1.69704 5.35999 -0.29565
2.16779 5.08045 1.30123
1.24125 6.36664 3.97569
3.8269 7.46213 3.02752
0.68234 8.51073 2.10043
1.99243 8.01601 3.59787
0.00613 6.92952 3.29399
0.71924 5.5094 4.24751
1.27072 6.16941 5.71467
3.10277 5.39068 4.75172
2.80997 4.71265 4.67851
1.52272 6.74896 5.88276
-0.18853 5.583 5.88567
1.38334 5.04612 2.27588
0.73115 6.85248 2.9831
3.55189 5.60438 3.66076
0.5636 4.42924 4.5328
2.66297 5.80573 2.99013
1.72386 5.45385 2.29562
2.05323 4.52526 0.98674
0.27536 5.16464 -0.96444
0.42844 7.23158 -3.38826
0.30617 6.81818 -1.28565
0.96199 6.33998 -1.46475
0.83326 5.21426 -1.94606
0.93854 6.10834 -3.13223
1.69716 4.95072 -2.866
2.38231 2.39434 -0.37328
0.97953 2.95529 0.66436
1.77798 3.1762 1.81656
2.93104 2.1992 2.12079
2.10346 1.81639 3.41604
-0.09999 3.05544 7.20196
1.82013 4.90156 5.41298
0.04769 2.8696 4.58356
1.10556 0.47908 5.15342
0.60099 3.99291 3.98289
-1.40163 3.95243 5.21571
3.25379 4.79608 4.30885
0.2674 2.7488 5.64631
-0.52998 1.77197 3.27777
2.36356 1.78779 1.52823
1.0326 1.96507 1.22647
-0.29794 2.75191 0.85491
-0.96333 2.73915 1.53678
1.11954 3.9587 0.31545
-0.03869 1.58145 -0.68535
0.37769 -0.50045 -0.2106
1.37045 -1.38368 -1.90623
-1.37424 -0.79357 -1.57606
0.17729 0.60551 -1.31539
2.53739 1.20574 -1.43249
-1.40379 1.27921 -1.8456
0.64941 1.64295 -1.23239
-0.98329 2.03126 -0.68986
0.2041 -0.54303 -1.99544
0.39591 -0.5398 -1.38805
1.11754 -1.80981 -2.31461
-0.3213 -0.91203 -2.45223
0.54708 0.3254 -2.50424
0.56963 1.99857 -2.78924
-0.74194 3.35864 -2.5874
-1.02199 2.05225 -1.28136
-2.72725 1.11384 -0.38343
-1.16984 1.03229 0.16245
0.05764 -0.01092 -0.8598
1.54589 -0.12566 0.92948
0.3819 -0.36506 0.19862
0.94003 0.03866 -0.89587
0.01459 0.12874 -0.97469
0.99323 0.77462 -0.78681
-0.50659 2.06176 -0.48749
-2.14914 0.71428 -2.71664
1.3285 1.41717 -3.1043
0.49866 1.71144 -2.86814
0.10225 0.34576 -1.95402
-0.98868 0.50368 -0.89602
-0.6587 -1.19223 -0.72532
-0.00681 -0.40273 -1.25452
0.8554 0.02345 1.70606
-0.20465 -1.41734 2.97633
-1.85634 -1.6624 2.18288
0.34736 -0.05145 2.14682
0.4112 -0.75602 1.38196
0.34886 0.65537 1.83783
0.16784 -0.07585 1.14
-0.11855 0.01802 1.03124
-0.42947 0.65579 1.58628
-1.00431 -0.09738 2.08318
0.34522 -1.60193 -0.49362
0.46381 -1.31124 -1.85731
-0.13048 -1.78812 -1.29099
0.0192 -1.90678 0.00272
1.76869 -1.40537 -0.34046
-0.39746 -0.96492 -0.66812
0.52172 -0.93652 -0.99533
-0.32774 -0.48364 1.34918
-0.24562 -1.03158 1.48932
-0.35695 -2.54308 -0.08951
-0.39016 -2.85422 0.75541
-0.91957 -3.21421 0.10539
-0.43167 -2.4408 2.33371
1.31913 -2.55729 1.95904
-0.27501 -2.74835 1.81692
-0.64527 -1.21362 1.1773
-1.88658 -0.57979 0.82133
0.13133 -1.29902 -0.4081
-0.73277 -1.29827 -0.50628
2.48078 -1.44193 -0.34751
-0.88957 -0.7013 0.62391
0.66207 -1.44432 0.25395
0.50516 -1.01592 -0.77939
-0.28773 0.4549 -0.30947
1.07915 1.4187 -0.82037
-2.01349 0.68005 -0.9198
-1.27783 0.40118 -0.68024
0.19818 0.15423 -1.83527
1.24502 -0.85576 -1.29602
0.94359 -2.19855 -0.43564
-0.26664 -1.57585 0.98864
0.97115 -3.40751 1.03568
0.07992 -1.81525 0.55565
-0.04832 -1.78832 0.38479
0.0071 -1.4216 1.7705
0.16914 -1.92928 1.16549
-0.94209 -1.5894 0.09269
1.49067 -1.0778 0.57983
1.40929 0.52178 -0.28313
0.91052 -0.18771 1.67124
-1.64487 1.08302 2.37867
-0.30333 1.7214 0.82897
-0.19397 1.99464 -0.26635
-0.14024 1.46573 -0.18748
0.67781 0.58783 0.60318
1.43237 -0.24616 -0.19575
0.2323 1.24736 1.00764
0.89132 -0.24578 1.01442
1.87709 0.44284 -0.26345
2.22963 0.71636 -1.08687
-1.39792 1.83355 -0.61383
-0.25051 2.49973 -2.05558
0.7183 2.55592 -0.95695
-1.21908 2.35101 -0.71388
0.88434 2.18623 -1.04527
-0.19153 0.55317 -1.72381
0.73273 1.15399 -2.26824
-0.19379 0.83583 -4.20161
-0.06809 1.55297 -4.22019
