-1.75786 0.13994 -0.91795
-1.22879 2.103 -0.41098
-2.2178 1.5833 -0.93404
-0.06067 -0.19743 -0.56772
-0.08379 2.54725 0.3689
-0.42367 -1.70814 -1.5764
-0.17298 -1.17912 -0.95003
-1.02546 0.29235 0.92553
-1.52306 0.54634 -1.13776
-0.87308 0.85449 -0.25794
-2.44919 0.29211 0.41028
-1.78258 0.97807 1.28083
-2.60768 -0.52862 1.147
1.52838 -1.35936 -0.66528
2.67774 1.48017 -0.5462
0.20534 0.72232 0.12214
0.49205 0.32377 0.76147
-0.51626 1.32867 0.14399
0.02632 1.17923 0.00934
0.42786 0.96314 -1.5036
0.16332 2.21224 0.88136
0.79857 -0.3782 -0.77471
1.20532 -0.83459 -2.27591
-0.76805 0.78349 0.35924
-1.58493 1.11604 -0.50728
-1.66357 1.26904 0.49941
-1.40771 1.8863 -2.34689
-0.58978 1.91188 -0.08175
-1.60155 2.30897 1.27468
-0.77493 0.76899 -0.55579
-0.53839 -0.70508 1.34181
0.45856 -1.56514 -0.53516
0.50906 -2.22944 0.35495
-1.14929 0.70195 0.885
1.47321 0.96514 1.66234
0.48413 0.0897 -1.43357
0.63366 -0.18549 -1.81165
-0.13571 -0.34065 1.38581
0.0207 -1.40108 -0.62356
-1.33716 -0.22069 0.90375
-2.11565 -1.56136 0.65555
-1.53616 -0.65189 -0.40166
0.63034 0.72579 0.58201
-1.55415 0.72162 0.04386
-0.01342 2.04216 1.35852
0.95993 -0.12633 0.22521
0.02658 -1.94152 0.03389
-0.00104 -0.41845 -0.57134
-0.15746 -0.24364 -0.22859
-0.6925 -0.12224 -0.60862
-1.37401 -0.96562 -2.34834
-1.64322 0.2898 -1.10837
-0.24347 -2.19217 -0.17153
-0.70805 -1.86475 -0.51007
-0.78287 0.15834 -1.36432
-0.71993 -0.8276 -0.6874
0.76371 -1.00766 0.75092
0.58667 -1.65723 1.51114
-0.10157 0.14889 -0.47453
0.32616 0.45209 -0.07915
0.27521 -0.42922 -1.60265
0.35292 1.66637 -0.02887
-0.18436 1.36497 1.75574
-1.03401 1.79496 -0.96324
-1.02007 0.4104 -0.44863
0.73216 1.18072 -0.39142
0.04792 0.36379 0.19473
-1.19039 1.67978 0.79984
0.67785 -0.345 0.65869
-1.7927 -0.41462 0.07744
-1.80979 -0.95814 -0.76859
-0.21234 0.40191 0.22516
-1.08599 -0.8181 -1.16174
-0.6651 -1.99093 -1.42656
0.24688 -0.40494 -1.00878
-1.68586 -0.20574 -1.4783
1.37163 0.52726 0.38675
0.72211 -1.2964 -1.51677
-1.61868 -1.04777 -0.12817
-1.35342 -0.28214 0.44796
-1.04007 -1.04665 -1.00122
-0.90395 0.2369 1.09646
-0.36004 0.68442 -0.88487
-0.41158 1.06652 0.09077
-0.47425 -1.14478 -0.17074
-1.53254 -0.57408 -0.82598
0.32194 -1.67213 -0.48149
-0.6046 -1.41008 1.01568
-0.78122 1.29166 -0.91905
-1.13026 -0.30371 -0.21979
0.06197 -0.52943 0.1913
-0.5333 0.17467 0.59048
0.92025 -0.98933 -1.54659
-0.04525 -0.53485 -0.77705
1.61603 -1.36448 0.71315
-0.15027 -0.08392 1.17476
1.01744 -0.81874 -0.45318
0.49616 -1.60989 0.73117
2.51646 0.11309 -0.93996
0.77281 0.09406 0.08446
-1.70956 0.53868 0.62569
0.38287 2.48414 0.46877
-0.10963 2.79799 0.40432
1.55983 1.8593 1.28596
0.99718 2.94836 -0.52986
-1.77748 -0.37356 0.0427
-0.87045 -1.1768 -0.07473
0.01384 0.25637 -0.1428
0.43954 0.10255 -0.9351
-0.46176 -0.89099 0.20656
-0.5271 -0.90377 1.68346
-0.11963 -0.28221 2.24351
-1.38931 1.86228 0.54317
-1.64079 1.45055 -1.27473
-0.51611 -1.24744 -1.44874
1.42932 -1.34978 0.56641
-1.02217 -1.25998 0.52802
0.77681 -0.30945 -1.13964
0.06024 0.397 0.2178
-0.37543 -0.02405 -1.41595
0.92247 -0.40003 -0.22511
-0.67682 -0.19821 0.43775
0.22271 -0.74699 0.34008
0.64409 0.24561 -0.74244
0.42093 -2.54323 -1.36675
0.8307 -0.1592 0.42468
0.39727 1.2931 -0.4401
-1.9873 2.06817 1.67954
0.38064 0.22093 -0.17687
-0.49288 0.95179 -0.20245
1.53505 0.79801 -1.09783
0.8022 0.74256 -0.26395
-0.47615 -0.17675 -0.06294
-0.06821 -0.18504 0.34038
-0.49231 -1.07733 -1.08487
-2.49517 0.3695 0.59975
0.82489 3.52583 -1.0301
0.53157 2.82147 -1.15491
0.87014 0.62599 0.76264
-1.0725 -1.92682 0.98345
-1.08526 -2.14936 0.09845
1.53936 -0.53938 -1.56596
-0.61157 0.60286 2.36768
-0.91665 0.72027 1.78206
0.74369 0.37087 -0.05434
2.09797 -0.93272 -0.45132
0.76489 -0.96597 0.06416
0.26458 0.77364 1.27644
0.0455 0.99456 -0.32267
-0.67089 0.6718 -0.20503
