-2.81873 2.17469 -0.92859
-1.0843 3.74278 -1.18061
-0.37604 2.623 0.58453
-1.37279 0.4526 -2.13423
0.21387 0.10728 -0.75965
-1.96763 -2.52231 -1.03883
0.16397 -1.7637 -0.21769
-0.36831 -2.41577 0.4412
-1.23462 -1.63805 -1.30814
0.04627 -1.44335 -1.22859
0.37492 0.52929 -1.3961
-1.26123 -0.48185 -0.11578
-1.6161 -0.44066 0.10005
-0.29981 -1.11765 -0.48403
-0.4415 -1.98944 0.02414
-2.30409 -2.09535 0.88654
0.6096 -2.321 -0.38469
0.0363 -0.74532 -1.10096
0.39121 -2.39863 -2.51501
-0.11332 -3.10305 0.54232
-0.2289 -0.36598 -0.53955
0.07451 1.01714 -1.12764
-0.18061 1.30207 0.80525
1.46843 2.25789 1.82557
-0.46887 1.99087 1.76562
0.63819 3.94972 1.09204
0.09294 4.8995 0.27235
0.083 4.57432 -0.65027
-0.45521 4.19482 -0.58301
-2.03535 4.72996 -1.12461
-0.88862 4.40364 -0.31596
-1.32909 4.32779 -0.89031
-1.25465 4.42795 0.4086
0.072 2.80166 -0.6854
0.0787 2.26955 -1.62456
-1.91069 0.7258 -1.48268
0.14419 0.01047 -2.2781
0.48878 0.00966 -1.42487
0.63581 -1.64955 -1.72132
-1.85499 -3.83488 0.18844
-1.63014 -4.07772 -0.34051
1.48596 -3.07175 2.06245
2.17969 -1.41374 0.95166
0.16268 -1.16826 -0.10183
-0.30364 -2.18429 -0.13346
0.10984 -1.0557 0.77431
1.63487 1.10673 -0.16838
-0.02584 1.24329 0.70771
-0.18371 2.31753 0.57239
-0.37096 1.04799 -0.8254
-1.75735 1.66767 -2.15116
-2.08465 2.41065 -0.97957
0.79447 2.2689 -2.23555
-1.55827 0.42037 -1.12369
-1.21902 -1.68676 -1.89447
1.13068 -3.04709 -1.6386
-1.23286 -3.0325 0.2063
-0.69798 -1.73317 -0.63738
-0.31006 -1.80755 -0.79093
1.22957 -1.4482 0.40325
-0.15134 -2.59333 -0.86774
-1.59674 -0.8006 0.81933
0.17832 0.82048 1.45418
0.40134 0.91019 -0.69781
-0.86068 0.26252 -2.032
0.17646 -0.18034 -1.2785
-0.01343 -1.15686 -1.04177
0.06385 -0.37894 -1.08576
-0.37642 -1.2132 -0.35934
0.76958 -0.57545 -1.28624
0.03968 -1.17904 -0.36892
0.0682 -0.82341 2.1959
1.77728 0.46013 0.24708
0.49042 -1.05022 1.19458
0.66045 0.74816 0.29967
-0.3744 0.74871 0.34476
1.12285 1.42695 0.35862
1.13456 1.08733 -0.14105
1.52261 2.65234 0.15914
1.10694 3.53509 -0.6493
1.06566 5.89596 0.45322
0.88547 5.68306 0.45861
1.32636 5.46571 -0.3133
-1.47787 4.81312 -0.44515
-0.952 2.17568 0.07259
-0.31524 3.08198 -1.30813
0.57456 1.33713 -1.55634
-0.32145 -1.66356 -3.03749
0.25906 -1.25072 -1.31851
1.08841 -0.27201 -0.21087
-1.73591 -0.29685 -0.86914
-1.62403 1.87064 -0.51236
-0.34994 1.33903 -0.38293
0.15232 0.45292 0.96283
-0.73769 0.14351 1.23736
1.27342 -0.61717 0.26626
-0.47769 -0.25114 0.03043
0.03528 0.12806 1.65013
-0.76111 -2.57406 0.53613
0.42371 -2.35517 0.65775
0.49882 -1.69103 0.56364
2.46809 -1.37924 -1.23504
1.91461 -2.8049 1.33532
1.72723 -1.84327 1.03974
1.50942 -1.5242 -0.33139
0.26673 -0.83249 -1.0914
2.45049 -1.57154 -0.51514
0.54813 -1.74678 0.57316
0.4749 -0.80583 0.18321
1.03367 1.05448 -0.7477
0.57911 1.26806 0.49202
0.52739 0.94984 -0.06169
-0.39034 1.61799 -0.25407
-1.65264 0.61661 -0.76821
-1.09115 -0.498 -0.10666
-0.66082 -1.63331 -0.05949
-1.29046 -1.59052 -0.04077
0.26766 -1.54167 -0.33166
-0.67834 -1.27536 -0.21912
0.21528 0.09117 -1.60831
2.51195 -1.35626 -0.6196
2.04603 0.45713 0.91209
0.92596 0.43042 1.4387
-1.08992 -1.47789 0.84246
-0.8496 -0.50184 -0.1523
0.3938 -1.05998 -0.82775
1.45273 -1.13424 -1.73796
-0.9642 -1.67864 -0.69296
0.83676 -2.39448 -1.59734
-0.64841 -2.31055 -0.57755
-0.45116 0.51025 -1.54899
-0.52179 -0.61827 -0.62586
-1.31188 -0.19824 -1.06354
-0.78963 -0.43011 0.04709
-1.69572 -0.66201 0.92024
-1.34148 -1.51663 -1.40029
2.87719 -1.93629 -2.15478
1.84897 0.22961 -0.23705
1.35286 0.10806 -1.21941
-0.72841 -1.78687 0.16989
0.23938 -1.33765 0.08484
-1.25798 -0.61863 -0.74294
-0.72572 -0.06309 -0.55303
0.68474 0.96421 -2.04743
-0.91869 -0.30551 1.32554
-1.25131 1.19445 1.33261
0.29799 -0.5542 -0.49613
-0.2531 0.74712 0.94053
0.77574 1.00169 1.20915
1.11774 0.50544 0.34722
