0.2334 0.9841 -0.71622
-1.18668 0.9622 0.24719
0.57355 1.76243 1.04666
0.0147 1.44818 -0.23302
0.44632 0.86561 -1.83252
1.58141 2.51322 -0.20692
0.25274 1.43816 0.89005
-1.38465 2.86689 1.1802
0.19707 4.36556 -1.04552
2.73923 2.50722 0.19555
1.75846 3.10769 0.08748
0.05605 4.42681 1.93832
1.76379 5.8213 -0.31617
2.97062 6.23654 -0.95355
2.49275 4.07381 1.08644
1.49327 6.3313 0.36529
1.59905 5.13141 -0.59338
2.34057 7.10824 0.38283
0.69518 7.08495 -2.27571
2.26216 6.23484 -0.06021
2.2708 6.07305 0.89112
1.93784 7.03883 -1.32872
1.85894 7.36763 -0.061
1.37277 7.63581 1.78826
3.56761 5.885 1.4802
2.19023 4.00542 -1.34064
1.85261 6.04647 0.79006
1.19472 6.06542 2.55611
2.47736 6.00983 -1.11243
1.87093 5.81456 -0.22419
3.49551 5.87668 0.08025
2.22396 4.73259 0.37997
2.34666 5.13835 0.76302
1.69124 5.07535 -0.23952
2.75363 4.27513 -0.14472
2.39047 4.45707 -0.07875
1.56931 5.63865 0.54454
2.34139 6.24558 -0.00397
2.39699 5.80178 -0.12835
3.94753 5.75538 0.94605
1.0111 5.60687 -0.3739
2.57924 5.69771 -1.79541
2.51549 3.73 -0.95391
0.67609 4.83591 -0.90129
1.57192 2.66437 0.05561
1.07574 3.28143 -0.98165
0.71547 4.10381 0.10292
-1.22982 3.31696 -0.23718
-0.78893 3.98604 -1.5391
1.11776 4.90011 -0.04099
1.04024 2.80805 0.87726
1.3762 3.30111 -1.11495
2.65821 4.80196 -0.50846
1.75208 4.15223 0.00411
1.34819 2.38785 1.24072
-0.16185 1.87742 -2.06361
2.02078 1.4988 -0.20111
0.7734 0.86169 -1.91232
2.0929 1.81038 0.38561
0.33191 2.31466 0.56558
-0.43513 2.82843 -0.7633
2.08374 2.53629 -1.46137
2.96129 1.62894 0.27819
1.52925 4.42461 -1.84719
-0.31553 4.43243 0.49225
-0.05194 5.11231 -0.29813
2.58323 4.6092 0.03182
0.92702 4.72556 0.41723
1.18145 6.0659 0.33456
2.42189 5.74565 0.35615
2.15328 6.74906 -0.08732
-0.02167 7.53976 -1.29302
0.43334 8.92635 0.28042
2.66618 7.96611 -2.13369
3.58166 7.81649 -2.06403
1.37024 6.83402 0.70332
0.92103 6.92825 1.48308
0.53511 8.73341 -0.86925
2.39171 7.94745 0.30865
2.16138 7.37569 0.56282
3.29681 5.33271 0.47753
3.15349 5.62859 0.77713
1.32093 5.04805 0.26689
1.55428 4.73065 0.52225
0.37876 6.05098 2.05174
3.18241 6.77496 -0.60106
3.78603 7.4444 -0.47111
1.28308 7.35804 -0.34497
1.24488 6.29977 1.57137
0.95617 7.76343 -0.43626
2.8977 7.25625 -1.42414
2.41111 5.63629 0.03012
3.0157 6.4022 -0.42162
2.84552 6.25301 -0.40076
3.69112 5.78362 0.20418
3.34369 7.77144 0.30926
1.69523 7.09548 0.97039
1.41381 7.97898 1.87808
2.20396 7.23639 -0.44228
1.18585 6.2099 -1.2307
1.25121 4.69525 0.02848
2.32232 3.73033 -0.07133
2.55487 2.99806 1.03476
1.90713 2.24548 -1.04134
0.24812 3.16334 -0.33771
0.66339 3.7251 -2.25508
0.15245 4.57359 0.1398
-0.72734 3.62989 0.64821
0.23438 5.14165 0.37442
0.92946 5.73089 1.01406
1.53091 4.70546 -1.33194
0.76032 4.75683 1.79702
2.25017 5.38002 -0.27051
2.54544 4.39666 -0.51847
0.10937 3.81007 -1.28114
1.02572 2.32579 -0.29783
0.9416 2.31881 -0.41117
-1.37289 4.92945 -0.58772
0.81415 5.25297 -0.75317
2.39203 5.25737 0.1156
0.80203 5.3841 -0.56911
1.7104 6.69717 1.88168
1.0181 5.33614 0.99113
4.57188 5.79397 -0.85983
2.08282 5.03859 -1.17345
1.43566 6.29369 -0.5695
0.36244 5.02856 0.2786
2.78412 4.53268 0.63945
0.97808 2.9972 -0.99088
1.33757 2.68372 -0.96093
1.56038 2.60797 0.75693
0.48577 2.88399 -0.95274
0.64469 1.83004 -0.41628
0.59258 0.70566 0.961
-0.07104 1.4621 -0.60805
-0.96042 1.95817 0.89135
0.67643 2.29723 0.95552
0.7749 1.20196 0.98974
1.8345 0.35187 0.39357
2.12451 2.68641 0.54324
1.28035 2.55421 0.55079
1.46328 3.86241 1.00814
2.61826 4.0012 1.03635
1.24539 3.77783 0.07423
0.57637 4.05972 -0.42546
1.08762 2.95275 -1.37323
0.83778 0.34099 -0.2322
-0.89599 1.69242 1.88942
0.65742 2.72719 -0.31207
0.13504 0.26208 0.0322
