-1.69431 1.01916 0.4096
-0.66937 1.72065 -1.89969
-3.955 0.25121 0.70533
-2.51668 -0.06117 -1.22696
-1.70827 -0.51655 1.31517
0.47816 -1.37066 -0.03438
0.34961 0.60289 -0.90051
0.30061 1.12187 1.61156
-0.59159 -0.13443 -0.19204
-0.88299 -1.36773 -0.43054
-0.90096 0.83053 -2.05318
-0.84472 0.72556 0.58899
0.81527 -0.15795 -0.29096
-0.31098 -0.13779 0.19354
0.78563 0.54532 -0.45362
0.52413 0.72231 1.05836
-0.63801 1.94234 -1.43785
-0.3414 0.6911 0.44627
0.49894 -0.04355 -0.33531
-0.27072 -0.4502 -0.09444
-0.64695 1.06097 -1.60145
-0.15863 -2.8449 0.48328
-0.13492 -0.31156 -0.40133
0.38124 -1.4968 0.13799
0.70012 0.51914 1.41971
0.67865 0.48761 -2.68532
-0.28073 0.3761 -0.87846
-0.21282 1.97519 0.35294
0.18282 0.61712 -0.93151
0.61489 -1.13964 1.03692
0.53786 0.63844 0.3115
-0.09197 1.19009 -0.19721
-1.0271 0.72284 0.40082
-0.63949 1.44692 -0.19741
-0.42437 0.06736 1.51485
0.10522 0.51508 -0.01238
-0.2053 0.09742 0.2945
0.29527 -0.22938 2.02884
0.8416 -0.17674 -0.57021
3.27445 1.29831 1.66164
4.18108 0.86096 -0.94155
3.82284 -0.21837 1.20394
1.2821 1.68205 -0.27578
-0.34586 -1.22676 0.91193
0.25445 -1.50513 -1.21448
1.5816 -1.43046 0.37193
1.72431 0.85441 -1.00462
-0.28872 -1.59624 -2.23433
-0.38005 -1.24413 0.1844
-0.9755 0.00585 -0.15346
-0.82078 -1.45733 0.53489
0.19732 -0.1733 -0.97841
0.0313 0.06181 -0.95981
1.96868 1.06705 -1.57062
2.17093 -0.12558 -1.52503
-0.46667 0.31514 -0.63442
0.19607 3.42887 -0.93108
-0.09792 -0.01045 0.13816
0.00357 0.54391 0.56094
0.3276 0.80051 -0.78047
0.11082 0.82723 1.13095
1.18089 -0.59794 0.34777
2.13287 -1.1576 0.55236
2.41768 -1.36979 1.98101
0.9774 2.38026 0.53505
2.36195 0.15592 -1.5629
0.44936 0.73376 0.09813
-0.52808 0.30643 -0.29795
-1.64079 -0.95902 1.58273
-1.8037 1.28706 0.30384
-0.77147 -1.08496 -0.92677
-0.77347 1.95711 2.3349
-0.41802 0.85017 0.19968
0.86868 0.02276 0.18689
0.44911 -0.7581 -0.91818
-0.33122 0.31168 1.05642
-0.48141 -0.5988 -0.4815
0.64357 1.30558 -1.10715
0.38239 0.22715 -0.37726
-1.323 -2.04954 -0.44272
0.73449 -1.10978 2.24454
-0.92906 -0.74552 -2.26658
0.27259 0.33335 2.13253
0.61769 -0.71899 -0.1541
-0.12888 -0.01269 -1.60466
1.37298 0.57301 -0.21033
2.07429 2.71692 0.38141
1.44282 -0.91978 0.09214
1.93771 -0.97152 -0.89234
2.42232 1.57206 0.56694
1.97719 0.53724 0.64905
1.52458 -0.39718 0.09228
-0.18236 0.60305 -0.16175
-0.25353 0.0042 0.81036
1.49228 0.12569 2.11008
0.53189 0.02602 -1.53897
-0.68287 1.23927 0.30526
-0.54581 -1.634 0.02498
0.13882 -0.15509 -0.61611
0.70508 -0.90698 -1.62728
0.52155 -1.00401 -1.56385
0.787 0.77255 -0.14566
1.36248 -0.43845 1.09662
1.85566 -0.94872 -0.40903
2.45662 0.66751 -1.44142
2.42843 1.77994 -1.09303
1.91618 0.50429 1.65649
0.80304 -0.17162 0.04071
1.4992 -1.72368 0.07701
1.83507 0.39333 0.5977
0.47209 -1.93727 0.62407
0.55096 -0.21452 -0.32124
1.19985 0.25204 -0.92128
-0.66834 -0.08151 0.45596
0.5442 -0.35659 -2.46159
-0.13057 0.18369 -1.93653
-0.3848 -0.38965 1.15832
-0.27874 -0.33573 -1.25481
1.20312 -1.51048 0.73941
1.048 -1.2267 2.84477
-0.68195 -1.13283 -1.85988
-0.23987 0.6646 -0.15235
-1.49274 2.71114 -0.42405
-1.30797 0.75352 0.47376
-2.09757 -1.6049 -1.64879
0.57684 -0.81004 -1.01596
-0.7213 -2.07962 2.51628
-0.32536 -2.31805 0.03326
0.04657 2.40409 1.19033
-0.27941 -0.45536 -0.21371
-0.3836 -0.53109 0.31552
-0.59416 -0.24468 0.158
-1.86057 -1.37658 -1.31781
-0.47238 -1.2869 -0.06573
-0.94722 -0.25156 -0.4022
-1.88845 -0.39919 0.47837
0.458 -0.22468 -0.58131
-0.85765 1.07285 -0.16679
-2.12087 0.13661 1.53351
-0.8245 -1.2115 -0.05199
0.11287 -0.02907 0.4893
0.92547 -0.31412 -0.45677
0.35016 -0.71076 -0.97382
-0.88125 -0.09269 0.7617
-2.09708 -0.3041 -0.58411
-1.73392 -0.33741 -1.38405
0.00979 -0.58027 0.14089
0.00744 -1.00352 1.09383
1.35656 -0.83228 0.71364
1.21086 0.97805 -1.47227
