1.97099 1.88116 0.25038
3.40916 2.64562 -0.3757
1.96799 2.96297 0.10825
1.86489 2.56011 -0.26399
2.37244 2.89963 -1.44911
2.60096 3.32171 0.08646
2.51771 5.57441 -1.21306
1.02389 5.30104 -1.49582
2.04852 4.41834 -2.85484
-1.15082 4.9805 -2.1387
-0.66598 2.1791 -2.01567
-0.75154 1.71172 -1.07759
-1.70007 0.05368 -0.78587
-0.75272 -0.67168 -0.73077
0.38914 -1.99092 -0.329
0.74785 -1.77515 1.73141
3.85406 -1.06167 4.31466
3.4215 -0.29889 4.55188
3.25905 1.06091 5.01256
5.10796 0.67665 4.48243
5.38478 2.21692 4.03011
5.23067 4.40733 2.85948
3.59585 7.13829 2.27533
4.38676 9.20481 2.3407
2.68559 9.11503 1.86423
2.54163 7.94582 1.60772
4.89184 10.10865 2.07971
4.74567 8.41623 3.44577
5.20361 7.91215 3.16783
6.74308 6.82693 1.68288
6.14452 6.45662 2.92173
6.74679 5.95157 4.44222
6.63153 5.25101 3.75264
6.4168 4.87721 4.20988
6.12092 6.48601 4.12283
6.22057 7.29142 5.3667
5.91333 7.46971 6.89337
7.8155 9.50584 5.18685
6.36223 10.28576 5.65005
6.51863 11.65932 5.41425
8.36403 11.17743 6.05283
7.12169 11.85007 6.64394
6.07067 15.14348 5.90241
7.21035 14.8559 3.94097
7.2893 15.3002 4.2295
7.45027 16.52887 3.35959
5.84318 14.92687 3.74655
5.71852 14.13505 1.57907
4.14177 15.28205 2.9493
6.00989 14.0337 1.14623
6.13117 13.63412 1.37639
6.07075 11.82044 0.48184
5.73338 10.02134 -0.46891
4.15474 10.87302 0.44276
2.2034 12.34728 1.24299
0.57975 10.76538 -0.20023
0.68936 10.09675 -0.01206
0.46123 7.64132 0.13881
1.3329 5.797 -0.60313
1.56726 4.88344 -2.13841
0.23618 4.68708 -1.59412
-0.00602 4.265 -0.92397
1.02148 2.92679 -0.14718
2.48604 2.93285 -0.23147
2.42148 1.54063 0.54408
1.38398 1.46148 1.86373
0.07912 2.9428 0.27788
-0.0003 3.64598 0.61005
-0.23712 2.61101 -0.74071
-2.70264 2.04254 0.018
-0.68915 1.67434 1.66429
-1.03846 1.1694 3.37459
-0.99119 0.55636 3.65245
0.93971 0.78222 3.88266
0.09199 1.40889 2.95105
1.42977 2.85496 2.12302
2.12705 3.32293 2.63605
5.80616 5.00915 2.74887
5.82603 6.5092 0.17647
2.07764 7.04427 -0.3417
1.64296 6.52277 0.56581
0.5411 5.77825 -1.39504
0.94959 5.9739 -0.96531
2.6547 5.71446 -0.88095
2.87744 6.37346 -0.83021
2.42185 5.58968 -0.78477
0.19759 5.13609 -0.5296
2.23189 4.9149 0.03521
2.20048 4.30374 -1.51417
2.13478 3.55263 -2.35774
0.27494 5.91783 -2.94018
-1.84706 5.21432 -1.82235
-1.04144 5.23389 -1.50941
-1.0264 3.48648 -2.82156
-1.39608 -0.15649 -0.09815
0.99394 -0.0165 -0.05616
-0.01583 0.28196 1.29246
-0.22505 -1.72913 1.2203
-0.74405 -0.03131 1.33182
1.15127 -1.14016 0.62467
1.28054 -2.63937 -0.1676
0.06609 -1.43448 -0.22506
-2.2398 -0.40093 -1.51902
-1.99429 -0.59815 -0.45108
-2.31917 2.92748 -1.4121
-1.55135 2.40171 -1.91911
-2.03935 1.87257 -2.19696
-3.56401 0.05541 -1.42743
-2.95383 -1.30002 -1.1462
-1.88287 -2.35695 -0.73341
-0.69522 -2.47939 -0.36048
-1.37295 -2.52226 -2.27537
-2.2096 -2.02724 -1.32359
-2.40365 -2.13205 -2.25011
-2.17035 -2.35805 -1.25485
-1.70254 -2.9833 -2.25514
-2.65054 -2.33154 -1.84206
-3.16127 -2.06528 -0.63391
-2.70273 -2.43706 -0.37756
-2.36912 -2.97648 1.03412
-1.85219 -2.8524 0.80875
-0.85365 -1.22522 0.60364
0.60809 0.3206 0.07244
1.26637 1.9578 -0.17202
1.11723 0.93388 -1.33395
0.1321 -1.74347 -2.73005
-1.3945 -0.57272 -2.60677
-2.13523 0.75597 0.84349
-1.3079 -1.34388 0.436
-2.13712 -0.4345 -0.61068
-1.27465 0.39572 -2.19782
-2.20718 0.67278 -1.16191
-3.57477 -0.35375 -0.91424
-3.23075 -0.58049 -0.21347
-3.99185 -1.16834 -0.37298
-4.05449 -2.07044 0.6152
-1.29329 -2.83285 1.75929
0.78601 -3.65157 1.00045
1.0573 -1.85454 2.49639
1.55912 -1.78769 2.67228
2.95985 -0.00419 4.04201
3.97976 2.15807 3.72296
4.23885 3.42874 3.87059
4.14505 3.15077 3.21984
2.35937 4.77533 2.96666
2.9962 5.39197 4.15332
0.54836 3.91155 2.68766
1.49552 3.21482 1.61409
2.27803 3.96625 0.9048
0.89383 2.94923 0.42403
