-0.06167 -2.18251 -2.61853
-1.48996 -0.23558 -1.7671
0.6215 -0.04174 -0.19652
0.63697 -1.89103 0.0757
1.70452 -0.58499 -0.40815
2.75666 -1.78768 -0.59884
2.35472 1.11258 -0.14017
3.54469 2.05786 -1.4634
2.76574 2.66712 0.87621
1.73271 2.35171 0.9528
0.84349 0.00455 1.03989
1.45362 0.18089 1.41257
0.73467 1.77223 0.98277
1.47409 1.01923 1.8335
0.15735 1.0018 0.45002
-0.00688 1.23983 0.42981
-0.37297 0.52429 1.51031
-1.05171 0.88999 0.15791
0.95695 1.98163 0.10757
-0.25218 0.88578 -0.59836
-1.32503 -0.29439 0.77388
0.35117 -0.76713 0.48945
0.29295 -1.10353 0.65666
-0.81418 -1.15046 1.43874
-2.08424 -0.44319 -1.00057
-3.32375 -0.22234 -1.36958
-2.11484 -2.3415 -0.25307
-1.55046 -2.04166 1.55871
-0.03709 -1.89492 0.50201
-2.06762 0.17257 -0.30179
-1.9699 -0.03997 -0.85691
-2.46667 0.78198 0.41139
-1.97556 -1.0537 1.03591
-0.88828 -0.24897 -0.71866
-0.34873 0.44137 -0.1675
-1.33977 -0.78222 -0.13932
-1.55339 1.28923 -0.30583
-1.41691 0.40743 -0.48646
0.24325 -2.0684 -0.65323
1.50951 -0.97587 -0.80322
0.76908 0.77164 -0.31809
0.75909 0.87353 1.52156
0.66939 1.80938 -0.0102
0.9936 -0.01763 0.50962
2.00093 -2.31166 1.08069
1.23254 -1.94559 -1.69868
2.78361 0.82182 -0.48455
0.36463 -0.05318 -0.34201
-0.32384 -0.95395 1.7212
-0.88114 1.14519 0.69345
-0.29353 1.52032 1.67573
-1.10234 -0.62868 -0.75805
-0.0754 -0.51655 0.53583
1.06616 -1.82475 0.07378
-1.54346 -1.8833 -0.37556
-2.46923 0.1909 -0.72942
-3.07896 -0.09927 0.11571
-3.63295 -0.06057 0.88715
-3.36932 -1.23934 -0.75527
-2.59295 -0.89926 -1.14842
-0.69293 -1.37639 -0.5357
0.18946 -0.66596 -0.80171
-0.2731 0.66902 -2.72019
-2.2237 -0.29924 -1.29075
-2.55627 -1.5281 -2.5952
-2.35701 -2.07251 -0.58329
-1.7964 -1.6659 1.23365
-3.09497 -1.25938 0.31548
-3.13388 -1.5083 -0.88159
-3.33693 -1.33634 0.52248
-2.09053 -1.91494 -2.39962
-2.56439 -1.21909 -1.00899
-3.99856 -1.95435 -0.93809
-6.48484 -0.02993 -1.88901
-4.57852 -2.52222 -0.06481
-5.00687 -2.53664 -0.48135
-4.37755 -1.35153 -0.9125
-4.11103 -1.91913 -5.27325
-4.58398 -2.54397 -4.34125
-2.29505 -4.80806 -0.4563
-3.83414 -2.25728 -1.599
-4.05995 -1.55436 -1.86682
-3.32824 -0.25585 -2.64474
-3.91379 -0.25489 -0.89928
-4.02736 -1.33372 -0.22522
-3.08327 -1.89708 -0.59556
-2.58499 -3.33618 -1.36636
-1.486 -1.79711 -1.14863
-2.15712 -0.80836 -2.35804
-2.72683 0.56506 -2.3077
-1.40011 1.0353 -1.24828
-2.28513 -0.91701 -2.14899
-2.53906 1.18416 -0.53534
-3.18631 -1.46815 -1.51022
-3.56827 -2.61496 -0.49817
-2.03251 -1.08518 -0.72996
-1.42321 -0.41017 -1.57132
-1.07928 -0.57507 -1.24186
-0.1323 -0.64613 0.01523
-1.36407 -0.4058 -0.76045
-1.7266 -1.42473 -0.85065
-1.93931 -0.25633 -1.34438
0.29661 1.6796 1.11894
-1.49376 -0.76066 1.81576
-0.96446 -0.9678 -0.27323
1.66439 -0.0276 -0.04141
0.60078 -0.80961 0.20894
1.35551 0.5679 0.29785
1.01431 0.09858 -0.01294
0.28642 -0.7338 0.53083
-0.51171 1.46738 0.15924
0.15567 0.73098 0.58904
0.57329 0.12961 -0.64434
0.02918 0.78646 -0.46681
1.76958 -0.49243 2.00668
1.02708 0.09167 1.55619
2.23686 0.65634 0.64315
-0.16564 0.59676 0.75385
2.23956 -0.20874 1.22876
2.01176 0.58163 0.94625
3.10153 -0.03961 -0.13286
1.24355 1.8649 0.50749
1.17594 0.97751 -0.3699
0.01697 0.84315 1.3125
0.09379 -0.80463 0.76242
-0.5085 -0.86291 -0.17928
-0.39857 -1.09597 1.67584
-1.20431 -1.36185 0.56438
-1.31066 -1.59112 -0.36362
-2.20938 -2.45109 -0.68435
-2.99484 -2.4008 0.28176
-2.00496 -0.75491 -0.30265
-2.02 -1.49853 0.38668
-0.95747 -0.60604 -0.21538
-1.54309 -2.36821 -1.94216
-0.81841 -0.25427 -2.27549
-0.71509 -2.45776 -1.16845
-1.41227 -2.00373 -1.10208
-1.66632 -1.53381 -0.4671
-1.63547 -2.69541 1.39548
-0.14395 -2.3462 2.44549
0.70109 -2.0598 0.96419
-0.05215 0.68698 0.69808
-1.76194 1.59866 0.48718
-1.89879 0.62038 1.06718
1.99796 -3.75586 0.1463
0.62789 -2.48041 -0.1489
0.36334 0.99485 -1.69392
0.12912 1.19794 -2.27339
-1.80918 1.58799 -0.85792
