-0.73458 2.72441 -0.57533
0.11709 -0.60749 -0.73527
0.3177 -1.51018 -2.22475
-0.80388 -0.28724 -2.03186
1.61205 -0.57226 -0.67088
0.07821 0.82293 0.06929
-1.245 1.14776 1.92975
-0.22716 0.25486 1.00917
1.6697 1.55985 -0.3369
1.00157 2.24872 0.93135
0.01323 2.55584 0.55619
-0.53701 0.40198 2.0596
1.18668 0.60274 2.131
-1.33998 -0.66066 1.21076
-0.1952 -1.26954 -0.00372
1.15473 -1.37818 0.86308
-0.6432 -0.7182 -1.36017
-1.09361 -1.10753 -0.45562
0.53885 -3.4939 -0.72845
0.4693 -2.98381 -0.20966
0.50762 -2.66325 1.32298
1.09486 -0.60448 0.58507
1.66688 0.02146 -0.43445
1.42125 0.98806 0.54323
-0.54068 -0.09679 0.69741
1.01398 0.72853 0.93181
-1.73041 0.63681 -0.36417
-1.58978 3.28996 -0.72683
0.84243 1.27452 0.39062
0.48119 -1.33023 -0.14694
1.11268 -0.95861 0.8489
1.59863 -1.05106 -0.02086
2.61656 0.47701 0.26682
-1.70276 0.87478 1.01409
1.92983 1.40472 1.58557
0.58565 1.77684 -1.92633
-0.10804 3.85972 -0.30191
-0.63751 3.23777 0.71478
-0.30778 4.31883 -0.1004
0.03978 4.07031 -0.59783
1.74211 3.91892 2.60989
-0.78941 2.77807 2.44922
0.63659 2.17154 1.46385
0.52751 1.96939 0.85513
-0.28816 4.80778 0.44872
0.71473 5.63853 0.09753
-1.23837 6.00714 -0.28282
-3.27075 5.1777 -1.38275
-0.45231 5.2138 -0.16661
-0.04133 3.30462 -1.79986
0.50006 2.86244 1.03034
-1.41675 1.80083 0.57857
-0.97541 2.73029 0.17192
0.05206 2.13394 0.51764
-1.50057 2.25601 -0.12728
-0.35507 2.06673 0.62772
-0.72566 0.97441 -1.61096
-0.31053 0.3499 -0.03661
-0.51561 0.2888 -0.32818
-2.02041 0.6472 1.04754
-0.72758 -0.69916 1.73103
0.41636 0.36678 -0.49597
0.71773 1.36562 0.17034
0.77149 0.13812 -0.04361
-1.04922 -0.43009 0.27007
-0.35755 -0.37119 1.51772
-0.64979 1.26913 0.69563
0.25542 1.15113 2.21667
1.04095 1.20208 1.94239
1.09536 1.30174 1.43841
1.37509 2.26993 1.01692
0.61801 2.85402 0.45046
-0.87265 3.85124 0.12736
-1.49745 3.28624 -1.00286
-0.22072 4.11918 -1.22809
-2.05673 4.68941 -1.15651
-1.01385 3.99148 -1.23106
-1.67192 3.02734 -2.5246
0.02629 1.27365 -1.44716
1.86747 -0.32563 -1.42989
-0.38598 -1.58559 -1.91773
-0.56492 -3.2869 -0.00158
0.22997 -5.86565 0.52152
-0.7882 -4.87075 0.671
0.00055 -4.73957 0.15912
0.45519 -4.69214 -1.31565
1.40466 -3.76728 -0.84303
1.56356 -3.86398 -1.35115
0.45426 -3.38425 -0.6233
-1.00279 -6.45627 -0.54591
1.03868 -5.31482 -0.47697
-0.1151 -5.96131 -0.28937
0.26912 -3.98559 -0.15394
1.28806 -4.02734 -1.19157
1.42893 -4.54731 -0.03091
0.9734 -3.6574 0.48046
-0.43048 -4.25119 0.2319
0.46974 -3.34347 -0.60889
-0.36342 -1.68722 -0.21282
0.4826 -1.78568 0.97701
0.30762 -2.41377 0.77218
0.15155 -2.07436 -0.61206
1.32095 -1.41217 1.32281
-0.20177 -2.20506 1.57287
-1.2718 -2.46035 0.92768
0.93764 -0.94512 0.63731
0.59029 0.44273 -0.91007
1.59794 -0.90418 1.1631
1.47346 -2.8173 1.16736
-0.63876 -1.63881 0.7291
0.44728 -0.12381 0.70237
-0.31603 0.02917 -1.60339
-1.6738 -1.01309 1.19201
-1.15639 -1.61766 0.32401
0.31436 -1.4539 -0.41523
-0.528 -1.99359 -0.43943
0.45475 -2.51474 -1.04853
-1.52568 -2.5403 1.08934
-0.42756 -3.25123 0.04804
-2.5196 -2.6171 -1.19276
-0.4562 -1.15235 -1.46365
0.55794 -1.70215 -0.14314
1.59638 -1.57079 -1.24984
0.79053 -1.71414 -0.20241
1.60145 -2.71727 -0.74189
2.254 -3.97918 0.5524
-0.36478 -4.64015 -0.8509
-1.97506 -3.76532 -0.92823
-1.52169 -2.27057 0.66111
-1.53964 -0.53044 -0.16443
-1.25126 -0.07803 -0.5763
0.52905 -0.44699 -0.27686
0.20282 -2.0287 0.48859
-0.66155 -2.36936 0.05783
0.93384 -4.33536 -1.36714
-0.33416 -4.16828 -2.61865
-0.74639 -3.69742 -0.18616
0.73921 -3.5036 -1.55722
-0.32627 -1.60612 -1.44678
1.1536 -4.28083 -1.60912
0.34824 -2.99255 -1.52563
-0.85841 -2.86059 -0.33232
0.6829 -3.41404 -1.83074
0.90124 -2.57328 -2.13484
0.32718 -1.19497 0.10679
-0.74849 -0.49715 -0.86012
-1.09487 -0.36797 0.37028
-1.29139 1.02975 1.76846
-2.0282 0.58197 0.08049
-0.80536 1.7121 0.38434
