0.05777 1.08755 -0.22575
-0.0696 -2.46449 -1.20778
-2.339 0.79646 -0.20956
-1.39016 -0.10029 0.04004
1.41682 0.76301 -1.64158
1.29204 -0.30295 -0.55636
1.32334 -1.739 -0.59243
1.38374 0.80633 -1.76665
1.07398 -1.51862 0.79944
1.04862 -1.48547 -0.31821
-0.07677 -0.70252 1.79918
-0.48982 1.50493 -0.19871
-2.61689 0.52891 0.15244
-1.20779 2.00235 2.38279
1.20589 0.92835 0.06643
-0.33756 0.10592 1.12923
1.45011 0.24209 -0.22725
0.70949 0.62372 -1.25799
0.57241 0.23756 -1.22039
-1.20618 1.05377 1.02737
-0.78048 1.47974 0.30605
0.68226 0.12045 0.41354
0.16856 -0.2893 1.1352
0.57797 1.61781 1.43779
1.81207 -0.76329 0.58958
-0.15114 0.14098 -0.1425
0.96125 -0.57124 0.91424
0.58637 0.23541 1.0114
-1.5143 -0.08456 1.01017
-1.73686 -0.50762 0.74281
-1.36424 0.28072 1.24541
-1.36109 0.10394 0.77492
-0.31883 -0.01588 -0.42478
-1.15236 0.93976 -2.36275
-0.83181 1.18506 -2.19252
0.06429 0.35222 -0.13109
-0.30591 -0.20594 -1.4179
-1.20908 -0.78758 -1.04831
-0.63455 -1.24462 -0.2609
-1.7788 -0.20801 -1.13386
1.26231 -1.52227 -0.50559
0.54154 1.19032 2.00021
1.93187 -0.14164 -1.08464
1.00392 0.2149 -0.97545
0.38878 0.08793 0.37239
2.04671 -1.60607 2.63247
0.76858 -1.78724 -0.52146
-0.40492 -1.10169 -1.30484
-0.80666 0.86332 2.60299
-0.86439 0.65335 -0.69512
-1.1548 -0.24979 -1.81414
-0.6021 -1.33933 1.2027
-0.87138 -0.35264 2.17548
0.982 -0.52096 -1.70801
-0.15655 0.52192 -0.65103
0.22521 2.86187 1.72894
-0.08609 -0.19603 0.46856
-0.02143 -0.45621 1.69887
0.83708 0.36242 -0.81639
1.24372 0.95353 2.15765
-0.0842 -1.2778 -0.16264
0.62335 -0.01162 -0.04861
1.60526 2.03024 -0.0086
0.67851 1.04271 0.06425
0.23265 1.32778 1.24078
2.85044 2.23154 1.02507
1.18083 -1.91795 0.41643
0.58223 2.15323 -1.13015
-0.07136 0.28159 0.64022
-0.6193 1.52852 -0.2194
1.58713 -2.16415 0.86317
1.78235 -1.72246 0.3697
0.59639 -0.15855 0.72248
-0.74447 1.32056 0.46283
-0.64567 -0.12062 -0.20462
-0.93992 -0.43364 1.26799
0.32434 -1.44768 0.49904
1.46493 0.90544 -0.7963
0.4026 -1.0081 -0.03617
-1.71256 1.62626 -1.03854
0.10672 0.05872 -0.62048
-1.05974 1.33852 -0.65017
-1.06221 -3.32347 -2.72633
0.25951 0.06773 0.37119
-0.20678 -0.58846 -2.04119
0.58303 1.52948 -0.82675
0.13534 -1.1465 0.20846
-0.1721 1.10097 0.0936
0.74992 0.2977 -1.50645
-0.50411 0.99229 -0.83426
0.67303 -1.23889 0.48813
-0.29153 -0.02419 -0.08356
0.55609 0.32332 -1.28814
0.92393 0.47348 0.84778
0.00939 1.8913 -0.35832
-0.11504 1.80055 1.42967
-0.34325 -0.32845 0.2099
1.50103 2.0833 0.55436
1.19414 -1.30815 0.70364
-0.8794 -0.01954 -0.84226
-0.00959 0.40231 1.42321
-0.34309 -1.92864 -1.06993
-1.40798 0.62006 1.10084
-0.79237 -0.63738 0.65757
-2.07029 0.5006 1.37465
0.40284 -1.20006 0.04833
-0.52369 0.22114 -0.50128
0.77675 0.73278 -0.02877
0.46225 0.54969 0.03282
-0.46359 1.36764 -1.0149
0.99158 -0.80876 2.34934
2.67981 -1.66272 -0.06263
0.32918 -0.74626 1.2433
-0.62987 -1.42385 -1.70519
0.08445 -0.32388 0.18929
0.17322 0.7388 1.77148
-2.30831 0.91997 -0.79673
-2.18257 -1.34833 0.93734
0.94895 -1.64974 0.9391
1.46497 1.37338 2.31945
-1.39493 0.28652 -1.48966
-2.55774 -0.30118 -0.91953
0.04905 0.78839 0.74925
0.07072 0.52084 0.23929
0.64821 -1.26114 0.68628
0.72274 0.56935 -0.95689
0.37987 -1.73423 -1.11354
-0.44639 -0.68705 0.01532
0.04766 -0.59851 -0.74008
1.8153 2.11582 -0.71596
1.43429 -1.0241 0.7724
-1.6379 -0.07365 0.84097
2.50817 -1.19242 -0.24299
0.6185 -0.01074 0.28054
-0.23641 0.26095 1.93686
-0.13102 0.1371 0.89891
0.50433 -0.01236 0.49737
-0.93018 0.77073 0.54947
-0.51796 -0.55416 -0.80137
-0.2979 1.53058 0.89631
-0.67937 -0.22038 0.98455
-0.83246 -0.6528 -0.55456
-0.41529 -0.37443 -1.01624
-0.57284 -0.06323 0.55084
-0.44266 2.02581 0.61332
-0.82633 -1.20575 1.23729
1.34168 -1.1567 0.57467
0.2598 -2.18381 -0.77542
0.69062 0.69808 0.10604
2.22121 0.502 -0.76765
