-2.06688 -1.36822 -1.50805
-1.67746 -1.75811 -0.88687
-1.61347 -0.94742 -2.56618
0.91114 0.89861 -2.84216
0.91805 -0.02729 -1.71307
-1.31888 -0.53403 -1.99576
-1.13706 0.77779 1.42431
0.54209 -0.20644 -0.99289
-1.89258 -0.81783 -2.33149
0.79887 -1.14092 0.68302
0.66293 -0.97611 -1.93864
-0.48104 -1.56602 -0.54414
-0.46761 -2.66978 -0.42267
-2.55788 -3.50808 -0.67404
-0.68721 -3.93347 0.73609
-1.20571 -3.57701 -1.20705
-0.79315 -3.4404 -0.66492
-2.44488 -4.03819 -0.88805
-0.7388 -2.84747 -1.11108
-1.46333 -3.49321 -3.2503
-2.21472 -4.65452 -2.16683
-0.66168 -4.07985 -0.64823
-1.60912 -4.73023 -0.69577
-1.38692 -3.27588 -0.67972
-0.90641 -2.98062 -1.49674
-2.29114 -2.64995 -1.30365
-1.31735 -1.38572 -2.01487
-4.17199 -0.65092 -0.67701
-1.69704 0.22976 -1.11824
0.54373 -1.05979 1.99984
0.06912 -0.26998 -0.86363
-0.01458 -1.22298 -1.98346
-0.68429 -1.20193 0.27418
-0.23881 0.30115 1.01589
-1.37236 0.35725 1.27086
0.43603 0.00848 2.48192
1.14502 -1.70333 -0.20118
0.05539 -1.76905 0.25589
-1.27618 -2.29043 -0.91043
-0.45497 -2.66762 0.94435
-1.40985 -1.81615 -0.83653
-1.59882 -1.89477 -1.19658
-2.38459 -1.70868 -0.94795
-0.90867 -2.28047 -0.57007
-0.50149 -1.90437 -2.62827
-0.77592 -2.51524 0.71776
-0.10151 -1.43712 0.66809
1.1884 -0.48447 -0.85934
2.03213 -0.23127 -0.34098
0.59769 -0.39021 -0.9593
-0.2578 -0.50807 -0.28419
0.24054 -0.00039 -0.14234
0.25751 -0.06727 0.23279
-0.75084 0.33143 -2.50221
-0.04868 0.29525 -1.17422
0.22848 -0.1017 -2.47093
-1.2223 1.75971 -0.3148
-1.21814 0.24676 0.46241
-0.97321 -0.17436 -0.4176
-1.42731 -0.20411 -0.03673
0.57494 -0.33582 -0.12509
1.32394 -1.47087 -0.5046
0.59077 -2.46495 0.93278
1.6428 -1.86263 2.58842
1.25599 -1.50017 2.32662
0.90806 -1.77407 0.19023
-0.76649 -0.04516 0.052
-0.05303 -0.72152 -1.39535
0.7084 0.35649 -1.72719
-1.1262 0.76554 -2.56652
0.13218 -0.97217 0.50998
-0.07354 -2.30864 -0.56609
0.0032 -1.44258 0.03195
-2.06141 -0.18222 0.04939
-1.73829 0.70624 0.0623
0.39984 -0.72961 -3.11545
0.70054 -1.19605 -3.74387
-0.61367 -0.68161 0.19107
-0.26088 -0.9238 1.50953
-1.972 0.0501 -0.339
-1.47738 -0.01568 -0.05507
-0.20084 0.44576 0.11324
-0.01374 0.61758 -0.64189
-1.15365 0.28931 1.41001
0.00597 0.11254 1.14837
-1.42587 -0.89187 -1.40626
-1.9182 -0.35022 -0.50349
-0.2668 0.6538 0.0645
-0.06149 0.2713 0.01485
-0.08632 -1.22803 -0.56971
0.99097 1.31384 -1.01789
-1.6699 1.24949 0.54161
-0.3041 1.54241 -0.89951
-1.24551 -0.13155 -1.09679
0.00637 1.22883 -0.19095
0.03921 1.01526 1.20412
-0.02607 0.86324 2.29813
-0.5134 -0.33827 1.37461
-0.91488 -1.26899 0.60367
-0.35962 -1.10515 0.95809
0.29566 -0.90176 -0.12665
-1.64092 -0.94264 -2.57961
1.04649 -1.79175 0.40138
-0.95699 -1.75773 -0.82674
-1.38123 -0.77909 0.72229
-2.16441 -0.79971 0.98404
-1.44131 -0.23236 -0.30408
-0.67682 -0.878 -0.55726
-0.69073 -1.19868 1.05737
-0.2855 -1.26563 -0.6135
-2.9832 -2.43054 1.42439
-1.63224 -4.37428 2.14289
-1.37972 -4.1619 1.93238
-1.86023 -5.48193 0.88612
-1.1811 -4.478 1.1005
-0.3204 -4.22655 -0.6657
-1.55504 -4.61259 -1.72359
-1.23089 -3.22922 -2.90133
-1.33039 -2.60387 -2.30053
-1.55808 -3.13041 -2.76522
0.47149 -1.97454 -1.68048
0.43042 -1.68544 -3.32946
-0.49531 -1.41743 -1.34815
0.30928 -0.3587 -2.15703
-0.66033 -1.15744 -2.91125
-1.91799 -0.79856 -1.20809
-0.79043 1.62866 0.40066
-0.56987 1.53595 -0.59232
1.44023 0.34457 1.84155
-0.24499 1.83318 -2.06013
1.34593 -0.42833 0.11978
-0.47112 -1.8063 0.02705
0.35513 -2.3657 0.98374
0.57623 0.2169 -0.83165
-0.17344 1.41162 -1.1602
-1.01928 1.91223 0.49565
0.1057 1.897 0.33359
0.36116 1.25683 -0.908
1.26129 0.91383 -0.64398
-1.90787 0.65865 -0.35191
1.28234 -0.6491 0.04436
1.993 -1.05154 -1.26142
0.60101 -0.26375 -0.41184
0.92079 -1.48368 1.36785
1.7943 -0.93926 0.53651
0.11233 0.06914 1.8356
-0.97737 0.92231 -0.10909
-0.55258 0.84084 0.76289
-0.55235 -0.37939 -1.46567
-0.20038 0.18049 -1.13038
