-0.34037 -0.3112 -2.73203
0.84806 0.35078 -3.68361
-0.37176 0.95076 -3.91575
0.60139 -0.35868 -4.15745
0.27903 -1.30072 -4.20326
-0.35531 -3.2199 -4.09751
-2.17011 -3.32688 -4.37264
2.2263 -2.15805 -4.5783
-0.58454 -2.24009 -5.24961
0.88641 -2.81573 -4.48964
-1.51628 -3.24249 -4.50385
-0.40846 -3.93525 -5.29076
-2.65418 -2.49926 -6.01692
-0.06022 -3.26789 -7.14604
1.50213 -1.80547 -9.63673
0.59474 -3.65224 -8.70225
-0.27216 -2.55485 -10.98372
0.55576 -2.44542 -11.17336
-0.93866 -2.20275 -9.00333
0.92852 -0.9963 -7.92637
-0.75403 -0.41206 -8.14559
-0.84942 -1.17952 -8.45361
1.18677 -0.67837 -9.14098
1.40952 0.33759 -8.74105
0.68522 -0.18369 -9.42321
-0.69324 1.34731 -8.24455
0.55757 0.79734 -8.10581
-0.36422 2.03523 -5.27338
1.01874 1.51559 -3.5034
-0.59998 0.43786 -1.50269
0.25606 0.6813 0.94635
0.97065 -0.98336 -0.84422
0.1495 -0.17581 -0.13077
-0.85655 0.14834 0.42232
0.52454 0.17843 2.03059
-1.19796 -0.38196 2.40135
0.31421 1.17984 3.56315
0.64294 1.34181 2.89862
-0.78423 -0.83632 2.37677
0.60028 -0.2542 1.71031
-0.42787 -2.02657 1.45066
0.14255 -2.1902 2.41322
0.61129 -0.80031 0.78522
-0.95475 -0.24437 0.49509
-0.30139 -1.07135 -0.1932
-1.13897 -0.8084 -0.06458
-0.52704 0.77856 -0.27948
-0.00866 0.24378 -0.74627
-0.77405 0.52203 0.69015
-1.04339 0.377 0.9836
-0.5725 1.62367 1.39954
-1.11697 2.30163 0.69014
0.48691 2.39744 1.37041
0.35305 1.60823 2.47601
0.02768 1.07504 2.18215
-0.67877 1.7936 2.77831
0.06559 1.81324 3.12407
0.57099 1.09314 1.52903
1.0517 0.42936 1.54507
-0.80276 0.48142 0.94606
0.99426 -0.28666 1.41893
0.97302 -0.34258 2.00448
0.4328 0.49583 2.19237
-1.11697 -0.38035 2.11724
2.37992 0.59159 2.33659
1.04204 0.66303 3.87033
0.44823 -0.13932 4.14923
0.02768 0.65149 4.26279
1.14547 1.28119 6.16055
-1.45607 0.61532 4.36866
1.63359 0.20211 6.44028
1.22666 -0.21224 6.44704
-0.56083 0.47168 6.44895
-1.22307 1.46863 6.292
-0.97331 2.57775 7.42031
0.87752 1.0481 8.08805
0.30681 1.88431 6.83464
0.46467 2.48495 7.06036
-1.29652 1.07421 7.27928
-0.0212 0.20947 7.6994
-0.21166 0.66481 8.80733
0.482 0.66336 9.05381
2.76883 1.2135 7.0985
1.39102 0.52272 6.72342
0.28935 -0.32148 8.05303
-0.114 -1.62925 8.1733
0.15856 -1.35101 8.50991
1.01884 -0.72516 9.14371
-1.48117 -0.43622 8.44711
0.53375 -1.6089 7.14168
0.17351 -1.83826 5.88081
-0.44196 -1.8446 5.51958
1.16088 -1.86471 4.81563
-1.0225 -1.6937 4.1627
0.15754 -1.34197 4.33346
0.23893 -0.30028 3.10286
-1.76878 0.02215 2.6793
-1.21806 -0.28016 2.33325
-0.68685 0.2468 2.20656
0.19663 1.12662 0.53337
1.47483 0.18082 0.05109
-1.35859 -0.30889 -1.46536
0.35623 -0.16538 -0.25645
-0.46744 2.3097 -0.41435
-0.03035 -0.66669 -2.03133
-0.19736 -0.54827 -2.40917
0.61438 -0.20309 -1.4881
-1.6452 -0.38005 -1.27932
0.55683 -0.38219 -1.36646
1.54837 -0.41306 -1.63541
-0.45523 -0.50362 -2.21569
-0.23652 -1.84397 -3.34661
-0.99367 0.43651 -2.29642
-2.11179 0.94273 -1.73309
-1.42528 1.3897 -1.27346
-1.28165 -0.32243 -2.71911
0.10906 -1.06669 -3.40102
0.45106 -1.10917 -2.98762
-2.08573 -1.94608 -4.49306
-0.01811 -1.24232 -1.3488
2.08024 0.22813 -0.40712
-0.8901 0.75865 -2.08189
1.3641 1.10112 -1.25874
1.16517 1.78419 -2.47481
-1.03439 0.07174 -1.9511
-0.16547 -1.13435 -1.76353
-0.56643 -2.43523 -1.03531
-2.32473 -1.41066 -2.77057
-1.81413 -2.49075 -3.692
0.8215 -2.43948 -3.83312
-0.09559 -2.71307 -4.98156
0.43031 -5.20411 -6.59537
0.21566 -3.47291 -7.39861
0.45833 -3.62742 -9.77013
-0.27503 -2.83783 -11.08594
-0.00151 -1.91926 -11.37743
-1.10473 -1.6762 -11.17085
1.23589 -0.3466 -10.24271
-0.20097 0.2062 -9.1319
-1.26747 1.10282 -9.19583
0.38877 2.30621 -9.46759
-0.14827 0.91108 -9.30087
-1.37322 0.00084 -8.88828
-0.40658 -0.73901 -8.102
-0.57836 0.01859 -7.56394
-0.483 -1.43307 -8.95103
-0.57363 0.27427 -8.3429
0.23492 -0.31902 -7.56705
1.06006 -0.8005 -6.80894
-0.12471 -2.5792 -8.95283
