-0.21145 0.94299 0.10107
-0.58429 -0.32767 -0.45024
-1.51039 0.80339 0.12625
-1.02784 -1.63066 0.87543
0.5029 1.0626 -0.24747
0.11673 -0.28394 -0.428
-1.58368 0.05163 -1.49005
-0.63462 -2.24435 0.12221
0.89536 2.67882 0.86069
1.23729 0.4057 1.4334
0.72854 0.51393 0.42961
-0.94906 0.87012 0.46151
3.26595 0.88338 1.52278
-0.09468 0.80956 1.05895
-1.26797 0.63446 1.77394
0.91921 -0.84604 2.99768
1.70206 0.57894 2.1541
-0.5537 1.22704 3.4405
-0.03081 -1.4053 2.40339
-0.14604 -0.12742 2.81457
0.05221 0.51087 0.97856
-0.28521 0.70623 1.35145
-1.20934 -1.3838 2.12338
-0.86536 0.43027 1.05184
-1.3258 0.39145 1.14006
0.29996 -2.02339 -0.43331
0.12529 -0.75001 -1.1943
0.25722 -0.92979 -0.25439
-0.59041 -1.65703 1.33355
-1.08457 0.26276 -0.15014
-0.26332 -0.62476 0.12447
-0.4989 0.71187 -0.49774
0.46368 -0.06862 0.50073
1.07064 -0.27909 -0.23909
0.56523 -1.2472 1.75308
-1.21563 -0.58476 0.37944
-0.5062 0.52798 0.24235
-0.83915 -0.57967 0.81669
-0.03586 -0.21826 -1.99132
-0.38565 0.71515 1.02623
-0.17194 0.22493 1.78063
0.82863 -1.3089 0.63372
-0.80135 0.5355 -1.07118
-0.68468 0.47918 -0.96434
-0.34 -0.17853 0.24788
0.90715 0.78653 2.05607
1.21427 -0.62969 0.12832
1.52696 -1.53583 -0.1659
1.24981 0.52595 -0.09569
1.20113 1.72649 -0.66531
0.52435 1.1109 -1.92841
0.06972 1.01821 -0.33724
0.45282 1.83819 0.38953
-0.29703 0.25173 0.83055
0.85949 0.03759 0.79246
1.16842 -0.48369 -1.17608
0.95128 0.93399 -1.36771
0.0416 0.95723 1.12155
0.94278 -0.58659 0.42509
1.37588 0.02871 -0.29018
1.30403 -0.80062 0.99558
1.04195 0.18942 1.72094
-1.6906 0.191 1.19613
-0.90395 0.23085 1.59737
-1.00797 1.01186 -0.78156
0.56487 -1.57902 -0.06035
-1.1973 1.55362 -1.40907
2.12535 2.94751 -1.013
0.51254 0.18017 1.32319
-1.0299 0.53836 1.51958
-2.17763 -0.01413 2.3391
-0.34049 2.50586 1.63347
-0.79838 1.27563 0.56367
0.82511 1.71045 1.74094
-0.81202 -0.87796 1.59126
0.25454 0.62726 0.59358
1.55756 0.9785 1.01576
1.96308 0.14601 3.02232
-0.64089 -0.51971 1.30064
0.94629 0.20831 0.41128
0.56904 -0.68701 0.17783
-0.20653 -2.72239 -0.44846
-0.15435 0.8005 -1.48947
-0.7928 -0.70581 -1.49622
-1.33297 1.09263 -1.10115
-1.39795 1.23363 0.35623
-2.4169 -0.06344 1.08464
0.0712 -0.69642 -0.02015
0.07416 -1.08704 -1.51908
0.18938 -0.12293 0.65363
1.01586 -0.03221 1.93292
0.11591 -1.90307 -0.22774
-0.62185 -1.38816 -0.06714
0.91306 0.0955 -0.12037
-0.16689 1.02218 -0.14335
0.01912 -0.41037 1.85104
0.67265 -1.19296 -0.1432
-1.03682 0.44315 -0.00686
-1.19386 0.34677 1.37335
1.16518 -0.499 0.49082
-1.49752 -0.14404 -0.45148
0.48266 0.34565 0.13022
-0.56211 1.23319 0.27121
-0.36317 1.09439 -0.19146
0.75715 -1.23598 0.00143
2.70408 0.52429 1.59076
0.72764 -0.56896 -0.07433
1.00599 1.37426 0.55275
0.36479 -0.01719 1.84414
0.54636 -0.88319 0.7998
-1.18823 1.10342 -0.28328
1.4452 -0.27651 0.75
1.64386 0.10391 2.07582
0.19475 -0.80577 0.74942
1.52738 -0.98994 -0.78813
1.16579 1.26002 -0.95928
-0.1124 -0.29916 -1.37807
0.60566 -1.20921 -1.4916
0.57235 -1.59603 0.2607
0.49707 -1.25249 0.06644
-0.84937 -0.42155 -1.2352
-1.34582 0.38923 -0.81443
-1.58401 2.22985 -0.7838
-0.47188 -0.54711 -0.21297
-0.67565 -1.9046 0.38671
0.82796 -1.13506 -0.09022
1.95177 -0.87551 -2.19458
1.49508 -1.28655 -0.61371
0.06449 -0.70012 0.13846
-0.83678 -1.15992 2.09315
-0.128 0.69984 0.59754
-1.60761 -0.59418 1.10205
-0.83924 -1.24005 -1.60467
0.82435 -0.30374 -1.42154
0.7622 0.32993 0.82155
0.34822 -0.57351 0.10199
0.10517 -0.60272 0.32737
0.92728 -0.42381 -0.0633
-0.86909 -1.58814 0.64147
-0.57656 0.55093 -0.79883
-0.21094 -1.01543 -1.66297
1.54261 0.70842 0.99322
-0.27282 -0.4796 -0.24085
1.36306 0.67421 -0.7109
-0.20162 0.72068 -1.15972
1.73092 0.5608 -0.24109
0.54779 -0.25978 -1.16586
0.17139 0.30274 -1.28107
-1.76835 0.52051 -2.89386
0.61287 0.40199 -0.51015
