-0.9975 -1.47228 -0.42164
-1.12602 1.32038 -1.81302
-0.70229 0.95003 -2.27111
0.27964 0.39584 -1.56641
1.83691 -2.00182 0.38393
-0.91563 0.79514 1.54659
-0.59435 -0.36504 0.46504
0.93867 0.09798 -0.52519
-0.81403 -2.32928 -1.58999
0.592 0.45266 -1.60282
0.2674 0.32988 -0.77254
-0.21254 0.10067 -1.23161
-0.89899 -0.79628 -1.72727
-0.90884 -0.71741 -2.23199
-1.37982 0.1038 -2.16655
0.38111 -0.61125 -1.72471
-0.39507 -0.87788 -0.33892
0.26389 2.2698 0.58837
-1.39622 0.62125 -0.06814
-1.61057 -0.21028 -1.18446
0.67326 0.01353 -1.9212
-1.25373 -2.15233 -1.91247
0.49661 -1.35067 -1.92449
-2.18117 -0.31746 -1.89692
-1.62378 -1.9917 -1.36259
1.06689 1.7773 -1.20522
1.27418 -0.05116 0.31637
1.71625 0.74475 2.02217
-0.50057 -0.33132 0.37599
1.80448 0.79473 -0.87586
-1.05861 0.5794 0.03967
0.71254 0.57448 0.32979
0.22897 1.48203 0.27048
0.57378 -0.0303 0.01294
-1.70057 -0.20962 -0.30928
1.94491 -1.85349 -0.54062
-0.58746 0.96361 -1.58846
0.38768 0.52519 -0.62264
0.75986 -0.50976 -0.90996
-1.73082 -0.66004 -0.29069
0.2843 -0.66697 -0.8723
-0.85791 0.084 0.054
-0.73632 -3.48979 0.0742
0.69328 1.65743 1.185
-0.56409 1.03432 0.30374
1.56436 -0.08477 -0.51019
0.73103 0.44987 -0.21987
0.66597 -0.0861 -0.443
-0.86271 0.85473 2.14958
0.40734 -1.67908 -0.36919
0.60125 -1.02447 -0.69212
-1.3619 -0.53314 0.64515
1.19221 -0.41194 1.02081
0.40721 -0.01148 0.67754
0.70673 -1.18779 -1.77733
-0.71962 0.99918 -1.10429
2.2972 1.02035 0.5299
0.7345 -0.27568 -0.09513
-0.12901 -0.2379 -0.71792
-0.36906 0.84805 -1.90268
0.30687 -0.39471 -2.64108
-0.34194 -0.58352 -1.93887
-0.52357 0.52603 -1.5851
-2.06771 1.64713 -2.08351
-0.00701 -1.52569 -1.51017
0.06753 -0.92301 -0.3618
1.80754 -0.60102 1.22541
-1.50072 0.39682 0.71241
-0.81414 -0.98146 -0.62186
0.17912 2.58926 -0.93278
1.79014 0.64195 -2.15686
1.73275 -1.30423 0.64335
-1.37245 -0.40597 -0.16344
-2.25861 -0.86871 -0.33623
-1.70505 -0.82186 -2.9722
2.1909 -0.35637 -1.47056
0.43387 -1.93537 0.75569
0.01773 0.58863 0.86503
0.52983 -1.99072 1.13768
-0.4871 1.05098 1.21268
-1.08837 -0.09206 1.35162
-2.19449 0.24381 0.13695
1.44066 -0.44308 0.89452
0.3924 -0.113 1.34009
-0.45513 -0.19023 1.14371
-0.58024 0.28926 -0.97553
-0.22866 0.31859 -1.68433
0.56536 0.25647 0.15463
1.60987 -0.64312 -1.0436
-0.90066 -0.09624 -0.20441
-1.4217 0.07922 -0.92305
-0.94622 0.68341 -0.50273
-1.27056 0.6029 -0.97489
1.47622 -0.88309 -0.86797
-1.12399 0.04529 0.526
-0.62785 1.26271 -1.44129
-0.42536 0.32984 -1.6673
0.88697 0.63189 -2.79901
-0.94604 0.13715 -1.75118
-1.85895 -0.39767 -2.3675
1.05735 -0.85609 -1.85775
-0.17367 -1.80681 -1.25669
-1.10683 -1.44949 0.55861
1.52692 -0.80357 -0.8648
-0.70498 -1.90264 0.19294
-0.87975 1.63428 0.49098
1.24443 -0.74002 1.41684
0.75734 -0.44286 0.04712
-0.14106 -1.11722 -0.11433
-1.02283 -0.22542 0.07971
-1.75082 1.00229 0.65211
0.17539 -0.74054 0.73369
-0.75944 0.13678 -0.74122
0.64243 -0.97882 -1.38953
0.95737 0.18701 0.57442
0.48399 -0.33934 0.40476
0.27478 -0.38961 0.07614
1.0069 1.2142 0.54837
0.07489 -0.08961 0.25824
-0.49125 1.20922 1.20817
-0.1676 0.00235 0.05019
-1.12452 -0.0351 0.1279
0.75676 -0.59452 -0.13741
1.28683 1.20722 0.68835
1.25749 -0.86862 0.28024
-0.55765 -1.12999 -0.05478
0.69579 -0.65075 -0.03041
1.16222 0.25596 -0.12425
0.97587 -1.43398 -0.76289
-0.89652 1.39706 -1.19304
-0.46827 -0.47492 -0.30157
0.44211 -0.37378 -0.46495
-0.32881 -0.10868 -0.48736
-0.08745 0.86262 -0.1488
0.30789 0.80689 0.84517
-0.67191 1.01489 0.88725
0.29357 0.10165 0.07358
-1.03715 0.94794 1.11515
1.13173 1.1846 0.57447
1.02907 -0.54211 0.83451
-0.18894 0.73445 1.23325
1.79975 2.53597 1.56846
-0.38967 -0.21196 2.81136
-0.38157 -0.64377 1.40662
0.24729 0.31265 2.93704
-0.31673 0.02767 0.99653
0.38747 0.42135 1.34662
0.10152 -0.24963 0.88142
-0.40102 0.84367 -8e-05
0.65548 -1.04901 -1.29235
