-0.07191 2.13118 1.79153
1.73818 2.875 3.58119
1.75408 1.89011 2.26471
-0.78373 0.15554 3.00689
-0.45947 -1.11349 3.03971
0.3789 -0.72228 0.27687
0.4593 0.06602 1.67906
0.71979 -0.3384 -1.33082
0.60244 -1.68393 0.87109
-0.61349 -0.40996 1.33241
1.66984 -0.91866 -0.77956
1.29087 -1.26135 -0.13333
-0.78963 -1.5049 -0.0954
-1.61516 -1.05572 -0.3105
-1.74213 -1.24735 -0.58548
-0.39579 -0.87145 1.12809
-0.20979 0.01471 0.08964
0.22588 1.07386 0.64562
-1.64926 -0.20822 -0.71387
-2.98504 0.07818 0.47034
0.44173 -0.97754 -1.2341
-2.43082 0.193 0.15283
1.29154 0.56222 -0.55257
0.52172 1.43752 -0.18446
1.19268 0.06542 -0.36372
-0.52197 1.35615 1.50879
0.31545 0.39336 0.21277
-1.74164 0.58688 0.37077
-0.93853 0.49845 0.40977
0.48736 0.84764 0.17571
-1.85162 -0.114 1.32205
0.62971 1.20095 0.2146
-0.41469 0.22749 -0.19336
-0.25475 0.91814 0.11452
0.17256 0.85518 0.10729
0.04226 0.36184 1.86972
-1.12813 -0.92851 0.50966
2.27647 0.90998 0.81481
-0.10406 1.76994 -1.33083
-0.93219 1.35669 -0.43612
-0.17949 -1.43749 0.80258
0.00554 -0.21305 2.72033
0.28684 -0.56328 2.05457
0.30576 -1.32496 1.97532
1.70524 1.8013 0.74917
-0.05926 2.36527 1.23952
-0.28082 0.63055 0.92391
-1.8341 -0.23208 2.6602
-0.44579 0.47712 1.36676
1.91659 0.9753 -0.07607
2.26298 -0.23597 -0.0725
-1.72264 -1.38098 -1.63722
-0.10272 -2.59996 -2.30539
-0.43903 -1.02708 -2.36222
-1.22781 -0.04144 -1.50779
0.87956 0.03977 -0.67759
-2.37322 1.17588 0.61743
-0.39179 0.55348 -0.39106
0.37684 -0.25224 -1.99832
0.66508 0.74973 -2.16162
0.60699 0.109 -1.54431
0.64993 -0.34672 -1.27556
-1.05387 -0.76678 -1.35479
0.36164 0.83192 -1.24919
0.14081 -1.4786 -1.62613
-0.17319 -1.47409 0.14404
0.28323 -1.27865 0.63368
-0.71639 -1.27359 0.34165
-1.51446 0.46392 -0.58123
0.64813 0.69895 0.54491
-0.44292 0.19631 -0.12264
-0.67084 1.11119 -0.7645
0.91118 -0.44221 -1.22263
0.37809 -1.52869 -1.84418
-0.44921 -0.96139 -0.66688
-1.61765 -0.57247 -0.2215
0.26481 1.98404 -0.13587
-1.50171 0.94747 1.18171
-0.87346 0.49598 2.56114
-2.02061 1.19269 3.15428
0.75284 2.28298 0.91673
-1.52354 0.62654 -0.27138
0.58893 1.36865 0.59065
-0.66405 1.59666 0.3315
-0.3769 -0.30819 2.66866
-0.52325 -1.1881 3.0998
1.39371 -1.05184 1.99543
-0.69191 0.16086 -0.13127
0.72305 1.84687 1.00654
-1.53837 2.75264 0.82741
-1.09033 1.9288 1.50673
-0.01301 0.88157 1.01252
1.54499 -0.09162 1.11703
2.2509 -1.58994 0.76886
-1.66994 -0.46127 -0.35205
-1.70347 0.68525 -0.83829
0.53706 0.08587 -1.04751
-2.2055 -0.13313 -0.04026
1.21849 -0.26926 -0.30748
0.97036 -0.54642 0.6883
-1.42615 -0.42103 -0.20487
0.19151 -2.40415 -0.10496
1.56964 -0.79042 1.02347
0.03929 -0.81097 -0.49428
1.12719 1.63084 -0.76756
-1.47104 1.27095 -0.25737
0.0732 1.39245 -1.02843
0.41334 0.32207 -2.39023
0.99036 -0.19519 -0.46928
-0.91471 -0.17805 -0.91123
-2.70618 -0.83344 -0.60569
-0.0517 -1.84715 -0.09965
-0.15804 -1.86144 -1.5499
-0.69713 -1.22963 -1.55498
0.28914 -1.80639 -2.02865
-1.96459 -1.98403 -2.11158
0.17622 -2.59427 -0.42384
-0.79645 -3.98141 -1.37927
-1.40636 -3.39787 -0.27123
-0.96921 -3.57917 -1.57543
-1.594 -0.69539 -2.27143
0.13094 -0.89303 1.15718
-1.43194 0.28732 0.1048
-0.26608 0.95659 -1.03441
0.11496 -0.23773 0.03836
1.52453 0.97415 0.9286
-0.97449 0.51423 0.10405
-0.45222 1.55909 1.35811
-1.73795 2.08492 -2.00393
1.69589 0.24768 -0.56438
0.07528 0.1452 0.49528
-0.15409 0.86362 -0.18747
1.09115 -0.10275 -1.97211
-0.35291 0.46424 -0.33935
-0.7109 1.4492 -0.2809
1.02587 1.46519 -1.12988
0.73529 1.49652 -0.40519
0.44048 -0.29464 -0.12923
0.43819 -1.08781 -0.13131
2.22919 0.51255 -0.97116
0.11451 -2.32281 -2.35835
1.2839 -1.15432 -1.0968
0.23451 -3.23595 -1.69432
1.862 -1.46719 -1.35023
1.36725 -0.83555 -3.30726
-0.42312 -1.89792 -1.13833
-1.44357 -2.61314 0.4571
-2.44332 -1.36609 1.35776
-2.46696 -0.20794 0.16095
-0.91885 -0.01238 0.93514
