-2.13756 -1.78186 -0.31143
-1.47631 -0.48985 -0.67528
-0.36407 0.0742 0.44856
-0.39399 0.26094 -1.69547
-0.68714 -1.00709 -0.25382
-0.06627 -2.58451 -0.23383
0.68725 -1.42513 0.65633
1.74286 2.26916 -0.26242
1.263 1.08869 -0.26111
0.06405 -1.48032 -0.73489
-0.99463 0.10264 0.35388
-0.17377 0.19931 -0.11536
0.93159 0.93688 -0.89688
1.24453 -0.1934 -0.79432
-0.08912 1.83724 1.15226
0.69281 0.23447 -0.91365
1.20783 0.54052 -0.77972
1.5369 -1.26171 1.65274
0.4038 -1.17972 0.25175
0.46259 -1.19898 -0.06564
2.08389 0.47382 -0.06651
0.13288 0.47452 0.41672
-1.26331 0.0073 0.85533
-0.62034 -0.38705 -0.7374
-1.03833 0.42032 -1.2964
3.01755 -1.91609 -1.06478
0.67596 -2.6141 0.20916
1.10927 -1.53799 1.46404
1.40314 -0.30315 -0.1386
0.09086 1.97568 -0.45141
-0.47588 -0.71711 -0.47791
-2.53967 1.26595 -0.74502
-3.211 1.81374 -0.04653
-3.73077 -0.19735 0.51509
-3.10189 -0.89722 1.43327
-1.9976 -0.89186 1.34109
0.02797 -0.72272 0.72372
0.37736 -1.31882 -0.34144
0.51848 -0.21291 -0.64703
0.92819 -3.08934 0.72841
-0.52567 -1.4393 1.8666
-2.14543 -1.38597 0.15069
-0.68952 0.6188 0.74677
-0.22745 0.10877 -0.53723
0.61446 -0.61962 1.29684
0.21575 0.20369 -1.69692
-2.2901 -0.82508 0.51283
-1.48145 -1.27483 1.48499
-0.74912 1.51196 -0.50358
0.47091 1.86364 0.89954
0.16278 0.62603 -2.01938
-0.76808 0.172 -0.53824
-1.57064 -2.63312 1.4502
-1.07564 -1.57769 0.65893
-1.26258 1.16728 -0.36413
-0.44255 0.67173 0.5465
0.32209 0.29114 0.79857
-1.15217 -0.50391 -0.5761
-2.66379 2.20316 -0.10862
-0.3045 0.49477 -0.7048
0.60314 -0.52446 -0.31349
0.99829 -1.14355 -1.69864
0.37234 -1.86777 -0.04835
-0.45764 -0.05759 1.33522
-0.27854 0.73172 0.62989
0.56475 -0.19658 0.87542
0.42176 -1.1724 -0.04677
1.4312 -1.64213 -0.14956
0.85956 -0.28094 -0.78762
2.21845 -1.59769 -0.1184
2.60805 -1.35849 -0.33713
1.40783 -0.57805 -0.20428
-1.99388 -0.78683 0.79852
-2.19774 0.41437 0.11185
-0.86012 -0.3219 0.07021
-1.46355 0.41851 0.98614
-1.34014 -1.46735 -0.53127
-0.82215 -0.72713 -0.60201
-0.87496 1.61533 0.17226
-0.79967 -0.22385 -0.63577
-0.10003 0.42447 0.45237
-0.9852 0.50361 0.82843
-1.19385 -0.54603 -0.8434
-1.36278 0.23283 -1.04831
-0.8671 0.43525 2.18471
0.49362 -0.84638 0.63905
0.79619 -0.25247 1.96562
1.52921 0.14073 -1.32188
0.73517 -0.62493 0.46213
0.63333 -0.65074 0.14173
0.3162 0.48381 0.11725
-0.36701 -0.83341 0.92162
0.76224 1.32503 0.06277
0.59566 0.5522 0.3166
-1.14024 0.29459 -0.14655
0.81694 -0.3403 0.10255
0.96092 -0.45498 -0.39535
0.86581 0.57797 -0.33363
-0.66952 2.53153 1.09112
0.09681 1.46801 0.33574
-1.38677 0.42279 1.0886
-1.4719 -0.0394 -0.79839
-1.06111 0.78903 0.69497
-2.55679 -1.42873 -1.19431
-2.14505 -0.75254 0.90657
0.20444 -0.46868 -0.21408
-0.76608 -0.65874 1.26272
1.68079 -1.80239 -0.11839
-0.59475 -0.96001 0.47101
-0.37424 -1.78676 1.575
0.0752 0.99766 -0.8773
-0.86062 0.23685 1.46469
-0.50132 0.0101 -0.24946
0.03491 0.41802 -0.02415
-0.68539 0.46306 -0.27072
1.21419 -1.27459 1.02426
1.1559 -0.36701 1.41338
-0.17152 -1.25296 0.2749
-0.4869 3.14027 0.57204
-0.47927 0.17259 0.84156
-0.09136 -0.11759 -0.36048
-0.31803 -0.87582 0.65446
1.17713 -0.6713 -0.69665
0.55652 0.39929 0.95457
-0.4823 -0.92011 0.47258
-0.77732 1.07694 -0.60608
-0.57717 1.48072 1.31029
0.03726 1.47333 0.57187
2.05953 -0.26625 0.17887
1.28235 0.22283 2.30579
2.66482 -0.59105 0.07985
1.42197 0.95953 0.60974
-0.20858 -0.03135 0.26781
-1.16567 -0.24106 -0.01841
-0.22572 -1.96314 0.02221
-0.15341 -0.60739 -1.38645
-1.03395 -0.03617 0.01148
-1.5107 -2.43646 -1.45277
-1.40309 -1.87636 -0.59985
-1.18374 -0.70486 -0.87016
-0.73237 1.09663 0.25455
-1.43765 -0.34347 0.01458
-2.50789 -1.08941 1.36772
-2.33295 -0.70571 0.58644
-2.03726 -0.81784 0.88814
0.25011 -0.16363 -2.33046
0.38435 -1.33613 -1.2556
1.48594 -2.21237 -0.56515
0.80213 0.12633 -2.22645
-0.03447 -0.74482 -0.89911
