0.53122 -1.49672 -0.86371
-0.21614 -2.24062 -0.55117
0.47263 -1.04117 0.53718
-1.03902 -0.30434 -1.36859
-0.36022 0.04609 1.95922
0.8786 0.06229 0.9879
1.39624 -1.41959 1.41729
1.89555 -0.96137 1.38788
0.93305 -2.62422 -1.99035
0.83043 -1.3928 -0.76255
-0.50211 -1.74021 1.06744
0.75033 0.51858 1.40141
-0.6355 -0.00107 -1.44645
0.16941 0.90635 -0.93494
2.00472 -0.52521 1.42423
0.76254 -0.69165 -1.08563
1.59012 0.04437 -0.05384
0.7751 -0.93975 -0.50133
0.82267 1.13103 0.12315
2.25782 1.36868 0.25348
3.21747 0.2953 -0.22737
2.18697 1.06759 0.19854
3.08574 1.51883 -0.32797
3.97789 0.58295 0.97035
3.0936 0.14554 1.87184
2.02644 1.04251 0.33067
3.34527 1.81752 -0.44318
3.90731 3.43354 0.98854
3.82126 3.69686 -1.16714
2.43511 2.89784 0.30321
3.14569 3.50867 1.30229
1.2852 2.32957 -0.08263
0.47047 2.91206 0.24958
1.73941 3.59511 0.05494
3.50943 4.94187 -1.20689
2.44996 5.2739 0.58987
2.30187 3.39665 0.41662
1.06091 4.0361 -0.06379
-0.74253 3.47756 3.42245
0.2373 4.5979 -0.22434
2.34478 3.8974 -0.59774
2.71712 3.24201 1.22822
1.87726 3.26186 1.78382
1.53005 1.98978 -0.12158
1.69793 3.70167 0.06706
3.4907 3.409 0.3878
2.81753 1.78295 1.02519
1.88851 1.72051 -0.11395
1.95792 2.36783 1.63709
3.03588 1.14781 -0.80405
2.00593 1.38067 0.45335
1.99298 -0.02898 1.45965
3.90471 2.17619 1.90658
2.84757 4.18215 -0.98863
4.36651 4.38285 -0.42204
4.48094 3.74844 2.11349
1.64716 3.55227 0.37796
1.32328 2.64885 2.73772
1.28313 4.91853 1.31261
1.2928 4.93272 0.95277
1.9421 2.72916 -0.78424
2.04491 4.82023 1.10065
3.48641 3.95211 -0.46734
3.37738 2.20867 0.21713
2.85872 2.37913 1.28894
3.96442 2.8934 0.85916
4.69769 4.10854 -0.19783
3.29976 2.80681 1.69591
3.39153 4.70359 1.29048
1.8708 5.36942 1.66277
1.48875 5.73537 -0.15875
1.07354 5.98441 -0.53859
-0.22825 6.15943 1.04971
0.07012 5.99259 -0.06944
0.02171 4.0538 -0.06749
-0.40384 4.3104 1.10225
-1.03574 3.49881 1.43866
0.05451 3.9284 0.43338
1.21072 2.38546 -1.09025
1.43826 3.01303 0.14385
1.75796 2.50404 1.26021
1.43905 1.11699 0.36823
0.92527 1.50282 -0.05843
0.53762 2.18779 1.3425
0.24081 3.32586 0.84642
0.99595 2.38793 0.92612
1.50279 1.3261 -0.08279
1.75432 1.82489 1.29977
2.02467 1.20917 -1.37111
2.19464 2.69511 1.32535
2.86906 2.60896 0.8014
0.78522 2.4063 0.15522
1.49355 1.76121 -0.14927
1.01158 2.37999 0.07579
1.75906 3.05488 -0.54888
2.35732 1.66798 -0.51968
3.76222 0.10728 0.42955
1.62096 -0.91046 1.88104
3.19765 -1.05597 2.05618
2.11369 0.69499 3.0336
1.82622 1.59603 0.73332
2.00343 0.28299 -0.08902
2.49862 1.32588 3.10854
2.14923 1.96788 1.36317
1.12099 1.0014 0.60323
1.38515 2.69979 1.50109
1.1677 2.90667 -1.12472
-0.84308 2.61037 2.04349
1.06767 2.1184 0.94151
0.45241 2.4316 -0.59024
-0.0348 2.91504 -0.04538
0.21301 1.02806 0.59651
0.612 1.6753 -1.14153
1.5059 1.82543 0.15404
-0.67188 2.80376 0.22161
-0.36433 2.8139 0.37017
-0.22695 2.24399 0.46595
0.55621 0.40732 0.97137
-1.2646 0.51979 0.81849
-0.44178 0.00941 -0.50703
0.80195 -0.71732 -0.81925
2.99334 -1.38547 2.27229
0.84109 -0.55771 0.03918
-1.13058 -0.94436 0.82529
-2.14989 -1.22083 1.01912
-1.16528 -1.60465 -1.15006
0.34091 -0.26074 -1.43773
2.04062 -0.85349 1.12054
1.79111 -2.88898 -0.07159
-0.30553 -2.12852 1.07939
-1.11038 -1.63371 -0.1291
-0.34176 -2.59494 0.86842
-0.72101 -1.00076 -2.71339
1.32028 -0.71506 0.4939
3.79544 -0.92524 -0.8784
0.33859 -1.25499 -0.42486
1.18795 -1.1597 -0.28461
0.56974 -0.84958 -0.36465
1.4106 1.98381 1.23836
1.124 2.29524 0.76197
1.72448 3.72338 0.72645
2.83885 2.60107 -0.06364
3.63785 3.05067 -0.86639
3.61407 2.14212 1.23615
2.29505 2.05929 0.60288
2.46795 3.35094 -0.42149
4.24836 4.31033 -0.24836
2.07024 2.87885 1.69652
1.91808 3.14579 1.92905
2.43102 2.51739 1.99496
