8.81743 0.13749 4.12344
7.72951 1.66013 3.09095
6.65835 1.4611 4.3238
7.52557 1.06362 2.21577
6.99645 0.50835 0.61425
7.68325 0.71698 -0.86754
7.74499 0.07135 0.35979
8.26203 0.91287 2.17133
5.91454 1.10939 3.20497
4.86815 0.52885 1.85267
4.11926 0.4034 2.14922
4.35808 0.92412 2.93255
3.56519 1.89652 2.60037
3.97023 -1.2222 2.47923
2.33634 0.25944 1.12653
2.33369 0.07469 -1.99525
3.49982 -0.14632 -2.48804
2.73636 -1.06039 -2.10784
2.96055 -1.21288 -2.16357
1.55277 0.50301 -2.31658
0.9534 -2.04784 -3.74765
0.32283 -1.14967 -2.74
-0.31535 -2.2942 -2.44793
-2.5482 -2.01906 -5.03092
-1.50844 -1.65695 -3.55243
-3.39051 -1.64122 -4.5479
-4.18146 0.02625 -5.34831
-4.5746 -0.78726 -5.63269
-5.89137 -0.2856 -5.68749
-8.30328 -2.05953 -3.38005
-7.54992 -1.11482 -4.16069
-6.98808 -0.69436 -5.2152
-6.0367 -1.14406 -4.44331
-5.1752 -0.55457 -5.26329
-6.40738 -0.76282 -3.26038
-5.57805 -1.76886 -3.2869
-6.18717 -0.49726 -1.96682
-5.36859 -0.70195 0.15276
-6.20795 0.44808 1.0404
-4.73702 -0.71194 1.55016
-4.31391 -1.2658 -0.26506
-2.74585 1.82557 0.78914
-0.94205 1.46912 2.80667
-0.90094 1.68547 4.18534
-0.91662 0.66886 4.05597
-0.36929 0.78881 3.86893
2.56302 1.80022 3.61381
4.52804 1.58004 3.63843
3.62048 0.34049 3.03154
2.81237 1.312 4.39163
3.387 -0.0739 3.10238
4.80046 3.18714 3.90888
4.64835 0.87032 4.44062
4.03935 1.67647 5.44426
4.61204 2.13208 5.51759
3.51859 3.44193 7.00606
4.05948 2.35012 7.35461
4.89518 1.72415 7.01458
5.06696 2.17428 8.25225
6.26146 3.75681 7.94525
8.08603 1.36924 8.53656
9.24216 0.69152 7.67176
10.07697 2.86033 7.35877
11.30004 3.35703 7.76225
11.33649 3.24113 8.89808
12.11121 3.25484 7.33823
10.97875 2.20024 8.96422
10.82904 2.64532 8.56461
11.02225 3.08661 7.60354
11.34116 3.23082 8.87982
11.84674 1.92755 7.84029
9.93175 3.70871 7.74519
8.95365 3.24334 7.07938
10.69806 2.13927 8.93253
10.61961 2.57841 9.16868
7.90852 1.6568 7.63281
10.0649 0.88433 8.71591
11.08402 2.05776 11.29559
10.2086 4.11564 10.66056
10.47581 3.13167 10.4627
12.29773 2.90306 9.96394
13.93349 2.99459 10.44578
11.79352 2.92347 8.55769
10.64322 4.2601 7.53232
10.60331 4.38132 9.17248
11.36289 3.19764 8.08593
9.66519 2.87881 7.75489
8.44536 2.04484 8.73278
8.91169 0.16783 8.29583
7.03617 3.03898 7.57543
7.34211 2.4749 7.58077
7.68557 1.22668 6.72253
7.65597 4.52546 7.19933
8.1603 2.12536 7.93058
6.64375 4.34274 8.24096
6.04458 4.54369 8.67521
5.14328 2.27916 7.7521
3.83652 3.74852 6.99603
4.0028 3.2001 8.58111
4.34464 1.9341 9.2466
5.14347 3.91958 9.86611
6.59522 2.8077 9.92645
8.77206 1.96344 8.19348
9.25169 3.48542 10.61352
8.73266 3.09164 11.71247
8.67381 2.26518 8.89869
9.60727 3.26828 9.44298
9.92542 2.3164 8.49278
11.09632 4.28326 7.7741
11.3726 2.15103 7.55537
11.82743 1.40316 9.08712
12.66946 2.84212 7.66301
12.26702 1.67995 5.78175
12.2074 2.48419 5.47049
12.36491 3.13713 5.06369
12.33436 2.13431 4.91985
9.2592 1.21882 3.65113
9.69594 0.50753 3.44869
9.9691 -2.08952 3.02995
7.6489 0.12242 1.75036
6.94851 2.35849 1.59512
7.4863 0.74739 1.39074
4.85139 0.52753 0.97285
3.45418 0.43153 1.11545
2.39084 0.09876 1.21299
2.32204 -0.4525 2.94394
1.07078 -0.78017 1.43991
-0.02164 -0.18868 1.08746
1.44626 -0.59046 2.04606
1.97384 0.1113 3.31004
2.12797 2.26051 3.32843
1.08409 1.23211 2.64205
1.73601 0.33219 4.36532
3.12586 1.01378 4.34986
3.58149 1.49279 4.17665
3.26192 2.18613 3.57312
3.08085 1.96368 4.01632
3.47855 2.93976 3.02829
4.2313 0.01792 3.19186
4.3074 1.35952 3.75903
3.0921 1.57298 3.32285
3.20486 -0.18893 2.64797
3.53652 1.40304 1.80749
2.1891 0.68386 1.84788
1.74305 0.19599 1.90033
-0.56363 2.25065 1.65382
-0.46601 0.21381 0.75304
-0.41483 -0.82312 1.53207
1.8982 0.83841 2.00554
1.5146 0.23004 3.13558
