-2.57944 -0.34035 -0.79472
-2.35256 1.50248 -2.44048
-2.44793 1.96975 -1.30081
-1.85105 -0.69038 -1.45914
-0.06764 -1.70899 -1.55138
-0.69725 -3.57114 0.68032
-0.67766 -4.76916 -0.19454
-0.36004 -4.54958 0.27424
-0.85219 -5.72525 -1.26406
0.44096 -5.61374 -0.98641
-0.07996 -5.06404 0.51851
1.45131 -5.81671 -1.67749
0.29251 -4.45816 -0.1867
0.49555 -3.36592 -0.16818
-1.53743 -1.6997 0.45308
-2.16589 -0.58712 -1.18454
-2.11821 -1.07463 -0.95821
-2.57254 0.48673 0.30383
-2.83994 1.10362 1.00587
-3.75985 0.80108 -2.20775
-1.38687 1.55047 1.92452
-1.43943 0.79952 0.10483
-0.43812 0.70195 -0.55222
-0.41256 1.19824 1.08594
-0.70459 2.35953 -0.55112
0.21661 0.2631 -0.53353
-1.43614 -1.67851 -0.47053
-1.0083 -0.47403 -0.40182
-0.53153 0.57571 1.3902
-1.55324 1.35427 -0.79679
-1.32801 1.0738 0.04057
0.67705 1.43746 1.22372
1.02915 0.59698 0.03103
0.23015 0.44765 -0.75831
0.45576 0.51597 -0.33639
0.54461 0.05602 0.38403
2.23503 1.07134 0.50074
1.95417 0.16815 -1.21546
-2.1591 -1.57755 -0.74761
-1.52265 -0.52473 0.29329
-1.55511 -0.38322 0.89802
-0.47489 0.2176 -1.57281
-1.67323 1.53312 -1.87693
-1.72729 1.49108 -0.2993
-1.60914 1.08822 -1.5905
-2.00385 2.34681 -1.28097
-2.26617 1.29382 -0.95074
-4.00688 0.46451 0.88306
-4.22473 -0.60473 0.29719
-3.97988 -1.36841 0.88653
-3.371 -1.73863 -0.48174
-2.8306 -1.6733 -1.16585
-3.25296 -1.02548 -0.96227
-2.43381 -1.68821 -1.23574
-3.90792 -0.64898 -0.22752
-1.48498 2.03221 -1.55736
-2.67313 -0.32845 -1.79268
-1.78294 0.14418 0.24835
-0.30002 -1.02269 -0.2325
-0.10586 0.43864 0.26988
-2.94639 -1.98049 -1.65964
-3.38058 -1.52701 -0.29313
-2.39889 -0.42136 -1.31969
-0.71793 0.07686 -0.45939
0.11248 0.08235 -1.44183
-0.48396 0.04059 1.06883
-1.21791 -1.05593 -0.17252
-0.62182 -0.08878 0.40977
-0.96584 -0.08538 -0.11893
-1.21051 -0.19399 -0.18717
0.03367 -0.8851 -0.04637
-0.14145 1.02458 -0.41104
-0.05771 3.30474 0.60346
-0.64721 2.49256 1.22247
1.03042 1.4809 0.9263
2.39656 0.73466 -1.1574
0.52761 0.58669 0.34755
0.31758 -0.39128 0.66936
-0.25027 -0.6256 1.98577
0.15666 -0.54518 -0.59361
0.2248 -0.96349 0.41243
0.12457 -1.90762 -0.59728
-1.46319 -0.7178 0.08477
-0.86824 0.0526 0.58007
0.2038 -0.58962 0.02123
0.5113 -1.73523 -0.86947
1.26988 -2.27265 -0.47341
0.79054 -2.06733 0.61515
-1.11642 -2.49411 1.15074
-1.77298 -2.29133 -0.83027
-0.92345 -1.40853 -1.31892
-1.35083 -1.52934 0.49485
-0.79011 -1.21243 0.61149
-0.42451 -1.87109 0.10144
-0.11561 -1.66502 -0.97195
-0.0989 -1.67714 -2.30917
0.75073 -1.09384 1.35777
1.12942 -1.03418 0.22302
2.31793 0.45195 -0.81
-0.25877 1.64297 1.45692
0.2689 0.74961 -1.7884
-0.53808 1.45732 0.76578
0.43903 -0.24382 -0.29273
1.00323 -0.40567 0.71395
-0.57712 -0.38477 1.12131
-1.23303 0.8585 1.54575
1.11422 0.92645 0.82953
-0.33993 0.25911 1.2871
0.42705 0.59468 0.66099
0.97839 0.85416 0.22858
2.94381 1.53315 0.60479
3.60432 0.31072 0.04408
2.70089 1.20692 -0.77162
0.73888 1.19634 1.26396
-0.86036 1.71707 0.34981
1.18917 3.555 0.79002
2.73123 1.27701 2.51058
3.29134 1.65099 -0.77008
1.95966 0.31811 0.82715
2.81113 -0.69498 1.38737
2.28482 0.22468 -1.23546
1.49093 1.95333 1.62944
2.29341 1.17737 0.2748
1.40408 0.92544 0.38428
0.7904 0.42448 0.00417
-1.19135 1.03654 2.95658
-0.76978 1.51409 -0.57087
-0.81337 0.08596 0.89565
-0.49671 -1.09424 -0.48113
-0.01899 -0.86327 -0.71272
0.20358 -1.90436 -0.58148
0.07015 -0.47767 0.33436
0.49952 0.14868 0.08478
-0.12123 0.17427 1.06142
-0.04238 0.91599 -0.38426
0.44304 1.16561 -0.77884
-0.53856 1.90722 0.38595
0.44884 0.38144 -1.95767
-0.29818 1.17369 0.78481
1.11072 -1.29631 -0.01075
-0.61797 -1.76659 -1.04875
0.41194 -0.71211 0.36566
0.0627 -1.53852 -1.27337
0.90653 -0.99442 1.98107
0.78129 -1.96672 -0.6106
0.23647 -2.56962 1.34775
0.85278 -1.81629 0.7493
0.31085 -2.16156 0.40879
-0.138 0.22399 -0.85878
-0.83502 0.24378 -0.92592
