2.60576 2.45839 2.67508
2.46062 3.35484 4.21676
1.89274 3.23118 4.45015
2.95966 4.15925 4.60232
4.65058 0.65742 3.69119
5.27687 3.21142 3.7003
5.55904 3.42712 3.10495
6.32281 4.96809 3.48694
6.34122 2.5553 3.06471
6.70168 2.77763 4.27847
7.59149 1.00396 2.49548
8.0032 2.33214 3.13233
7.34935 0.89768 2.75065
6.76749 1.54729 0.96466
6.80929 2.50614 -0.72165
5.97249 0.37762 0.19306
3.91314 -1.16496 1.07452
3.27464 -0.30142 -0.29467
3.19759 -0.48761 1.00905
3.92393 -0.8284 2.47489
3.52117 0.79574 3.91555
3.60109 -0.97736 1.47273
4.2928 -0.54661 0.9036
3.31357 -0.90316 -0.05821
3.75625 1.31451 -1.72943
1.68721 0.77554 -1.44461
1.64756 -0.79069 -0.66915
-0.00683 -0.6744 -0.74146
1.82035 -0.68615 1.11689
0.97591 -0.59936 1.36532
-0.09234 -1.50625 0.88559
-0.20451 -1.80921 0.59541
-0.71576 -1.27234 2.68942
-0.99799 -0.49278 2.50586
-0.47587 0.0349 2.18586
1.66312 -1.12972 0.41173
2.04433 -0.08684 1.26171
-0.16476 3.06911 1.14147
-0.74431 1.47179 0.75781
-1.95706 2.53019 1.95451
0.18655 2.49972 1.95061
0.9472 0.29768 1.41438
1.91705 0.71755 1.07899
2.4704 0.75058 0.85701
2.25664 -0.45139 0.12925
2.60547 1.50142 0.83507
1.79421 1.49189 1.85944
1.02857 -0.23687 0.92358
-0.41794 1.44003 0.82362
0.19377 3.66369 -1.39013
-0.89855 1.52218 -2.47352
-0.87947 0.94129 -0.8834
-1.7135 0.01959 -1.49364
0.76474 1.09355 -0.90995
0.18001 0.87401 -1.18687
1.84634 -1.05805 -0.83645
1.53141 -2.53134 -0.88169
1.72619 -1.89626 -0.18234
1.04037 -3.07033 0.21728
0.06359 -0.75378 -0.70329
-2.2466 -0.68271 -1.27239
-1.12681 -2.20245 -3.06371
-3.16657 -1.42291 -2.92295
-4.44338 -1.75913 -3.45664
-4.42232 -1.21534 -3.04838
-4.96372 1.13689 -3.28418
-5.64848 -0.73317 -2.68175
-6.56694 -0.58659 -3.29783
-6.07941 -0.67381 -3.15004
-6.39225 -2.02208 -3.36478
-5.65565 -1.86492 -2.00941
-7.0307 -1.3029 -1.43605
-6.70813 -0.02511 -2.39367
-6.263 -2.09115 -2.39777
-4.78247 -0.71985 -1.44337
-3.46607 -1.45613 -0.32138
-3.96258 -0.95248 -0.69617
-2.95996 0.34722 -1.21029
-3.41748 -0.82846 -0.52429
-2.62336 1.18025 -0.03315
-1.96121 0.01999 -1.43896
-1.37682 -0.70624 -1.44475
-1.60706 -0.61646 -0.37462
-1.9713 -0.88039 0.0867
-2.41128 0.03909 0.7515
-1.72285 -0.62995 0.22782
-0.38731 -2.11677 1.18797
-1.7152 0.15623 1.14281
-1.10898 1.63396 0.6742
-1.25319 1.4297 1.497
-0.98925 0.54328 0.85787
-1.42513 0.59579 1.49205
-0.60546 0.88939 3.25326
-0.33137 1.6079 2.47
2.30156 0.68186 2.05245
2.10391 0.01296 2.80414
3.8155 0.02465 2.29409
4.6393 1.36709 2.18421
4.10241 0.7549 0.21484
5.03056 1.69196 -0.35657
4.39477 -0.72283 -0.66706
3.41277 -0.30119 -0.51983
4.14294 -0.80551 -0.16748
3.4533 -1.27308 0.7567
2.13507 -1.65762 0.83643
3.22731 -0.27324 0.91763
2.60443 0.31555 3.22921
2.11533 0.08502 3.84971
2.53461 0.06551 3.6886
3.23275 -0.1505 1.6981
4.73314 -0.9613 0.59652
4.52358 1.55248 0.00218
3.18752 -0.27476 0.80183
2.25144 0.66583 0.1575
2.4215 -0.32948 -0.90112
3.35075 -0.82306 -1.07212
2.54083 -0.34898 -0.70283
0.13393 -0.21319 1.92477
-0.26021 -0.66041 4.02226
0.84624 -1.47589 2.77497
1.84085 -1.71505 3.29231
1.49733 -0.32102 1.51815
1.40531 2.40898 1.64733
1.20588 2.19686 3.48236
0.27546 2.73991 3.4848
2.11886 1.59637 3.76021
2.13973 2.3237 2.16453
2.28987 0.40449 1.93746
3.83548 1.49979 1.6637
4.13946 0.87939 0.89319
5.0858 -0.13964 0.97786
3.21909 -0.03025 0.28099
2.83179 1.04117 -0.04707
3.61089 1.52021 -0.62602
4.16523 -2.58156 -0.86674
2.62395 -0.08985 -1.64265
2.24934 1.899 -0.43746
0.75569 1.41931 -1.17798
-0.19768 1.07107 -2.98228
0.81699 -0.62989 -2.76335
-0.31479 -1.02392 -2.31178
2.41482 -0.17869 -2.01597
2.48433 -1.23646 -1.81367
1.24854 -2.50283 -3.30673
2.25023 -2.40783 -2.32607
0.92568 -1.5822 -4.49896
-0.80025 -1.64556 -2.10156
-2.83008 -0.99716 -1.91065
-1.48917 -1.64606 -2.20868
-3.26401 -1.38954 -1.46795
