0.02275 1.90585 -0.75175
-0.18688 2.83446 0.46091
-2.37052 2.41645 -0.15729
-0.57482 1.24371 -0.41162
0.36072 0.37147 -1.22196
-0.23273 1.75392 0.04666
-0.65687 2.74218 -0.29192
-0.75563 2.19127 -0.16694
-1.01433 3.07172 -0.91728
-0.19429 2.57539 -1.18379
0.55598 1.71359 1.75891
1.18957 2.50746 -0.76939
0.49978 2.48665 -1.571
-1.87794 1.20547 -0.98939
-1.50255 2.02869 1.00011
-0.21714 1.05094 0.43281
1.93504 2.0979 -0.16003
0.28596 -0.52769 0.58239
0.6256 -0.15628 -2.57606
1.35649 -0.09652 -1.05338
-1.25059 0.01982 0.14643
-1.81595 -0.89016 -0.07792
-0.48483 -0.48222 -0.87602
-2.17019 -1.39367 0.61552
-0.41807 -2.18084 0.13616
-0.28821 -2.32057 0.6486
-0.781 -2.62712 -0.05066
0.10988 -3.91466 0.86362
0.03085 -3.56313 -0.33086
-0.31005 -4.75384 0.71128
-1.24689 -3.25704 -0.32109
-1.46109 -1.84376 -1.79064
-2.16966 -1.82458 -0.78154
-0.62968 -1.82171 -0.05265
-0.68341 -2.298 -0.04242
-1.85184 -2.04905 0.03102
0.32401 -2.68535 -1.0029
0.42004 -3.00944 -1.24461
1.43748 -2.68511 1.21985
-2.29609 -2.88669 0.20327
-1.09631 -0.99914 0.01054
-1.0074 -1.13758 0.84142
1.12931 -1.00509 -1.56709
-0.32316 -1.40433 -0.84833
-1.39863 -1.13909 0.59922
0.81595 -2.18491 0.30921
0.36371 -2.70455 0.69822
-0.59334 -3.11483 -0.62307
-1.01235 -2.19045 0.59805
0.52228 -1.59132 -0.14811
-0.35408 -0.66558 -0.44201
0.05442 1.22173 2.38457
0.51017 -0.15596 -0.7597
-0.21109 -0.86741 -0.73859
-0.58545 -1.73527 0.9824
-1.29885 -0.84382 -0.45176
-0.69928 -0.59621 -1.37258
-0.26219 -1.002 -0.34939
-1.14535 0.36191 -0.13556
0.41425 -0.46963 0.05381
-0.88227 -1.66138 -0.05073
-0.17135 -0.42632 0.5213
-1.3978 -1.10492 0.51098
-0.0988 -0.70408 -1.74028
2.61774 -0.86903 0.76172
0.84594 1.04233 0.30755
1.50214 1.24194 -2.0252
-1.07686 0.78314 -0.13103
-1.03712 0.0934 1.1252
0.61375 -1.48676 0.02789
0.9847 -0.88226 1.60448
2.7425 0.23638 1.00751
1.56492 -0.09916 -0.0893
-1.1601 0.94969 1.24134
-0.19172 1.37466 -1.05993
1.82002 1.73328 -0.35281
-1.10056 1.83165 0.17757
-1.20668 1.77769 0.49039
0.03578 -0.25861 -0.47042
0.40093 -0.28644 -0.98541
1.35397 0.3621 -0.345
1.12499 2.39203 0.801
0.12474 2.07784 -0.82787
0.03436 2.51356 -0.21186
0.12261 4.099 -0.10138
-0.0057 4.57971 -1.07361
0.51207 3.65392 -0.84518
1.80897 2.69193 1.6672
0.76511 3.56761 -0.58284
2.86058 3.92036 -2.42093
1.11883 4.73022 0.42163
1.10233 6.17447 -1.06888
2.19685 6.28605 0.14069
2.38436 4.87547 -0.43586
1.77482 3.75278 0.51942
0.91695 2.45938 0.1563
0.87929 3.0748 0.05597
-0.04432 3.87511 0.91329
-0.65483 2.69534 -0.6888
1.06268 4.69044 0.54547
2.19074 4.81819 0.97611
0.98301 2.36513 -1.08145
1.52709 3.75999 -0.16764
0.4794 3.68229 0.58319
0.1768 3.09747 0.1551
2.31148 2.72851 2.16145
2.69644 2.33536 -0.24516
0.09109 2.20113 -0.30402
0.09876 1.58304 -0.28799
0.49051 -0.06497 0.25409
0.90178 -1.50237 0.90974
-0.09065 -0.01921 -0.37564
0.8351 2.36407 -0.04738
-0.13034 1.26242 0.21661
0.74083 0.89586 -0.174
1.58422 1.52916 -0.15715
0.75315 3.45975 -1.8473
0.22024 3.90056 -0.53599
1.37616 3.59502 -1.32781
0.754 3.58361 0.66676
2.08685 2.06926 -2.02812
2.97484 1.55489 1.21313
1.72463 1.39888 0.71615
0.85686 1.64738 1.27638
0.72975 2.48114 1.3818
1.3803 1.4981 -0.35192
0.12718 0.09158 -0.85808
0.97584 0.72912 0.33751
-0.12017 -0.51265 0.36867
0.44396 0.90409 0.22339
0.62025 0.94729 -1.10869
0.57171 0.74813 0.83498
-0.91686 -1.7492 1.28746
1.27289 -1.49961 1.76514
0.5914 -0.72793 0.10579
-1.39431 -2.31959 -0.81271
-0.0524 -2.6171 -1.00969
-1.06133 -3.70088 1.79177
-3.64756 -1.09467 0.88376
0.32108 -1.32953 -0.07857
-1.20066 -1.67354 0.62033
-1.20339 -0.83869 1.24611
0.20957 0.49143 0.59505
2.19925 -0.17806 0.86023
-0.78657 -0.30159 1.12393
1.66484 0.3284 1.60953
1.23173 1.20563 -1.16817
0.90467 1.25803 0.027
-0.22917 1.46995 -0.38459
-2.43384 0.54722 -1.05041
