2.20412 8.86466 -0.34081
2.85735 9.34731 -1.03771
3.34944 8.58131 0.08399
4.3318 7.63236 0.38082
2.57811 8.07924 0.3323
0.93403 7.1538 1.00824
0.73541 8.54717 1.40617
-0.01152 10.27315 1.28989
-0.17158 10.88601 0.51078
-0.67842 11.53752 1.3647
1.12959 11.41946 -0.62454
0.64505 12.20395 0.63679
0.23183 11.06065 0.49838
0.57557 12.2918 -0.64448
0.45329 11.87048 1.59518
-0.82427 10.6397 3.23051
0.07081 10.59403 0.1683
-0.44217 9.56821 0.51597
-1.37251 8.30668 -0.81801
-2.45559 10.06646 0.48948
-2.26759 10.26418 -0.81923
-3.13161 9.72305 -0.71824
-1.67165 9.88817 -1.45836
-1.97216 7.67794 -2.28162
0.36008 6.61309 -1.34022
0.724 3.22573 -0.07126
1.33757 1.18303 -0.7901
1.77483 -1.14955 0.23716
2.3714 -1.61616 0.00624
1.50231 -0.70267 2.4934
0.96703 1.61498 -0.31446
-0.95727 2.42288 1.04447
-0.29247 3.15068 1.06935
-1.06362 3.28476 0.43126
-1.00481 3.69039 0.90055
-1.15915 5.4109 0.38422
-2.432 2.16569 0.88434
-0.89426 1.65572 -1.27471
-1.71508 1.4649 -0.75047
-1.42987 2.00147 0.05209
-1.15355 1.32805 -0.8934
0.19073 1.649 0.40514
1.05296 2.53845 -0.20909
-0.12434 2.64872 0.47585
0.73127 2.73943 0.39435
0.92469 4.36907 -0.46276
0.51287 4.73273 0.38051
-1.68865 5.3993 -0.86272
-2.53789 4.56047 0.18016
-3.46979 4.40039 1.3422
-2.35355 3.29248 0.51999
-0.62785 2.17029 -0.19149
-1.34251 1.23485 -1.17533
-0.65322 0.47233 -1.51828
-0.27171 0.06038 -1.77246
0.37277 -0.34201 0.82522
1.96803 -1.09582 1.44034
1.68635 -1.87289 0.18079
0.34385 -3.54844 -1.3981
0.49634 -2.68477 -0.18077
0.64507 -1.55649 -0.0901
2.47239 -1.46578 0.04873
2.5021 -1.35502 0.18149
3.26379 -1.1928 1.05463
2.38362 -1.57086 -1.21879
2.8594 -1.10238 -0.4887
3.17562 0.77429 -0.35072
4.5334 0.50556 1.6112
4.84077 0.86751 2.10747
5.46491 2.12938 -0.71827
5.22135 1.35301 0.16506
4.36522 3.52229 -0.62781
5.32917 4.83209 1.8938
2.72073 6.22564 0.06107
2.38793 8.34823 3.05047
2.84817 6.04285 2.09955
4.20538 7.80766 2.09372
2.76261 6.94082 1.72054
2.64812 8.30463 0.34977
3.26695 9.6045 1.27287
4.89358 10.0706 1.29163
4.63176 10.19983 1.32536
4.63553 10.9491 1.38611
3.23348 11.52588 0.8528
2.96241 13.2093 1.95083
4.38473 14.00438 1.73288
4.03243 15.20923 1.49716
3.04991 16.85271 2.18397
1.46147 18.0344 0.66038
0.58541 18.65115 -0.85709
1.76783 17.67012 1.71009
0.87443 18.06721 0.00949
2.03006 17.52855 0.77022
0.68164 16.27835 -0.47095
2.93056 17.69837 0.47408
3.79569 16.87424 -0.04759
2.8677 15.60894 -0.52991
2.3739 14.33061 0.26209
2.02381 12.73618 1.37798
2.02367 13.64564 1.53236
0.93589 13.13574 1.58765
3.01817 14.12521 0.0119
2.56367 13.83105 -1.61333
0.58329 15.08263 0.33086
-0.2051 15.45734 -0.19923
-1.61439 15.464 0.92196
-0.52074 14.71321 0.05915
-0.48315 14.47783 -1.27467
0.83025 13.48712 0.5718
1.0552 10.71559 -1.10437
2.62886 10.08035 -1.07647
2.0426 9.3654 -1.72059
1.63283 9.24633 2.74442
3.22975 8.3978 -0.35258
2.93434 6.18942 0.4785
2.26169 4.77123 0.89996
1.85574 4.88033 0.18253
1.44314 4.27984 0.49018
1.52259 4.37194 1.47681
1.94666 3.6899 -2.67998
1.14616 4.60119 1.68779
0.95733 5.31601 -1.4049
0.7672 5.59788 1.96213
-0.46172 5.8542 0.0613
1.44954 5.65813 0.22755
2.3861 5.87799 2.47314
2.56686 5.6381 -0.67372
3.34193 6.82149 -1.43725
1.49696 4.7866 -0.30836
2.99066 5.70058 1.07442
2.36479 5.7109 -0.57566
1.67646 6.2463 1.05998
0.95578 6.68065 -1.16419
1.5243 7.05528 1.45707
0.97047 6.45597 0.32021
1.56504 6.4391 0.81261
2.01443 7.08412 1.73029
0.82264 9.94665 -0.52336
1.54705 12.35392 0.60316
2.89944 11.9393 -0.28682
1.42895 13.12291 -0.3712
1.80047 10.14611 0.49396
2.38934 9.53148 -0.76009
4.38714 8.8291 -0.23458
4.65273 8.36207 0.34902
2.85504 7.16284 0.39649
2.941 6.65157 3.28043
1.22006 7.42151 -0.75544
1.20733 8.9217 0.60707
1.30779 8.46246 -0.8642
