-0.70394 -0.40007 -0.60029
1.73595 -0.20527 0.3349
-1.57372 -2.31272 1.19359
-0.84902 -2.04464 -0.56124
-0.74422 -1.31553 -0.08488
-0.4636 0.41722 -0.69025
-1.43613 -0.62483 0.60567
-0.907 -0.65744 0.76885
-0.71345 0.65532 1.18104
-0.25699 -0.89983 0.96718
-0.73576 -1.27482 1.07706
0.36104 0.36309 1.89913
0.0891 1.792 0.37026
1.15774 1.83632 0.43708
0.78223 0.87765 1.41749
2.26244 0.0424 1.61267
2.25903 -0.12004 1.5402
0.87969 -0.13624 2.53997
-0.48154 -0.55635 1.12283
0.52449 -2.39338 -0.39693
-0.00818 -2.50466 0.39331
-0.45119 -2.32796 0.65723
-0.74938 -2.96035 0.00187
-1.23943 -3.07989 0.73457
-1.53073 -2.69896 0.80799
-1.50334 -2.84997 -0.88102
0.03672 -3.23849 -1.3419
-0.10597 -2.89778 -1.634
-1.27111 -2.0452 -2.45592
-3.59614 0.50062 -2.67552
-3.66648 0.87845 -0.44247
-3.8627 0.25267 0.10775
-0.46612 1.81518 1.24894
-0.92 1.51751 -0.82601
1.64628 1.06033 -0.82499
1.80446 -0.63572 -0.75232
1.00293 -0.08472 0.47004
0.8004 -0.13328 0.22765
0.53096 -0.46857 -1.74544
-0.30426 -1.04265 -0.52223
-1.51242 -1.46687 -1.03273
-1.67062 -0.96836 0.70119
-1.3424 -0.688 2.32325
0.46912 0.26456 0.72151
0.00126 1.66791 0.00768
-0.09643 0.72833 0.84144
0.27499 1.47955 -0.70748
0.68944 0.60323 -1.82588
-0.79389 -0.87012 -0.14325
0.89254 -1.37144 0.5737
1.20202 0.74656 0.75408
-1.3128 1.11513 -0.59228
-0.87185 -0.21529 -0.23982
-0.22567 -0.50175 -0.5679
1.63269 0.36665 -0.89171
-0.93849 -0.18254 -1.20252
0.76213 0.10745 0.01549
0.00977 -1.20603 0.45009
1.17159 -1.02866 -0.31064
0.7281 -2.0545 0.33199
-2.35376 -2.19702 -0.62049
-3.21539 -1.88877 -1.01453
-1.9158 -1.36784 -1.43432
-3.2718 -0.34231 -0.36958
-3.32656 0.39458 0.93463
-2.80862 -1.0303 0.16203
-2.17074 0.49517 0.66367
-1.7519 -0.62143 -0.08191
-1.19251 -2.57591 -1.13424
0.29056 -1.62181 -0.87018
-0.17744 -2.20427 -0.9612
0.05233 -1.971 0.43874
-0.0184 1.15079 0.89108
-0.59905 0.97436 0.80717
-2.43385 1.71172 -0.12032
-2.15065 2.2366 -0.15253
-2.30833 1.59039 0.15281
-2.06616 0.17943 0.29813
-1.10531 -0.26798 1.63377
-1.03175 0.28796 2.11663
0.10324 0.1031 0.89113
1.68105 -0.06794 -0.33847
2.33983 -0.80256 2.20322
0.49938 -1.59377 1.95871
1.07332 -2.01226 3.06151
1.36957 -0.4661 0.81746
0.99609 -1.05208 -1.21765
1.16835 -2.1246 -1.41057
-0.52884 -1.60674 0.46537
-0.67457 1.96004 0.191
-0.99104 0.43691 1.50019
-2.35095 0.0137 -0.0503
-1.09696 1.14942 -1.35081
0.65928 0.68308 -0.21074
-1.51158 1.22578 0.85172
-0.73558 0.89859 0.40047
-0.25764 -0.77141 0.0227
-0.37931 0.38122 1.32339
-0.12234 -1.635 0.84583
-0.18845 -0.2338 1.3427
1.2043 0.70254 0.63843
1.93404 1.37371 1.09262
0.69506 0.25191 0.28916
0.94787 -0.36821 -0.45445
1.46812 -1.50953 1.9694
0.77387 -0.18849 -1.99487
0.98726 0.36942 -0.1864
0.42598 -1.51991 0.46065
1.62155 -0.25691 -0.4089
1.92361 -1.0289 0.30031
0.67725 0.30959 -0.01282
0.28139 -1.82169 0.24952
1.13386 -0.98191 -1.52736
0.51566 -2.4101 -0.89402
0.57052 -0.32598 -0.29482
-1.77706 -0.02865 0.27493
-1.41482 1.29265 -0.63984
-0.51581 1.97129 0.14505
0.19278 1.68191 -0.54107
-1.36833 1.08565 0.35971
-0.3526 2.27276 -0.94507
2.01194 2.18355 -0.47282
1.63635 2.21177 -0.93968
-0.03116 2.60746 -1.58737
0.68791 2.38249 -1.97893
1.28117 2.63647 -2.16821
2.05968 1.1712 -0.27278
-0.1015 1.39399 1.57945
2.46591 2.12034 0.32469
2.0497 3.27589 -0.11186
-1.54199 2.76845 1.43071
-0.90146 2.93703 0.85153
-1.72776 2.249 0.3575
1.06945 1.60859 1.68313
0.97429 0.54787 2.22615
1.07264 1.21889 1.58765
-0.65011 -1.01891 1.4997
-0.59021 -0.27601 -0.30546
-0.03706 0.27586 -2.17349
-0.33583 -0.42374 -2.19859
-2.54544 0.46288 -1.13607
-2.25865 0.4275 0.90923
-0.59984 2.00663 0.14629
-0.35954 2.89442 1.99173
-0.23828 3.57813 2.31651
0.0214 1.76659 0.61335
0.0099 0.76772 2.13332
0.71148 0.16822 3.01239
0.78981 -0.6584 2.64791
1.61421 0.1806 2.10216
