-1.41893 3.73289 -0.55076
-1.47731 1.09395 0.2397
1.16788 0.84797 0.85648
-1.13187 -0.8169 -0.44235
-2.19851 -0.44156 -0.93714
2.5852 -0.03177 -1.58324
0.42644 -0.74774 -2.14606
-0.15732 -1.62822 -0.57546
0.7642 -3.8146 1.38525
-0.24601 -3.55715 0.69641
0.82814 -3.24447 1.99826
-0.03832 -2.99703 0.2705
0.95163 -2.11301 2.47295
0.32968 -0.17438 0.75953
0.47015 -0.66853 0.30585
0.44549 -0.75906 -0.03806
0.52471 -0.85926 2.34494
0.77245 -0.57908 0.95313
0.50213 -0.04327 0.9387
0.23768 -0.30671 -0.27404
0.65515 -0.8832 2.49847
-1.38341 -1.20908 1.80577
-0.48092 -0.05911 0.70969
-0.9971 1.44377 1.5883
1.08249 1.19944 -0.55223
1.4352 1.50252 -1.69795
0.37315 1.03894 -0.48781
0.49875 1.63884 1.09689
0.90936 0.4289 -0.74588
0.83779 1.46691 -0.21437
1.22087 2.60101 -0.86527
0.67878 2.589 -1.35985
-1.37394 1.13254 0.25464
0.81645 1.06985 0.04992
-1.11112 0.58131 -0.29852
-1.86022 2.11614 -0.94432
0.24417 2.95988 0.84755
-0.41455 0.63385 0.83281
0.7996 -0.48206 -0.92914
1.70165 -0.7953 -1.42734
-0.9155 -0.69852 -0.05248
-1.32026 -0.36498 -1.35097
1.34098 -1.79087 -0.46194
-0.94773 -1.94252 0.59791
0.44696 -1.79625 1.43623
-0.65953 -0.91169 -1.10401
-0.24994 -0.73904 -0.89087
0.06218 -1.28236 -1.65698
-1.01857 -1.57077 -1.44288
-0.77047 -0.96729 -0.33739
-0.46081 -2.84874 -1.1654
-1.31273 -2.99042 -1.94614
0.697 -1.93465 -0.91818
-0.17753 -1.20828 -1.08544
0.40431 -1.08722 2.3749
1.22648 -2.17952 1.17193
-0.70373 -2.4779 0.30552
1.84987 -3.29125 -1.15574
0.77568 -3.12077 -0.03398
0.63722 -2.90784 0.46878
-1.23361 -2.99636 -1.28408
0.95386 -2.07294 1.06051
0.24127 -1.81906 -1.11247
1.74637 1.22206 0.28489
-1.04421 2.66865 -0.41773
0.29515 2.41317 -0.84858
1.09544 3.26314 -0.69811
-1.36857 3.42984 0.21304
-1.13586 1.25075 0.60266
-2.18523 1.6838 0.59267
0.10801 1.45758 0.22023
0.08318 1.80492 -2.01932
-0.80179 3.15652 -1.05636
-0.12098 3.68903 -1.1329
0.2651 2.95078 -0.1811
-0.64915 1.69809 1.93145
-1.66432 0.18881 0.26506
-1.18795 -0.79803 1.13085
-0.6804 0.8007 -0.67063
-0.33745 2.29895 0.13182
-0.23803 3.99758 1.48237
1.70562 2.27625 1.59288
-0.68301 2.00411 0.60629
0.19913 3.64102 -0.68985
-1.31746 5.53479 -0.5562
-0.02292 3.82871 -1.68421
-0.06248 3.44339 -1.21764
-0.83145 2.63276 1.47361
-0.60411 2.38033 0.6609
-1.17366 1.73073 1.84837
1.25636 1.64854 1.15844
1.01163 1.28322 0.37192
1.83717 1.37517 0.62326
1.35373 2.35229 2.06338
1.50555 1.09819 1.62926
-0.21628 2.67772 1.71349
0.04269 1.48976 0.80551
-0.39927 2.10523 1.27168
-1.59313 2.97921 -0.00675
-1.43003 1.22376 -0.44451
-0.34609 2.74601 0.75024
-0.48088 2.06459 -0.75175
0.45855 1.94011 -0.11213
-0.70469 3.9607 -0.91737
-0.15268 5.76996 -0.17723
-0.63079 3.79736 -1.40653
-0.96682 1.83595 -0.24505
-0.68988 1.65468 -0.72034
-2.56664 1.81272 -0.01674
-0.03685 1.50919 -0.62749
0.46293 1.30403 -1.40983
-0.29673 1.53059 1.10604
-0.5637 0.72794 1.87224
-0.95922 -1.44776 -0.59947
0.59112 -1.87763 0.05097
1.04291 -1.94952 0.60794
0.2934 -0.81565 -0.66067
-0.77332 -0.70596 -0.84613
0.78233 0.39678 0.48405
-1.15487 0.07109 1.74868
-0.73079 1.5953 3.24742
-1.91243 -0.47711 0.86962
-0.14749 0.54834 2.05494
2.12888 2.77982 -0.87901
0.48364 1.90341 -0.18734
0.62948 1.30398 -1.29652
-1.41797 0.17176 -0.30852
2.27483 1.10922 -1.11687
0.85928 1.24245 -0.36541
1.28833 1.23687 -0.49347
0.43302 1.02609 -0.4839
0.18994 1.05619 0.73468
-0.6048 0.65423 0.33365
-0.81206 1.64137 -0.0643
1.11304 -0.26242 0.52128
0.1829 0.28375 0.78872
-0.9315 -0.71771 -0.07074
0.00527 -0.58142 -1.33295
1.30919 -0.69765 -0.77665
0.04812 -0.57042 -0.68606
0.80577 0.1412 0.15741
-0.30332 0.99026 0.42606
1.95665 -0.24562 0.05052
0.67699 -0.24829 -0.3161
-0.47535 0.97093 0.41166
-0.41953 1.40508 1.27249
-1.44432 0.79713 -0.54068
-0.58539 0.72432 -2.00569
0.88453 1.42161 -0.9314
0.15476 0.37215 0.0622
