-1.28504 -0.88127 1.82879
-0.88239 0.2312 1.90123
-0.12592 0.23138 2.41668
-0.24211 1.36457 2.6179
-3.00731 1.64266 2.23619
-1.58306 1.30527 2.93218
-1.10812 0.96557 3.68217
0.96348 0.53096 4.667
0.58975 0.84706 3.98859
0.11213 0.9358 4.34854
1.34008 1.59034 5.51094
3.58271 2.36156 4.82366
5.03257 1.86034 3.02027
5.5048 2.38413 1.78458
4.70306 2.63235 0.43632
4.94065 1.55597 1.15986
2.91434 3.30102 0.71585
2.45787 1.37869 1.86199
2.70932 2.63404 4.25131
2.9569 2.12729 2.10819
4.05659 1.78625 2.84898
4.03312 2.18882 2.86312
4.52252 3.20761 1.9295
3.13895 1.74107 0.97421
2.36346 2.5146 0.59182
3.23534 2.34821 0.61193
2.63368 1.67512 1.19425
1.90973 0.86995 1.29037
1.35115 1.13681 2.12188
1.8206 0.89575 3.57741
0.87497 2.87506 2.66279
1.01994 1.09295 3.98411
2.70947 2.48607 3.15842
3.01352 0.95936 1.74133
2.46123 -0.63739 3.42393
3.72536 1.62491 3.38878
3.95642 3.44047 2.893
3.60939 1.48058 1.97072
2.16674 2.26689 2.425
3.29585 0.33716 3.67857
4.18616 0.8918 3.18755
3.57163 1.77274 3.18109
3.8993 0.99755 3.55513
2.94497 2.01535 1.97557
2.90209 4.00059 4.24311
5.43336 4.29093 3.46909
4.37263 3.4888 1.81825
7.00518 3.71341 3.38703
5.43504 4.18927 2.58761
5.18313 2.26508 3.34154
6.99705 4.18921 2.17017
7.93987 3.71131 1.96459
7.97166 4.45665 1.79141
6.69028 4.64169 1.19803
8.46133 5.42542 0.52924
6.64886 5.55852 0.13408
6.28102 5.09505 -0.54074
5.53171 4.64817 0.76305
6.20267 2.7107 1.0718
4.83488 3.61483 1.05775
3.56347 3.26528 0.69578
2.02483 2.9872 0.0346
1.29867 1.26317 0.15026
1.08166 1.19312 -0.49805
1.43001 2.1871 -0.10565
0.73228 1.11061 -0.6642
-0.56786 1.90671 -1.00721
0.3206 -0.62049 -0.43611
0.99943 -0.245 -0.88749
1.71737 0.8272 -0.39146
-0.27256 1.16189 -0.28338
-2.02143 0.95051 -1.43283
-2.18359 -0.59675 -1.44963
-3.00471 -0.27552 -0.40922
-0.2526 -1.36373 -0.12199
-1.14573 -0.67871 1.88929
-1.86653 -2.24788 0.67146
-2.94026 -0.96873 1.96806
-1.56707 -0.0232 -0.64527
-2.07096 0.29455 -2.03234
-1.86977 -1.22817 -0.81398
-3.46295 -1.62502 -0.00825
-3.92168 -0.39666 -0.38131
-2.71225 0.1391 -0.24965
-2.64702 -0.4664 -0.25803
-2.49433 -1.70282 -0.45145
-3.00963 -0.91818 0.65827
-1.02299 -0.03891 1.04695
-3.31612 -0.82439 1.00195
-0.35373 -1.38102 0.88777
0.42924 -0.66481 0.80503
3.06505 -0.89489 -0.04255
3.66285 -1.63575 -0.19244
3.82084 -1.66916 1.67849
3.00363 0.85411 -0.5674
3.41747 0.0223 -0.2382
2.69633 1.26014 -2.41132
0.92004 0.72324 -1.12663
0.60412 1.2287 -1.58566
1.22945 1.03909 0.18826
0.17009 0.49067 -1.06927
-2.65996 -3.02605 -2.26643
-1.87954 -1.2399 -2.21485
-0.50591 -1.81665 -1.66335
-1.00089 -0.08598 -0.44156
-1.56183 -3.04424 0.21834
-2.31195 -2.07301 0.89983
-2.73357 -1.48484 0.40873
-2.01907 -0.63388 0.53335
-0.20724 -1.92016 0.50946
2.01823 -0.99797 1.2008
1.43489 -1.13874 0.38585
1.07366 -0.03555 -0.56034
-0.07916 2.15076 1.59167
1.56736 0.07857 1.32632
1.41454 2.3426 1.95886
0.9594 -0.81597 1.31605
1.1992 -0.14667 0.84655
3.1107 1.01588 -0.3274
2.00322 0.89468 -0.98792
3.01719 1.40721 -1.39988
2.41956 0.64403 -2.0645
1.60076 -0.28496 -2.90391
-0.79492 0.75847 -2.55134
-0.68869 1.08403 -3.64858
-2.76534 -0.38573 -1.95675
-3.00266 -0.17184 -1.8529
-3.32848 0.02821 -0.63996
-1.8458 0.61641 -0.75123
-1.57092 -0.61391 -0.42029
-2.85336 -1.42348 -0.86977
0.33848 -2.34767 -0.60504
-0.73022 -1.1888 -0.48728
-1.42964 -1.71029 -0.18818
-0.39313 -0.43926 -0.96541
-0.38541 -1.05629 -0.66499
-1.02184 -1.14095 -0.95293
-2.5646 -2.67578 -0.35063
-1.38601 -0.97613 -0.53971
-2.06757 0.83175 0.41141
-2.05187 0.54052 2.05151
-2.44038 0.57722 2.35119
-1.96693 1.31663 2.96882
-2.04662 0.97577 4.06782
-0.64096 0.39288 3.54297
1.51209 -0.33272 1.44706
1.56277 -2.05951 3.38753
3.37346 -0.31558 2.03895
2.9339 1.87378 -0.1363
0.90618 1.48334 -0.22188
