-1.70861 1.82222 1.8851
-1.27455 1.40246 3.28439
0.46551 2.94106 2.16746
2.17263 1.59857 3.88947
0.67896 1.24544 4.10062
0.39956 1.45333 3.41324
0.49059 1.3587 3.5938
1.74149 1.73613 4.6647
1.54811 1.7928 4.40082
2.41363 4.18516 3.96036
1.16409 2.08023 2.40255
2.03973 0.68247 1.66192
0.82337 -0.67655 1.04175
1.6072 -0.18721 0.04871
2.26267 0.65693 0.91341
0.90244 0.45427 -0.38057
-0.38395 0.93752 -0.07168
-0.56198 0.42118 -0.30195
-0.75857 -0.69742 -0.50523
2.41787 0.22602 -0.62101
0.73552 0.35511 -2.21728
-1.45604 1.27817 -2.11304
-2.96066 -0.58043 -2.65429
-1.22662 0.38978 -3.20207
-0.08548 -1.36647 -3.13016
1.67648 -2.32344 -3.24265
1.09631 -2.57073 -2.20823
0.19386 -3.37629 -2.22276
-1.58773 -3.34147 -2.44812
0.5186 -1.42215 -1.19688
-0.66881 -0.84393 -0.94539
-1.43347 0.77989 -0.45941
-0.29059 0.59501 -0.68045
0.02657 -0.75297 -0.45729
0.7593 -1.05191 -1.23732
-0.48288 -0.28099 -0.85827
-2.14113 0.68748 -1.70161
-1.74181 1.01033 -3.19972
-2.66029 0.02884 -3.04825
-2.26646 1.27734 -4.92657
-1.55087 -0.31815 -4.27402
-0.03297 -1.23018 -3.37244
-0.35003 -2.2289 -3.83261
-0.28333 -4.85773 -5.013
-1.85293 -3.23728 -4.88867
-2.8163 -1.46703 -4.0102
-2.61096 -1.30071 -2.32513
-4.43533 -1.10826 -1.69883
-4.4535 -1.73472 -2.34663
-4.91765 -2.85733 -2.32119
-4.44974 -1.10553 -3.27042
-4.47946 -3.16605 -3.63407
-1.09271 -4.24657 -3.37771
-2.42561 -4.76613 -3.77589
-3.68511 -3.67007 -3.83156
-4.47652 -3.09821 -1.49254
-4.6935 -2.63746 -1.6341
-3.22861 -1.0914 -3.75576
-2.58777 -0.26794 -3.37426
-2.6849 -0.30348 -2.81501
-1.33658 -2.41668 -2.13929
0.96344 -3.49209 -2.22129
1.46248 -2.93636 -0.96029
2.39077 -1.1395 -2.70931
1.77805 -1.16983 -3.96829
1.37334 -2.17114 -3.47555
1.13112 -3.63934 -2.58254
-0.51564 -2.73863 -1.14665
-0.91843 0.5061 -2.52707
-2.48845 0.75571 0.4224
-2.11983 -1.04178 0.51078
-1.64797 0.79341 1.30337
-1.75941 0.25091 0.36822
0.66059 -0.56153 -0.2328
0.60458 0.2686 -0.24505
0.59834 0.02407 0.02774
-0.06584 0.88725 0.48938
-1.22874 0.8422 1.32759
-1.5601 0.29484 1.67345
-0.0657 2.40932 -1.02394
0.83757 1.7261 0.41458
1.07037 1.49702 -0.01492
1.13955 -1.34091 1.10747
1.09689 0.39667 1.26699
-1.61419 -0.42746 1.73537
-0.66658 -0.54264 1.80138
-0.13248 -1.0887 1.56562
-0.51816 0.43534 2.01839
-0.25186 -0.24876 1.20851
1.27546 1.79813 0.98389
1.27788 2.65587 -0.13635
1.42424 1.54065 -0.64343
2.32374 0.96562 -0.83037
2.06153 0.0028 -1.33005
2.07483 0.41243 -2.16603
0.7256 -1.067 -1.69487
1.71657 0.56356 -1.4766
-1.77236 0.63267 -1.31131
-0.44548 0.56653 -2.38284
0.76083 -0.34736 -0.21559
0.789 0.30001 -1.13206
-0.2953 0.91679 -0.83439
0.04556 0.93232 -0.47466
1.17115 1.70134 0.69966
-0.79193 1.76421 1.53019
0.90103 2.01329 0.73486
1.167 -0.52303 -0.15773
-0.65351 -0.22676 0.99168
-1.10075 -0.40133 1.67393
-2.0532 -0.81057 0.9139
-1.47595 2.60258 1.59739
-1.07038 1.71128 2.19544
0.79571 1.36955 2.95552
0.88875 1.72912 3.56688
0.83152 1.05295 7.21965
2.61683 1.31495 7.02782
2.04435 1.34288 5.6729
1.90796 1.16051 3.18203
0.97263 0.62474 3.59863
1.46395 -0.14596 4.54801
2.17499 2.63545 4.91883
0.61474 1.58821 3.86753
2.8727 2.94229 2.67153
2.0987 2.51065 1.8
2.54916 0.5479 2.12415
4.3555 1.09773 2.79509
3.37238 1.61922 0.06037
2.04408 1.72016 -0.78365
0.99609 1.79476 -0.61303
-0.12214 0.49136 -1.34481
0.58982 1.50764 -0.52674
-0.09039 2.3379 -1.34836
0.9713 2.02132 -1.16397
1.48341 0.79255 -0.40497
1.85548 2.33917 -1.84396
3.57981 0.48028 -0.97095
3.0549 0.62109 0.31815
2.6225 -0.99109 -0.38139
2.1196 -0.98292 0.23399
0.74366 -0.33936 1.29319
-0.39915 1.82076 3.26524
-0.22567 1.93476 3.59812
2.36172 1.37134 2.6022
1.42074 1.55375 0.74451
2.33261 1.33407 1.73517
0.12755 1.60905 1.31902
1.74838 0.98251 1.08068
3.98255 1.75479 0.65906
3.7596 -0.02598 -0.2007
1.67176 2.27645 0.93167
