2.11068 -0.33558 -2.20834
0.81533 -1.25812 -0.35697
-0.22201 -1.73209 0.52664
-0.43967 -0.45317 0.98919
-0.96544 -0.19117 -1.16435
-0.99992 0.11542 -0.39852
-1.1069 0.42287 -0.01052
-0.13451 -0.55105 0.25998
1.77963 -0.90947 1.51337
1.72538 -0.44862 0.95546
1.40266 0.14539 0.17114
1.22899 -1.2256 0.0331
-0.851 0.2913 -0.34906
-2.10927 1.81394 -0.10774
-1.79314 0.51457 -0.94238
-0.75452 1.20542 -0.2804
-1.94212 1.62153 0.7237
0.18561 -0.03631 -0.08193
-0.14194 -0.13857 0.35761
-1.6532 -0.82919 0.0533
-1.09706 -0.66123 1.37611
0.68406 0.96104 -0.1259
-0.8906 0.72052 -0.61159
-1.66372 -0.25208 1.46
-1.92831 -0.62898 -0.98594
-0.12687 0.94217 -0.36376
1.62965 -0.235 0.65653
2.21005 -0.25317 0.86424
0.91003 0.13204 1.82222
3.02713 1.70865 -0.09188
2.10221 1.54013 -0.68463
1.71417 1.53081 -0.60647
0.4011 -0.44474 -0.25382
2.69104 -0.52221 -0.49202
3.06001 -0.87696 -0.22352
1.57296 1.55482 0.52693
2.02345 -0.15347 1.27569
1.74283 0.17144 1.64204
2.86005 -0.45201 0.67581
2.04727 -0.39621 1.01044
2.18049 1.04804 2.21006
1.59482 1.68345 0.69954
0.46439 -0.04326 -0.57228
1.73325 -0.06184 -1.29872
-0.19041 0.13944 -1.2241
-2.13373 0.45462 -0.04065
-2.70777 -0.02392 -0.52983
-4.62022 -1.29043 -1.77131
-2.03229 -1.29823 -1.15281
-4.24141 0.03724 -0.56026
-3.6026 0.43819 0.55215
-4.18838 -0.10367 -0.6571
-3.01177 1.8743 -0.41252
-2.20283 0.22946 -0.04018
-0.61721 2.19049 -0.81377
-1.46066 0.95797 -0.09812
0.50599 0.65207 0.35711
0.30773 0.73807 0.34841
1.55545 -0.30967 0.43596
1.94567 -0.72502 -0.79571
1.30566 -1.58481 0.54166
2.27114 -1.52789 1.46397
2.63079 0.82546 -0.67495
3.2446 1.07456 1.01137
2.07333 -1.11195 -0.73975
1.2967 0.21273 1.75125
2.00072 -0.0304 1.84365
3.14798 -1.35917 2.54512
4.47488 -0.1702 -0.48883
4.63861 0.30512 -0.18079
3.44752 0.92208 0.87563
4.2173 0.58278 0.26098
2.46918 -0.77248 1.58849
1.22409 -0.25067 0.54601
1.82718 -0.17243 0.57663
1.87933 1.34417 0.16526
1.50926 1.66984 0.14568
-0.36084 -0.16056 0.07754
-0.60907 0.50658 -0.14022
-1.35143 1.33337 2.37281
-1.25205 -0.03626 -0.42997
-2.60219 0.32842 0.83221
-0.51393 -1.16342 -0.24404
1.77735 1.8039 -0.83161
3.71964 -0.9486 1.17126
4.45181 -0.77404 2.58975
3.28849 0.41285 1.78592
1.99826 -0.89654 -0.38712
1.33541 0.80366 -0.13022
3.34959 -0.59842 -0.1461
2.8949 0.14391 2.919
5.3651 0.34021 0.9664
5.16522 1.2275 1.62751
5.43296 -0.51276 1.33919
4.72693 -0.9396 1.30803
4.75068 -0.09319 0.46833
4.84053 1.31152 0.01728
3.33744 -0.87426 -0.6139
2.82948 0.02774 -0.05293
2.54876 0.93614 0.50186
1.16217 -1.71277 1.08513
2.15324 1.01565 0.61374
2.08144 0.70483 -0.67619
1.62439 0.75085 0.34258
1.75303 -0.30769 -0.18154
2.50327 1.05209 1.60474
4.39605 0.88273 1.05347
5.0807 1.27623 -0.50889
4.37195 0.35106 0.94375
2.92276 0.00182 1.45271
3.72137 -0.44588 2.07906
2.76964 0.67238 1.2203
2.76009 1.66622 1.25895
2.12497 -0.18698 -1.10646
2.44422 0.21495 0.27848
2.06411 0.44613 -0.15536
2.03452 0.29572 0.65187
2.34404 0.31665 -1.0196
5.3244 1.52505 -0.59392
5.3687 -0.15861 0.79614
5.62193 -0.47924 0.18105
6.09349 -0.86779 2.0652
5.83841 -0.30622 -0.00573
5.3239 1.09773 -1.67744
2.76331 -0.0243 0.28341
3.45226 -0.41946 0.74157
2.23842 0.73445 1.38545
2.44655 -0.91288 -0.07297
1.0237 -1.2778 0.12112
2.20377 -0.16818 -0.33023
2.81838 0.03949 -3.09167
2.15621 -0.83943 -0.67757
4.19014 -1.40192 0.29241
4.0085 -0.37 -1.06093
0.69017 -0.31443 0.0465
1.32205 -1.11343 -0.07884
0.07755 0.57956 -2.53626
-0.41549 -0.59486 -3.12266
-2.02227 -0.6226 -0.1617
-1.31969 -1.95156 -1.24236
-1.10938 0.767 -0.15664
-0.69887 0.57077 -2.41093
-1.18241 0.73574 -4.0765
-1.69216 -0.52891 -0.00042
0.16096 -0.1813 -1.47172
-0.91199 -1.3766 -0.14885
-0.69222 -0.70171 0.57698
-0.77002 0.10552 0.34047
0.99504 1.3606 -0.47112
0.73458 -0.71908 -0.63526
