-1.51376 -2.87818 -2.00819
-1.61955 -2.55735 -4.96524
-0.23297 -4.38676 -6.10355
-1.51025 -6.19782 -5.19953
-0.73511 -6.18381 -5.68499
0.05003 -3.41051 -4.62223
0.71848 -2.43847 -3.23401
-0.2137 -1.61734 -2.81427
-0.22401 0.69217 -2.68282
-1.1798 -2.09184 -2.59115
-0.62855 -1.43675 -3.46996
-0.37372 -0.70131 -2.38089
-0.38251 -0.12629 -1.69147
-0.2416 0.28568 -1.36476
1.52888 0.00038 -0.11098
-0.4163 -0.24611 1.92217
0.1125 0.69906 2.28132
-0.26384 3.76071 3.52488
0.84694 3.17314 2.55193
1.53544 0.95627 3.35071
-0.25555 0.75121 1.18027
-0.69591 2.1191 0.62429
-1.36077 3.4276 -1.06404
0.38332 2.17236 -0.28674
0.71004 0.12155 -0.80612
-1.41813 -1.36095 -1.1148
-1.98996 -2.20554 -0.98146
-2.05234 -1.49005 -1.83806
-1.90518 -3.02307 -2.59653
-1.24208 -4.80129 -5.1012
0.40158 -4.70522 -4.54778
0.88614 -5.03512 -4.22511
0.26598 -3.24172 -4.037
-0.20075 -4.92531 -5.52544
0.74937 -3.02949 -6.36071
-1.13119 -3.36291 -6.83937
-0.02831 -4.31202 -5.67454
-1.29532 -4.81944 -5.42503
0.71829 -5.70837 -4.01847
0.84035 -4.77951 -3.89661
0.61197 -2.44173 -3.35332
0.71362 -2.3886 -2.87758
1.37018 -1.82591 -2.1281
0.60212 -1.68964 -1.57359
-2.87971 -1.96532 -0.30415
-0.38265 -2.32184 0.50003
0.1882 -1.13081 0.85491
-0.127 -1.69324 1.58157
0.58397 -1.14104 1.56138
-0.21508 -1.02323 0.71958
0.38449 0.52332 0.62548
1.34637 3.5687 1.56243
0.3878 1.6514 3.14166
1.11433 1.62426 3.35043
0.78078 3.28819 5.92811
0.47215 4.166 6.15305
-0.87275 3.45545 5.44911
-1.42893 2.42113 6.11303
-0.35725 2.74131 5.39163
1.18161 2.18168 5.32304
-1.51352 2.86968 5.70397
-0.52612 4.91244 6.54322
-0.35044 3.77423 5.84559
0.09251 4.19297 4.5704
0.45132 3.21221 2.92693
-0.60891 2.47705 2.21933
1.67989 1.1243 3.71537
-1.94308 2.58225 3.25488
-0.33575 2.99368 2.62331
-0.8983 2.78404 2.59859
-0.84811 3.11673 1.6176
0.28195 2.58246 1.36202
1.26666 0.60298 2.17074
-0.12041 -0.02628 1.60828
0.70046 0.59791 2.15184
-0.90649 1.10925 0.74281
0.34705 0.77344 1.27215
-0.45089 0.57997 1.46987
0.80999 0.05307 1.5308
-0.00661 1.49636 2.91561
0.95584 1.05445 3.65481
-0.09894 0.91725 2.44169
1.67526 1.48708 3.31006
0.91118 2.61137 2.30902
-0.96147 3.22637 1.27909
0.13669 3.05325 -1.18537
-2.21206 2.80077 -2.79556
-0.87222 0.22263 -2.4243
-1.57992 0.03894 -1.35538
0.18531 -2.48239 -1.98547
1.91521 -1.46882 -2.43399
2.35099 -5.12931 -3.03183
2.16225 -4.10855 -2.83623
-0.94345 -2.52713 -1.48221
-0.99725 -1.32053 -4.18109
0.57375 -2.71917 -4.5609
0.765 -3.30595 -3.85626
1.23249 -2.20759 -4.2294
0.78156 -1.4291 -3.82408
0.34838 0.01494 -1.9838
1.44254 0.82146 -1.71599
0.29099 0.1171 -0.01819
-0.25692 0.07511 -0.8986
1.57708 0.24569 -2.72
1.56925 -0.08303 -2.43298
1.08427 -1.00707 -2.46053
-0.17166 -0.44255 -2.22849
-1.55989 -0.10324 -1.40755
0.81474 -0.37424 -0.13491
-0.01903 0.62368 0.12236
0.42029 -0.94521 0.21411
-0.43726 -0.51192 -0.74864
0.79202 -0.21384 -1.46978
0.45671 -0.65257 -0.78021
-0.17509 -0.15169 0.89794
-0.24313 0.85264 0.88214
-0.27003 0.55376 0.7715
-2.60127 0.59007 -0.55124
0.14585 1.5154 -0.27248
-0.30122 1.08214 0.53518
-0.77135 0.73453 0.89277
-2.11591 1.04762 1.33751
0.47009 -0.15526 1.47688
0.4144 -1.01242 1.54949
2.1347 0.06218 2.46835
-0.74147 -0.37235 3.27267
0.02665 1.46254 2.07709
-0.40784 2.05711 3.2673
-0.12817 2.17801 3.84758
0.68234 2.50709 2.05196
-0.38261 0.57945 2.77566
0.07785 0.41707 2.22721
-0.33338 2.73438 1.57262
-0.94041 2.92622 2.37824
-0.04365 1.93477 1.23602
0.24371 2.27994 1.69978
-0.38301 1.1441 2.11429
-0.13922 0.06626 1.91733
1.98812 0.34956 2.27416
0.41398 0.82044 4.13638
0.68105 2.3352 1.87853
0.70834 3.20385 2.298
-0.12649 2.58413 3.61927
-1.50128 2.18423 5.21166
-2.02793 3.03942 2.74024
1.56874 3.35308 0.98139
1.19174 2.14382 0.26005
0.34761 -0.15591 -0.79253
-1.41157 -1.27515 -1.62353
0.3555 -0.38746 -1.44893
