1.50616 2.77273 2.66154
1.88307 1.54894 1.94377
1.8689 -0.89914 0.16191
1.55496 -0.02247 0.75084
1.04454 0.83624 0.43405
-0.52756 -0.08871 0.03819
-0.84255 1.23622 -0.9304
-1.20955 -0.25424 -0.70492
-0.07879 -0.14343 -0.99536
-0.05842 1.70278 -1.79663
-1.6728 -0.92533 -1.88057
-0.20055 1.73977 -1.88921
-0.43846 0.49751 -1.91212
0.60251 -2.02319 -0.36807
-0.09873 -0.60918 -0.28028
-1.33321 -0.64309 0.72342
-0.76317 1.28895 -1.29549
0.61193 -1.77108 -2.03607
0.36882 -0.21207 -3.0084
2.1514 -1.84489 -3.04099
-0.05051 -1.05855 -2.6654
0.10285 -1.72911 -1.5947
-2.14695 1.60629 -0.43035
-1.00133 -0.37416 -1.7345
-0.7704 -2.00977 -2.23311
-0.77984 -1.08786 -2.01884
-1.07332 -0.70165 -1.36494
-3.11799 1.57285 -0.7751
-3.40168 0.25564 -1.4107
-4.2976 -1.24987 -2.01366
-3.39783 1.09892 -3.8808
-1.33704 -1.6832 -6.8667
-1.62266 -1.71012 -6.9981
-3.36794 -0.64823 -7.80613
-1.16607 -2.93455 -5.85701
-2.50273 -1.66545 -5.28451
-2.92159 -2.40913 -7.60228
-2.23325 -0.88785 -6.97384
-4.35514 -1.91956 -4.07541
-1.49522 2.17643 -2.99122
-2.70281 -1.2793 -2.03502
-2.77268 -0.32632 -1.70216
-1.45443 1.6992 -1.47795
-2.85856 -0.28386 -3.30395
-2.73602 0.64436 -3.90629
-2.05752 -2.05572 -1.65041
-1.28324 0.4557 -3.21907
-0.17911 -0.38099 -4.9162
-2.55063 -0.56624 -4.01692
-2.01229 -0.99718 -4.65371
-3.29733 -1.42525 -4.75663
-3.26574 -1.65769 -4.80793
0.31057 -0.51295 -3.85322
-1.71114 -0.11344 -5.94044
-2.04175 -0.5627 -6.04543
-1.43583 -0.95313 -6.51141
-2.00363 -1.74435 -4.77749
-2.72727 -0.92316 -3.46313
-3.25886 -1.78304 -2.52268
-1.96636 0.64689 -3.37385
-1.42277 0.36069 -3.20989
-0.80388 -0.50925 -3.24613
-0.54387 0.15389 -4.24409
-1.73808 -1.90759 -5.0247
-0.95551 -2.98188 -5.03252
-2.2355 -0.8193 -3.39126
-3.82816 -0.99206 -1.3156
-3.74395 1.10339 0.52127
-2.84175 1.49235 -0.66312
-3.02026 -2.83895 0.25657
-2.7856 0.83798 -0.30625
-2.95989 0.85533 -0.35393
-2.03334 1.88466 0.39907
-1.84529 0.80311 0.01735
-1.06397 0.41486 0.48992
-1.34067 0.05722 -0.72951
-1.16204 1.68829 -1.15887
0.35974 -0.25075 -1.92875
0.91538 -0.44277 -1.02446
-0.1767 -0.48182 -0.64521
-0.63653 -0.68933 0.20308
-0.14959 1.29785 0.15784
0.06966 -0.59993 -0.49795
0.22015 -1.21476 -1.61215
0.00638 -0.08852 0.06137
0.74387 -0.36713 -0.33241
-1.49948 -0.77953 1.08873
-1.82934 0.0725 -0.165
0.02271 0.64903 0.41973
0.32848 0.70775 0.29973
-2.36273 0.25812 -2.0394
-2.98956 -0.39349 -0.71621
-2.358 -0.461 0.80772
-1.59954 -0.81782 -2.52608
0.00977 1.06733 -4.33242
-0.06908 -0.82949 -4.28928
0.42713 -1.07147 -3.48342
-0.10141 -1.99154 -2.89159
-0.57769 -0.79982 -2.99829
-0.00739 -1.44001 -3.13803
-0.96499 -0.46733 -0.95011
-1.75048 0.1561 -0.34608
-1.68687 0.65432 1.31847
-1.09888 -0.71879 -0.85981
0.58466 1.11882 -2.76341
0.10607 -0.57483 -2.87918
1.65888 -0.19983 -0.8612
-1.90317 -2.04067 -0.4614
-2.02392 -0.17984 -0.30709
-1.35341 1.33498 0.17419
-0.02767 -1.94385 0.51321
0.08835 -0.12457 -0.97973
-1.49499 -1.30525 -1.85124
-0.94147 -0.137 -2.71521
-0.00496 1.07801 -2.0227
-0.20761 -0.86918 -1.93928
-0.28973 0.7182 -2.84865
-1.38272 0.29197 0.03197
-0.86194 -0.00302 0.11287
-0.90935 0.23183 1.08469
0.42363 0.34341 0.35817
0.41743 0.20321 1.71813
-1.68726 1.24709 1.55355
-0.32011 -0.38985 1.05307
0.16246 -0.18528 0.86628
-1.76651 -0.62646 1.36068
-0.00443 0.77274 1.4548
0.27572 -0.456 0.46727
1.26764 1.33118 -1.05081
1.25594 -2.70758 -0.83955
0.09386 -0.09038 -1.4012
-1.05266 0.04948 -0.22029
-0.06365 -1.00991 0.77244
-0.70105 -0.02941 -0.43498
1.33936 -1.37762 -2.04838
0.41066 -0.98542 -2.45923
-1.03144 -0.4992 -1.23162
-0.85847 1.26298 -0.73277
-2.15684 0.05395 -0.96864
-0.60371 0.64325 -1.7197
0.63591 0.19071 -2.18467
-0.56464 -0.58274 -4.21583
-0.97616 0.2004 -6.25402
-0.81945 -2.4748 -5.36755
-1.2225 -1.03659 -2.31787
0.76261 -1.69025 -1.03653
-0.04605 -0.34987 -1.34318
-0.44657 0.03574 -0.25552
-2.35574 0.65634 -0.49325
-1.18154 -0.37627 -1.34232
