-0.98245 0.59835 -1.06252
1.29986 1.21708 0.42873
0.00567 1.17351 0.64201
2.28117 -1.02211 0.16729
1.3252 1.27913 0.16433
0.35744 0.72553 0.69025
-0.35132 0.32084 -0.61656
0.61021 0.76293 -0.54123
-0.08712 0.91411 -0.95194
-0.48033 1.22062 -0.25888
0.44817 0.61623 -0.40635
1.14636 0.85874 -1.05908
2.41627 -1.33781 0.10408
-1.04587 -1.36275 -1.5558
-0.47661 -2.23854 -2.40766
-0.80998 -1.95829 -1.96203
-0.97144 -2.43039 -1.63882
-0.91356 0.44574 -2.73966
-0.42313 -0.2407 -1.34615
0.89883 0.27482 -1.02762
-1.44653 -1.92695 -1.41971
0.41237 -1.52456 -2.24995
-0.54914 -1.85834 -0.04342
-0.47654 -0.93102 0.18104
-1.40349 -1.46142 0.12876
-1.48117 -1.58515 -1.02412
-0.285 -0.00935 -0.68041
0.24199 0.26519 0.08469
-0.28674 1.00862 3.67978
0.70252 -0.10773 3.83181
0.49603 1.87439 0.06363
0.62129 2.1037 0.18207
-2.49572 -0.35497 -0.07053
1.20324 0.36408 1.67666
0.86567 0.69997 1.09703
-1.21087 0.92198 1.80799
0.63458 2.97293 0.82856
-0.67635 1.69997 3.19252
-1.39184 0.32079 1.8308
-0.81667 2.28586 -0.83774
-0.6076 0.92045 -1.68623
1.68494 0.13868 -1.08479
-1.73839 -0.07373 -0.85584
-1.58975 -0.24446 -1.00871
1.2385 -0.16732 -1.31105
0.49197 -1.13808 -1.40252
0.4791 -0.78718 -2.02732
-0.40633 -1.52208 -1.28177
0.52478 -2.70232 -3.25214
-0.01159 -1.6179 -0.52945
-0.70316 -2.44194 -2.2788
-0.83569 0.40972 -3.93066
-1.74904 -1.10526 -2.75657
-0.43478 -0.73444 -3.14872
-0.28397 1.06908 -2.22574
0.42492 0.11025 -4.75029
-0.08459 -0.43238 -2.21145
0.38458 -1.96133 -0.89878
-0.3394 -1.13994 -2.25662
-1.17785 -1.11028 -3.8592
-0.56174 -2.69141 -2.11136
0.17712 -2.65101 -2.94742
0.31877 -1.77322 -2.92455
-1.18074 -2.8795 -1.83408
0.14451 -3.7999 -3.23234
-1.28745 -2.0251 -2.87344
0.48748 -1.11185 -1.76962
0.96687 -2.42228 -1.18837
-0.30542 -2.21763 -2.0816
-0.46453 -1.64873 -2.05488
-1.22656 0.30333 -2.81088
0.59645 -1.8834 -2.55883
-0.473 -2.07566 -1.10005
-0.87055 -2.22027 -2.22917
1.2168 -1.14002 -2.46698
1.07236 -1.51372 0.58367
0.28686 -0.64304 -0.06669
-0.87647 0.80778 -0.67316
0.18155 2.34837 0.69747
0.70942 -0.34982 2.02341
-1.10761 0.03063 1.25167
0.29104 -0.56972 2.30899
-1.45144 0.21155 1.18701
-1.75794 1.6305 0.52638
-0.76604 2.94902 -0.30431
0.8409 1.21035 1.58418
0.46528 0.45204 -0.43585
-0.49467 1.07688 0.07456
-0.08525 -0.29265 0.46731
-0.89449 0.33148 0.30751
1.98129 -1.15343 -0.13464
-0.82543 -1.78075 -0.16719
0.1501 -1.14095 1.01917
-0.20933 -3.84928 1.87939
-0.79008 -2.18648 0.50406
-0.44702 0.77548 -0.61598
-1.09798 1.17847 -0.1182
1.12768 -2.23869 0.69895
0.04227 -1.41365 0.60991
0.10004 -0.29477 -0.7997
-0.93983 -0.23753 -0.37314
0.18927 -2.10233 0.27445
-0.22943 -2.56149 0.04467
-0.68829 -0.44279 0.5919
-0.10526 0.2727 1.24302
0.91816 1.44666 2.29907
-0.17093 0.50025 1.17255
-0.161 2.25772 1.44403
-0.46686 0.50981 3.42534
0.78957 0.60369 4.07437
1.7754 2.05478 3.71332
1.42578 3.64427 3.82308
1.51658 2.47403 6.12512
2.05682 1.57553 3.5659
-1.00578 1.11706 3.78326
0.78944 2.74332 2.25952
0.33992 1.32254 1.73981
1.60005 0.43019 0.79839
0.20602 2.27267 -1.9942
0.52662 0.65978 -1.24193
1.93593 0.38344 -1.69532
1.4611 0.17997 -2.59678
-1.32547 -0.20646 -3.61654
0.4776 -2.12717 -4.07568
-0.81291 -1.37515 -5.30688
-2.01278 -1.01813 -3.75481
-0.74787 -0.03754 -4.02493
0.92803 -0.59121 -1.89872
0.64924 -0.61244 -2.72857
0.79312 -2.83036 -1.58332
0.28386 -2.43035 -3.28728
0.18836 -1.42815 -2.55346
-0.79266 -1.50948 -1.78276
0.16791 -0.41458 -3.21971
1.45234 0.884 -1.63097
1.78889 -1.01099 -1.00889
-0.31766 -1.73266 0.28811
-0.73449 -1.00261 -0.07266
0.94085 0.01294 -1.33038
-0.3822 -1.17525 -1.94103
-1.53151 0.03794 -1.65237
-0.82044 -0.59892 -1.57198
1.70977 -0.33287 -3.15523
0.09499 -0.94527 -3.13581
-0.00994 -1.34087 -3.23557
-0.02734 -1.79449 -1.95358
-0.67787 -1.84873 -1.84792
-0.14213 -1.12551 -1.82103
-3.33835 -1.74718 -1.24915
-0.88677 -0.02105 -2.04567
