1.64679 -1.42953 1.04736
0.09646 -2.6797 0.21478
0.71505 -0.92411 0.37595
-1.34698 0.65786 -0.76253
-0.76513 -0.03984 -0.42501
0.7001 -2.10692 0.54642
0.94757 1.33094 1.45695
0.04466 1.56734 -0.20347
2.09759 -0.43472 1.37666
-0.0748 -0.62496 -0.24081
0.85548 -0.24445 -0.4955
0.84786 -0.02616 -1.7677
-0.40203 1.02688 -2.04277
-1.27987 -0.35197 -1.63427
-1.51435 -1.35482 -1.01576
-0.88489 -2.04209 -1.11374
-0.23273 -1.26446 -0.55774
-0.94395 -1.30423 -1.14038
-0.96275 -0.28054 -1.11564
-1.41934 0.0549 0.03599
-2.41003 -2.64842 0.76737
-1.64761 -2.20524 -0.74362
0.13977 -3.25916 -0.45738
-0.05075 -0.61242 -0.39668
-0.27125 -0.64657 -0.21707
0.01593 -1.62516 -1.79519
0.18786 -3.13731 -0.76155
2.50489 -2.91755 -0.27442
1.6122 -0.06278 -1.73412
2.28235 1.74011 -1.2429
2.15224 2.50943 -0.99678
3.10682 0.90041 1.03082
2.23254 0.85829 0.54953
2.71848 0.37437 -0.18799
1.6875 1.81197 -0.31513
1.12433 1.51628 -0.83257
1.4719 0.53819 -2.07671
2.30718 0.00998 -0.12995
0.93518 1.24445 -1.11561
0.26283 1.2454 0.81828
-1.5403 0.36469 -1.45676
-0.49736 1.35118 0.1799
0.44909 0.46411 -0.01393
-0.295 -0.74133 1.13098
-1.8568 -0.87121 1.39183
-1.17405 -1.50439 -0.50979
0.45712 0.44479 -0.25352
0.91232 -0.18576 -0.23366
0.18086 -0.06384 1.47094
-1.08384 0.48223 1.07393
0.48629 -0.18609 -0.83481
1.05413 -0.16729 -0.84399
0.45759 -0.32804 -1.28699
0.48816 -0.77821 0.60988
1.80975 -0.38037 -0.18171
2.33847 0.01566 -1.54763
1.26039 1.05851 -0.75951
1.00505 0.45751 1.24992
2.44048 0.30766 1.73367
2.0764 0.27149 0.5721
2.40988 2.21766 -1.44116
1.65961 2.0411 -2.43344
1.2963 0.74437 0.12904
-0.61126 -0.71836 1.45926
0.77788 -0.15326 2.36515
1.17855 -0.2018 -1.54746
2.85899 0.14423 -0.60321
2.6526 0.29227 -0.03625
1.67007 2.62693 0.56372
0.10352 1.95364 0.70597
0.8792 3.08668 2.07905
-1.04296 1.73052 1.01144
0.07294 1.931 -1.43968
-1.37857 3.37462 1.30099
-1.29408 0.14944 1.46261
-0.29676 1.26922 0.93275
-0.83642 1.62282 1.35754
-0.91197 -0.1647 2.12524
-0.57735 -0.18671 -1.0683
-1.43659 -1.42263 1.46063
-0.95985 -3.08388 1.50102
0.54222 -1.77212 -0.63472
0.30746 -2.44744 0.78339
0.07454 -0.36763 0.45982
-0.09273 1.08119 -0.12648
0.03106 -0.03886 1.449
2.49174 -0.94663 2.18852
0.30932 1.42552 0.1936
1.01368 3.9891 1.3174
0.10259 1.27601 -0.84356
1.10242 2.56917 1.82302
1.55634 1.83677 0.63462
-0.4937 0.21412 0.96343
0.09932 1.11343 1.51435
0.31402 1.5282 2.56132
0.56997 1.15512 0.69489
-0.29964 0.64967 1.77084
-0.91734 -0.24019 0.51255
-2.23741 -0.25128 0.9663
-1.56732 0.00373 0.2752
-1.60067 0.21677 -0.40465
-1.9419 2.07818 -1.30057
-0.46372 0.55829 -0.11559
0.10475 -0.44412 0.55692
0.67007 -1.11446 0.02038
0.14077 -0.60099 0.49798
-0.76279 -1.24909 -1.79409
-2.23592 -0.82763 -0.44822
-2.24245 -2.93919 -2.5324
-2.38674 -1.73738 -1.2502
-1.98515 -3.20481 -1.88937
-1.51577 -4.04415 0.88674
-2.12475 -3.21062 -1.05526
-2.29406 -3.53744 -3.34541
-3.84981 -3.59413 -1.7529
-0.83309 -4.38533 -1.1241
-1.62511 -2.79391 -1.116
-0.00822 -2.52235 -2.31541
1.20075 -3.38776 -0.71179
0.55509 -1.65112 0.51525
1.40443 -2.99075 -0.82052
0.47298 -2.13467 1.50621
0.63864 -0.62802 -0.6299
2.25583 -1.04339 -1.20127
1.5012 0.24961 0.79463
1.81066 0.04845 -0.57829
1.07172 -0.04061 1.40215
1.92717 -0.11885 0.55759
0.39101 1.01088 -1.8896
-0.34394 0.35681 0.27854
-0.27224 -1.05363 1.42162
0.25171 -2.19569 -1.37322
-0.11999 -1.53099 -0.35693
-0.14904 -1.0577 -1.77967
0.96413 -1.28708 0.06523
-0.78742 -1.04517 -1.38262
0.96835 -1.21099 -1.43321
1.17179 -1.32023 -0.24925
-0.25813 0.56835 -1.19431
-0.80487 1.75517 -0.90827
1.24619 0.83121 -0.03606
0.79131 2.38387 0.83654
-0.89189 1.38126 0.88409
-1.95117 0.31013 0.96329
-2.4658 -1.28019 1.8277
-1.39049 -1.88401 0.23128
-1.59975 0.10405 0.1629
-0.72854 -0.02083 -1.27372
-0.55438 -2.45481 -1.319
-0.59373 -1.37574 -0.38765
