1.65013 2.10489 -0.44208
1.01041 1.5646 2.57717
0.08665 -0.68371 1.71372
1.09396 1.12228 -0.16459
2.72955 1.00034 0.73047
1.46745 0.78821 0.41478
1.62412 1.21025 0.48669
-0.39567 1.54386 1.01061
0.04457 1.69625 0.15997
-0.52738 2.22867 0.39595
0.44042 2.77268 0.26283
-0.10652 4.4988 1.39189
1.07181 3.08875 -0.25321
-0.9352 0.69842 0.84103
-1.36787 2.0055 0.52186
0.74683 0.64863 1.13377
-0.10496 -1.45061 -1.41532
0.65375 -1.40773 -0.43115
1.52839 -0.84457 -0.60146
0.50542 -1.45427 -2.82951
0.46084 -1.88142 -0.0331
-0.50865 -1.64489 -0.08044
-1.87756 -1.28938 0.25419
-0.09136 -0.81129 0.55831
0.97421 -1.1865 0.60307
-0.13347 -1.40298 0.3553
1.67538 -2.75013 1.16613
0.78123 -1.5444 0.65318
-0.04123 1.13539 1.71919
0.79767 0.86801 1.41701
0.20566 2.19389 0.24621
0.79982 3.01606 0.44236
2.82265 3.5387 1.51715
0.92914 3.16947 0.05817
0.60581 4.44141 -0.32077
-1.12878 5.2365 0.41503
0.05751 6.43077 0.07834
-0.94085 7.47434 -1.09839
1.32452 7.67545 -0.3992
1.41866 7.55589 0.06869
0.39553 6.94463 -0.26913
-0.74273 6.06842 -1.00502
1.73633 4.41747 -0.45639
-2.01897 3.55542 -0.37907
-1.40422 2.45408 0.70494
-0.74341 1.88671 0.68094
-2.20354 2.35612 0.0734
-1.41136 3.26287 -1.53503
-0.78272 3.07352 -0.90275
-1.67971 3.18802 -1.63211
0.36819 2.2363 -0.13681
1.24695 1.04902 -3.26167
-0.05878 -1.18042 -1.86129
-0.2983 -0.04381 -1.68572
-0.58868 0.90919 -2.03169
-2.04409 1.59145 -1.90195
-2.59289 -0.77133 -0.04479
-1.62896 -0.87027 -1.38451
-2.41964 -1.70248 0.81432
0.24433 -2.76349 -0.04332
0.63483 -4.29251 -0.76472
1.27312 -3.15978 -2.10738
1.03031 -3.5494 -0.95434
-1.04736 -2.31414 -0.77941
-1.34822 -3.4137 0.38092
0.86955 -3.0563 -0.39263
-0.34218 -4.62139 -0.89452
1.3034 -5.19519 -1.32259
0.80373 -3.78388 -2.05841
0.87139 -3.87809 -1.66419
-0.76965 -3.55754 -0.20511
-0.5659 -3.39045 1.70513
-0.66289 -4.35372 1.34883
-0.03046 -3.71219 0.64692
1.18927 -3.59145 -1.05476
-0.59616 -3.39388 -2.25003
-0.15579 -3.76401 -0.3098
0.45377 -3.28818 -0.86143
-1.38999 -2.01462 -0.56241
-0.3428 -1.27625 -0.72653
-0.3563 -0.28848 -1.58776
1.4722 -2.48831 -1.71342
1.53857 -2.76124 -2.04137
0.80429 -3.52904 -1.59409
-0.29225 -3.69474 -1.44852
0.77574 -4.01078 -2.86206
0.16937 -3.51772 0.53775
-2.08504 -2.96923 2.2662
-2.91333 -2.29465 1.7528
-1.5389 -2.94461 0.12922
-0.2405 -2.3287 -0.02928
0.96859 -2.58004 0.49164
1.46977 -2.01672 -1.79986
0.11196 -2.63748 -1.61075
0.86839 -1.35861 -1.0674
-0.44723 -1.68638 -0.58197
-3.34933 -0.89533 2.80255
-2.64599 -0.80033 1.81408
-0.8356 -0.92554 0.47444
1.93527 -0.89604 -0.43448
2.39903 -0.31403 -1.18236
2.16876 1.7963 -1.76045
-0.35594 0.69722 -1.72054
-1.27495 0.64581 0.22389
-0.19149 0.13137 -0.08737
-1.26596 0.49059 -0.48376
-0.73174 -0.06983 -0.57346
-0.3812 0.22572 -1.74358
-0.17132 -0.3052 -1.76919
0.03375 -0.61674 -0.91858
-0.55266 0.4619 -0.20946
-2.59247 -0.49852 1.06802
-1.94499 0.12887 2.30445
-0.14488 0.89014 1.81551
1.465 -0.26129 -1.08665
3.12156 -3.27567 0.22546
1.25093 -3.19577 -0.97447
1.0975 -3.79393 -1.18135
-0.20395 -2.49531 -0.21854
-1.9547 -2.23378 0.16056
-2.5233 -0.64447 2.51461
-1.30901 -1.20725 1.18261
-0.99344 0.04736 2.81537
1.24398 0.68144 -0.08507
1.45805 1.12829 -1.78178
1.63955 3.20592 -2.15127
2.64991 4.17606 -0.54539
0.91001 4.06095 0.33146
0.7034 5.20792 0.14177
0.46059 3.69894 1.61726
1.16523 1.87692 0.14349
-0.64804 0.83316 -0.44082
0.13376 0.33473 -0.28327
1.24471 1.11558 0.48119
0.16641 2.98927 0.15491
-1.16389 1.28739 1.48839
-0.39644 1.24069 -0.00149
0.60508 -0.43739 -0.84199
1.93677 0.49577 0.37339
-0.73878 -0.1452 -0.24998
1.25531 1.52596 0.44186
-0.13882 0.00549 -0.17531
1.04046 1.36755 -0.5418
1.24662 1.41107 0.75379
0.20788 -0.2056 -1.34238
-1.09976 -0.82337 0.42817
0.1579 -2.34945 0.55115
0.28954 -2.90475 0.19819
3.26269 -3.27326 -1.24561
-0.47573 -2.66466 0.48495
