0.80382 2.10389 1.39229
-0.10843 0.09895 1.29719
1.20452 0.45758 1.06442
1.94347 -0.78544 2.38643
0.92149 0.42089 1.47628
0.88758 0.77544 0.51422
0.93113 -0.19495 2.82316
0.01743 0.0709 3.41177
0.67154 -1.50886 3.95607
-0.29989 -1.84977 1.3019
-0.19587 0.38212 1.01478
-0.99693 -0.32802 0.13706
-2.25775 1.30704 0.05304
-2.89127 0.0527 -0.16886
-1.47587 1.54494 -0.37913
-0.77872 -0.31169 -1.51941
-1.92273 -0.08649 -0.26313
-0.78745 1.92466 1.50119
0.73137 0.48731 0.72681
0.40825 -1.48586 0.24967
1.20355 -1.92477 1.09576
-0.28263 0.26136 0.57556
-0.18434 0.14889 0.46949
-0.13702 -0.70321 -0.24767
-0.17533 0.38258 -0.33542
-0.62355 -0.19844 -0.30629
0.23094 -0.88352 -1.8865
0.24884 -0.73493 -1.88709
-0.92743 -0.9515 -1.5381
-0.2772 -0.83537 -1.72661
1.90898 -0.08638 -2.28761
2.21059 0.084 -1.26326
-0.15728 -1.17893 -1.31101
-1.64856 -0.25514 0.18042
-1.64331 0.68352 -0.95713
-1.31844 1.11224 -1.93903
-1.33076 -0.31286 0.58747
0.27028 0.12128 0.72865
-0.68463 0.46928 -1.16146
-0.63248 -1.15362 1.62103
-0.43609 1.06539 2.17068
-0.82022 1.04133 0.40897
0.27579 1.95214 0.0563
1.69547 0.09798 0.33482
0.24052 -0.77553 -0.08351
0.18695 -0.42856 2.02579
1.08629 -0.23521 0.55595
1.46038 -1.24372 0.41739
-0.08909 -0.08144 1.12709
1.58027 0.60556 1.0244
0.34909 0.68383 -0.28653
-1.04973 -0.45315 -1.37362
0.83473 -0.42419 -0.34835
-0.0192 0.17637 0.32874
1.39216 -1.11146 -0.36502
1.15865 -0.07141 -1.00215
1.44201 -1.30495 -0.61606
1.59207 0.04497 0.12095
1.75933 0.67307 0.75309
-0.16138 1.37703 -1.14917
0.30509 -1.56129 1.14415
-0.27305 -1.50585 1.80009
0.22202 -0.67346 -0.04775
-0.50498 -0.52644 0.73933
1.04037 -0.53706 0.80433
0.68089 -0.75101 -0.22362
-2.28239 0.53387 0.03493
-2.75264 0.59951 0.97319
-1.85122 -0.48282 -1.32419
-1.78893 -0.04395 0.20584
-2.10829 -0.02648 -1.02157
-3.65986 -0.12236 -2.37368
-0.71816 -0.11425 -1.50871
-1.03856 0.10278 -1.25395
-1.53645 -0.06534 -1.38175
-0.11973 -0.48924 -1.42806
-1.38965 0.68751 -1.67115
-3.06571 0.69294 -1.29099
-2.72627 0.87626 0.42919
-2.4815 0.52834 -3.23639
-2.78151 0.4506 -2.81303
-3.1636 0.23603 -1.9357
-1.84058 -0.38981 -1.93282
-0.44179 0.24994 -1.17683
-0.26879 -1.52666 -0.25119
-0.18166 1.72725 -0.52725
-0.49883 1.56684 1.34496
-1.62934 0.42576 0.11435
1.33095 0.99481 -0.36723
0.43143 -0.07711 -0.19335
-0.00879 0.02103 -0.92172
1.83318 -0.22151 -1.39015
1.7219 -0.33749 -1.45843
0.63229 0.22678 -1.33942
1.87998 -0.59223 -2.75802
2.24178 -0.98995 -1.91594
1.48158 1.20475 0.80922
1.53746 -0.13184 1.29389
3.02848 -0.17064 4.33681
2.56235 -0.15594 2.35412
3.6943 0.03578 3.02876
2.90504 -0.75681 1.52382
0.43672 0.49983 1.57316
-0.19692 0.92228 2.09568
-1.0254 0.14402 0.53828
-1.71243 1.27013 0.084
-0.74044 1.25078 -0.71582
-0.504 -0.00136 -0.73145
0.30368 -0.74119 -0.94215
2.21491 0.62149 0.19732
1.65082 -0.56918 -1.72006
1.38201 -0.93048 -0.03931
2.27007 0.31455 0.99055
0.98432 1.71422 -0.4759
1.96508 0.47048 0.68641
1.6297 -0.20019 -0.38503
1.36037 1.16962 -0.18077
1.42919 0.65543 -0.0503
1.05805 -1.34426 -0.25039
1.09504 1.18205 0.28212
0.24762 0.63754 -0.2393
-0.23689 1.39612 -0.01038
-0.3158 1.10921 -1.17831
-0.11954 -0.94909 -1.31594
-1.09531 0.66594 0.15165
-1.09087 0.29915 1.03976
-0.90316 -0.14213 1.48038
-0.62798 -1.45746 1.56775
-1.85624 0.84566 2.23698
-1.99089 -0.10945 -0.32303
-1.83186 -2.69778 -1.54377
-2.41382 0.22674 -1.96196
-1.1672 0.35266 -1.88876
-1.0201 -0.13054 -2.07726
-0.22981 0.80981 -0.88544
-2.02567 0.00534 0.43353
-2.49226 -0.27307 -0.74998
-0.99047 -0.13312 -1.00056
-1.12496 0.28034 -1.38797
-1.03446 -1.00542 -0.34921
-0.48242 -1.07029 -1.70243
0.11086 -0.29424 0.00968
2.08704 0.50191 -0.29497
1.97709 0.22806 0.08208
0.95734 1.69107 -0.98718
2.12081 -0.44216 -1.26749
2.73786 -0.51815 -1.49428
2.91988 -0.76575 -0.52676
2.78879 -1.9658 -1.01036
1.45759 -0.96654 0.65768
