4.26043 2.269 3.91195
4.10112 2.12863 4.51537
2.86404 1.10306 2.80676
3.97846 1.52762 1.81448
3.92279 1.07601 3.73526
2.40206 0.38332 3.30404
1.27188 -0.00664 4.85509
1.77035 1.64663 3.82962
2.0519 2.58206 2.84602
2.40493 2.22561 3.70432
2.28934 2.88528 2.67048
2.56722 0.49455 3.25498
0.51157 2.51117 3.51691
2.2363 2.91825 3.94101
2.6249 1.89211 3.82961
1.58079 2.1415 2.55215
1.81026 1.59351 1.04248
2.61566 2.5344 1.57428
3.38805 2.43206 1.2669
4.3241 2.64418 2.51947
3.53848 0.25886 2.89118
3.99173 2.99763 3.00392
3.93917 1.26946 2.89727
5.989 2.23513 2.45049
6.08852 2.28641 2.32038
3.9317 1.41636 0.52402
4.44362 1.35897 2.0731
4.31368 2.04969 3.13099
2.51691 1.28356 2.34307
1.22665 1.70126 3.46592
-0.50258 2.7832 1.34118
0.18575 1.97106 2.06842
0.80571 2.58688 2.78222
1.00295 0.84558 1.83089
1.69678 1.89333 2.00055
1.85509 0.93204 3.54706
1.89365 0.98359 1.85496
3.61545 1.18716 1.36503
2.81307 0.99131 -0.00528
1.7065 0.74558 1.54177
2.15898 3.01939 2.25304
1.61088 2.16561 2.50562
1.03444 2.63611 2.92744
-0.45994 2.96525 1.59232
0.19642 2.16271 1.93237
1.13221 3.12407 2.60709
2.46779 2.118 1.3061
3.78965 2.67523 1.67349
2.55986 1.80974 2.04356
1.48994 1.50877 3.44522
0.79844 1.35176 3.58336
-0.54747 2.05407 4.54742
0.88418 2.49781 3.47101
0.45904 3.77204 4.44693
-0.713 0.56167 5.15813
-1.38153 2.68971 4.67232
-0.28969 3.37587 3.27571
0.53596 1.70955 2.69138
2.35756 1.30741 3.39375
1.09391 1.54905 3.59984
1.96222 2.93262 3.41287
2.02703 2.66455 4.86691
3.39583 2.37907 1.93072
2.72189 1.49928 2.72055
2.79075 2.54615 2.97297
2.53484 3.24301 1.4319
2.97738 2.42436 0.78401
3.68651 0.4868 1.62215
3.54539 2.29997 4.03366
2.86029 2.89981 4.66376
2.38362 2.34581 3.59709
1.94264 3.39525 4.23392
0.7842 1.53801 3.58302
1.12929 2.81254 3.10666
0.99856 3.3263 2.95887
0.39043 2.34812 1.58938
1.26193 1.43842 2.93546
0.69488 1.64011 3.88447
1.04463 3.45826 2.46809
2.10079 2.10681 3.68691
2.18658 3.40615 2.38736
2.46901 2.02708 2.8353
2.48168 1.2243 2.44329
2.7596 1.45001 2.26782
2.34968 1.68316 4.80529
2.83493 0.36528 4.36789
1.04625 0.72598 4.7326
1.58888 1.41249 4.4122
1.29352 2.15406 4.26033
0.76735 1.7494 4.28141
-0.50658 1.68469 4.20372
0.13836 2.15856 2.01211
0.81567 2.9484 2.41503
0.81039 2.74735 2.44722
0.2592 1.53382 2.45014
0.48187 1.96233 1.71581
-0.31273 1.94213 1.08298
0.26194 1.10391 3.29309
-0.97476 -0.93844 4.6748
-0.79526 2.02383 4.24759
-1.21207 -0.14116 4.19951
2.2109 0.95694 3.85032
-0.14497 1.13786 5.26824
0.34886 1.26143 3.86663
1.94423 1.09412 3.74315
1.45641 1.09565 3.31172
1.87842 1.92269 2.99768
0.56282 2.30376 -0.02105
-1.34976 2.42192 1.52688
-1.69837 1.3666 0.25339
-1.58545 0.90987 0.33375
-0.11966 0.66031 -0.34755
0.54184 1.67251 0.10187
1.9041 1.07328 -1.65427
1.78143 -0.87694 0.96587
2.79794 -0.39456 3.65408
1.90334 0.14945 4.23812
2.22256 1.19432 3.9241
3.73857 2.89084 4.45973
2.13169 3.89302 2.98393
1.76678 2.42083 4.11711
0.75257 1.70754 2.44352
0.20473 3.37542 1.78642
0.92557 2.63504 2.79611
0.12548 1.77726 3.85131
0.39959 3.28098 4.51064
0.30688 3.82142 4.20031
1.75058 1.40105 4.76934
1.68866 2.2248 5.55266
2.30658 2.74491 4.14235
3.39017 3.71525 5.68074
3.14293 4.40164 4.28947
4.04125 3.41024 3.84926
3.39402 4.46407 5.38132
4.74145 1.42035 4.44475
5.07352 1.52515 4.46801
3.04909 1.51844 4.14019
4.01917 0.7949 3.42506
4.50202 1.79609 3.29211
3.00731 1.70118 1.43425
2.28425 1.82362 -0.39403
2.78895 1.30914 -0.83549
0.61681 1.16761 2.35854
-0.2388 0.95483 2.74112
0.80001 2.17003 1.13514
2.70381 0.05432 -0.75407
2.21979 2.67393 1.36646
1.9004 1.82903 2.31472
2.65163 1.05289 2.97867
2.79273 1.21618 2.20914
