-2.29618 -1.71898 0.22972
-1.82237 1.18901 -0.35079
-2.95316 -0.02288 0.01283
-3.75095 -0.05832 1.92407
-2.13839 0.91772 1.72409
-2.89855 -0.47257 -0.15467
-1.4606 -0.54058 1.53
-1.59983 1.86004 1.51688
-1.10911 -1.28915 -0.66467
0.16516 -0.46023 1.06056
0.17338 0.88065 -0.02988
0.365 -1.67908 1.17286
0.68059 -0.82046 0.16597
-1.33891 0.0096 -1.11011
-2.62788 -0.63555 -1.03035
-2.99164 -0.38413 -0.80334
-3.2139 -0.51114 0.78201
-1.69273 0.11045 -0.68913
-3.62239 -0.94315 0.2971
-4.44676 0.17212 2.37414
-5.52818 0.57354 0.07287
-6.08933 -1.30929 0.47169
-6.64115 -0.16899 -0.49323
-7.18306 0.16044 -0.27398
-7.89872 -1.19047 1.09278
-8.23906 0.10053 -0.69515
-6.825 0.46618 0.83993
-6.7659 -0.38986 0.88987
-5.72064 0.79394 0.50406
-3.33022 -0.58037 1.30089
-4.75874 1.93928 0.6203
-2.85753 -1.40839 -0.00449
-2.22737 -0.82449 0.29913
-2.56976 -0.07121 -0.41485
-2.62038 -1.42322 1.01607
-2.75042 0.77182 -0.75101
-4.16221 0.69172 0.04401
-3.78028 1.17089 -0.89089
-2.91586 -1.71996 -0.13381
-2.4146 -0.63062 -1.98892
-3.35051 -1.36063 0.81399
-2.06458 -0.19933 0.99249
-2.39544 1.67477 1.4815
-4.52213 0.20021 1.36565
-3.67386 1.18727 0.13107
-2.69134 0.62167 0.80235
-2.02765 0.50807 -0.55799
-1.23533 0.16055 -1.20609
-1.36609 -0.24393 -0.1357
-2.80437 0.29415 0.50981
-3.30948 0.10969 -1.69668
-2.5319 0.59774 -2.00894
-2.78336 -0.94534 -2.43385
-2.26309 0.71006 -0.34089
-2.42171 -0.27552 1.49979
-1.44065 -0.27691 1.52516
-0.71447 1.04207 -1.18925
-3.67919 0.04566 0.75249
-3.5063 0.43449 -0.50316
-2.53596 -0.46702 0.86701
-1.87878 -1.00343 0.19425
-1.35686 0.81057 1.09078
-1.82993 0.77378 1.44123
-2.2907 -0.824 -1.51293
-1.99672 0.37755 -1.95788
-1.42333 -0.91924 -0.36215
-2.60618 -2.38729 -0.59173
-2.60007 -0.72245 0.4905
-1.11353 -0.78216 0.96644
-1.0858 0.03682 0.37899
-2.83921 0.51086 -1.15129
-4.11549 -0.47188 -0.84938
-4.85083 -0.53713 -1.29605
-5.19423 0.52096 0.36741
-3.80295 0.15394 1.1508
-3.83745 0.11987 -0.06675
-3.84196 -3.04465 1.25948
-3.95752 0.02535 1.97305
-1.58973 0.36516 1.1547
-0.56138 -1.42494 0.93265
-1.95142 -0.2122 -2.87584
-3.10429 -1.21107 -0.01171
-1.99774 0.47811 -0.0982
-1.52121 -1.44334 -0.26553
-2.11537 3.05444 -0.00027
-2.99211 -0.90897 0.76516
-3.1927 0.10692 -0.6618
-3.67153 -0.21155 -1.08678
-3.13593 -1.33024 -0.31082
-1.60516 -0.15693 0.31249
-0.14787 -0.78081 -0.85437
-0.95271 -1.34242 0.34968
0.28594 1.28183 0.93588
-0.20428 -0.2647 -0.50082
0.18094 -0.99381 -0.31868
0.3325 0.24135 1.01095
-0.21939 -0.19796 1.52573
0.05037 1.31693 -0.48102
0.95952 1.3744 -0.21899
0.46367 0.33739 -0.40401
0.46361 -0.64202 0.18502
1.47944 2.19012 0.83752
2.10974 1.21556 1.19315
2.92695 0.10231 0.54858
2.88736 1.5899 0.69017
2.66932 1.20172 0.87609
1.55203 0.09862 -2.34512
1.54685 -0.86 -0.97156
2.42829 -0.57712 -0.06619
1.96644 0.15144 0.6037
2.95158 0.83777 -1.32459
2.29247 -0.84282 -0.99919
2.72076 0.55242 -1.34198
2.56082 1.88149 0.51313
0.85745 0.49781 0.52166
1.52242 -1.06296 -1.26526
-0.35561 1.30709 -2.47991
-1.11754 -1.87692 0.1331
-0.26958 -0.88653 0.03776
-2.36921 0.36045 -1.19603
-1.26385 -0.78548 0.12571
-0.76616 1.08668 -0.43606
-1.1086 -0.15219 1.03999
-0.21154 -0.12142 -0.06127
-0.2797 -2.06942 -0.52788
-1.2979 -0.21243 0.5019
-0.16755 -0.15506 1.23224
-1.27443 0.43888 1.30222
-0.52349 0.74504 -0.32653
-0.45045 0.06014 0.16106
-3.26542 -0.56556 0.74239
-4.39937 -0.93064 1.08236
-2.71937 0.39941 1.03596
-2.89775 1.02724 -0.05415
-2.11062 0.00493 0.02628
-1.43907 -2.22585 -0.80429
-1.45455 -0.23773 0.37187
-0.67594 1.51968 0.44297
0.19177 -0.16286 -0.39302
0.33087 -1.48815 0.65779
-0.88602 0.14447 -0.32727
-0.65003 0.28 0.41084
0.67285 0.03112 -0.50042
1.52966 -1.338 -0.01796
1.71547 1.50045 0.92179
1.39873 -0.0685 0.58191
0.71252 0.59609 0.0204
2.24143 -1.33136 -0.22927
1.74249 -0.19267 2.06892
2.64648 0.41109 -0.26224
