0.97993 0.45791 0.81495
1.04875 -1.55838 -0.11679
-0.39234 -0.41994 1.29277
0.93219 0.64028 1.92282
-1.04524 0.94487 4.10605
-0.22754 1.28118 3.60148
0.43822 1.24177 3.17223
0.00191 2.70949 2.27485
-0.63803 1.4034 0.74765
0.71959 1.33075 -1.01783
2.57812 0.05858 -0.02679
1.5053 0.1245 0.62906
1.6912 0.56679 1.75331
-1.60941 0.14131 1.456
0.24509 0.80698 3.83034
1.44142 -0.04066 3.33211
2.54321 1.01507 1.72382
0.32018 1.63412 3.70998
0.78209 0.78604 4.18784
0.78426 -0.24079 4.12695
0.8395 0.94453 6.9841
0.35415 3.15367 6.28583
-1.23604 2.53016 4.83687
0.00052 0.69552 4.70152
-0.52302 1.63298 3.40293
1.79092 1.87436 1.66332
-0.85638 2.6043 1.47852
0.35392 0.69242 2.16667
-0.49959 -0.03231 1.449
0.99712 1.42654 2.5576
-0.73556 0.92363 2.01397
-0.16748 0.63055 2.40801
-0.71101 1.0303 1.49983
0.19797 -0.31783 1.37584
-0.61023 -0.23436 1.24874
0.04463 0.03139 0.48564
-0.55356 2.08609 0.13867
-0.77752 -0.13883 -0.28197
0.95486 0.99249 -2.2322
1.92958 0.06085 -4.06884
2.0942 -0.34626 -2.82792
0.63602 -1.14325 -3.74467
0.69167 -0.02579 -3.4602
0.02613 -1.00309 -4.09178
1.76115 0.45951 -4.6416
-1.50203 -1.26279 -7.00427
-2.77343 -1.35815 -6.07469
-1.42305 -3.93215 -3.41061
-0.43067 -2.41072 -2.39935
1.05822 -2.39447 -4.57551
-0.9447 -1.24087 -5.92924
-0.37449 1.10791 -5.25369
0.38138 0.47586 -3.0079
0.92969 -2.49118 -2.42079
0.47946 -1.0937 -1.99299
-0.22758 -0.73715 -0.47607
1.00852 -2.27143 -1.11523
1.51795 -1.57133 -0.9551
1.26881 -1.65368 -1.74953
1.06778 -1.09824 -1.72656
0.29922 0.03187 -0.59022
-0.40988 -0.23275 -0.12034
-1.30161 -0.71486 0.08483
0.02919 -0.24308 -0.99071
0.65965 -0.11071 -1.45212
1.35917 0.10776 -2.48069
-0.34879 0.14058 0.29674
-0.0981 -0.29409 2.35494
0.25906 -1.39761 0.85975
-2.38765 -0.18502 -2.24573
-1.017 0.71763 -2.89787
-0.13603 1.1365 -1.57814
-0.99274 -0.59722 -3.70059
-0.71528 -2.4642 -4.1796
-2.71705 1.40968 -4.96067
-1.788 -2.63824 -5.40605
-1.52926 -2.36137 -5.46715
-0.32921 -2.26784 -4.0883
-0.06671 -3.10942 -3.52896
-0.53954 -3.80502 -1.89787
-2.83883 -5.47136 -2.08907
0.47551 -2.00492 -3.80895
1.32435 -0.89637 -4.24
0.38535 -0.8212 -6.2014
0.10103 0.14106 -6.30976
-1.87807 -1.89871 -6.21227
-0.5381 -1.66176 -8.93828
-0.48704 -3.14224 -8.71751
-0.97561 -2.29252 -7.47768
-0.26022 -3.43974 -9.71582
1.07878 -3.5914 -8.58501
-0.09301 -0.74312 -8.87278
-0.30006 -3.54805 -8.1751
1.37783 -1.94292 -8.79407
2.52546 -2.7038 -9.67216
0.5561 -2.96765 -10.01976
-0.52587 -2.28443 -9.05243
1.37744 -2.10228 -8.23781
2.1618 -3.69375 -8.12864
1.1824 -3.1054 -6.99556
0.55647 -2.68121 -6.51699
-0.55553 -2.30307 -4.27157
0.32554 -1.59972 -3.71101
2.03283 0.36228 -3.33096
2.63674 -3.01332 -4.33201
1.4773 -2.32674 -4.2431
-0.04241 -0.25012 -3.72416
-0.58233 -2.06425 -2.80154
0.0273 -3.7494 -2.11695
1.06093 -2.71993 -3.04852
2.07548 -1.29454 -2.90227
-0.06382 -0.28865 -5.24665
-0.72558 -3.57581 -5.33868
-1.64572 -1.48545 -4.80247
-0.89788 -2.16472 -4.15118
-1.31387 -0.5036 -5.18685
-0.19966 -1.28707 -5.60675
1.1449 -2.75166 -5.0006
-0.46728 -2.40723 -5.01375
-0.67736 -1.80284 -6.64728
-0.61799 -2.53567 -4.47685
-0.85358 -2.08047 -4.87744
-1.08428 -1.98774 -6.47513
-0.98104 -0.02817 -7.06925
-0.46024 0.67288 -6.51889
-1.3064 -1.48992 -7.02003
-1.26717 -2.53178 -7.35328
-0.68113 -2.87668 -5.90505
-1.44209 -1.15527 -6.65997
-0.7145 -2.7648 -4.91859
-0.61825 -2.38948 -6.0908
0.79683 -2.9745 -7.15491
-0.44556 -2.4368 -5.81194
0.72563 -2.04766 -5.76
0.33735 -1.97244 -6.52299
-0.04263 -3.69704 -6.93446
1.90207 -1.36353 -6.4001
-0.41489 -1.05478 -5.25597
1.48054 -2.87046 -6.70688
-0.0228 -2.55228 -7.05563
0.31231 -2.26218 -9.0668
-1.64344 -3.17196 -9.52123
-1.16714 -2.08232 -9.02288
-1.85 -2.06677 -7.38823
-1.39812 -3.09847 -7.83282
0.5818 -2.69142 -8.0357
-0.04163 -3.35652 -9.05302
-0.29279 -1.89891 -9.36085
-0.0086 -2.94919 -8.95681
0.24565 -2.72761 -8.93823
