-1.31323 -0.75903 -1.98909
-1.255 -0.19046 1.04908
-1.12482 1.58855 -0.88462
-0.77378 -0.28973 1.63738
0.72766 -0.14197 0.77399
0.96139 -0.59801 -0.84861
-0.33543 -1.203 -0.64548
-0.33822 -1.70808 -1.5372
-0.19495 -1.17677 -2.33765
0.15976 -0.05534 -0.56314
0.02546 -1.61686 0.12529
-0.8953 -0.84341 -0.09572
-0.02899 -0.22549 -1.2369
0.80835 0.9702 -1.80827
-0.08115 -0.93335 -0.35711
-0.10578 -1.49421 0.02552
1.10063 0.95747 0.53844
1.14038 0.9021 -1.87397
1.02412 0.44952 0.92929
0.65209 1.26038 0.6039
-0.54257 1.44994 -0.29495
0.39601 -0.2047 -0.78782
-0.01982 -0.25736 1.3508
-0.26092 -2.29107 0.13235
0.14442 -0.95688 -0.70717
2.22789 0.72764 1.02173
1.34549 0.54556 0.15573
1.09669 2.52274 1.42635
0.77914 1.19566 0.98582
2.31098 1.84245 0.79905
3.574 1.98705 1.01927
3.35215 2.40097 0.49392
2.9638 1.70783 2.56108
2.74978 0.85642 -0.57042
1.81982 0.31823 0.8326
2.19253 -0.04539 0.76109
1.9227 0.86834 0.50892
-0.38996 0.58155 -0.25427
-0.06876 -1.23171 0.00741
-0.69656 -1.65956 0.80765
1.6748 -1.56207 -0.78296
0.64698 -0.81963 -0.44999
-0.88122 0.76908 -0.42384
-2.09873 -0.97834 -0.3847
-0.94927 -0.32558 1.21428
0.79365 -0.29991 -0.23406
-0.19324 -1.51303 0.79737
-0.99909 -1.60479 -0.1695
-2.76265 -1.72232 -0.32495
-2.62745 -0.33871 -0.16195
-3.67832 -0.43122 -0.68947
-2.49156 -0.46941 -0.50936
-0.46154 -0.1908 -0.86157
0.41778 -0.49456 -0.95689
0.69698 -1.30916 1.86594
-0.69757 -1.27835 0.90055
-0.06055 -0.06124 1.43438
1.26671 -0.75689 -1.50991
1.52312 0.79612 -0.42923
0.75945 -0.90469 -0.44456
1.69256 -1.60712 0.02316
2.54458 -1.59725 0.49245
1.82386 -1.26119 1.04053
0.54629 0.7732 -1.12541
1.03377 0.20521 -1.62656
-0.44205 -0.2855 0.46901
-0.38981 0.01888 -1.88444
1.27025 0.4963 -0.41998
1.2093 -0.63657 -0.7883
1.87649 -1.68149 0.46521
1.83087 -1.53066 -0.7342
1.93866 -1.81281 1.13819
0.00638 -0.74115 0.07086
-0.76763 -1.27733 -0.52394
-1.40154 -0.35196 -0.1113
-1.3681 0.40874 -0.06918
-1.52614 1.8879 -1.28312
-1.25642 1.1658 -0.22398
-0.03906 -1.10196 0.94003
2.06398 0.2742 -0.03825
1.82359 -0.77053 2.36231
-1.56556 -0.89034 0.80977
-1.74712 -2.06388 -0.80166
-1.80842 -0.68662 -0.59817
-0.3919 -0.70025 -1.13194
-0.19163 -1.65076 -0.94902
1.1334 -1.33898 0.42819
2.10956 -1.00147 0.71165
1.2387 -1.10355 0.67073
1.48068 1.37915 1.05471
0.11154 0.03789 -0.23152
0.15972 2.35237 0.3066
0.91817 0.61424 0.6408
0.74511 1.62188 2.14861
1.07061 -2.26886 0.9597
1.46054 -1.91328 0.8239
2.80112 -0.83786 -0.62955
2.73207 -0.87866 -0.16215
1.02395 -1.19162 0.02357
1.33418 -2.92154 0.99316
2.47766 -1.75104 1.11161
1.37101 -2.61881 -1.10437
1.00055 -1.29714 -0.71833
0.79939 -1.13982 0.47914
-1.77837 1.15923 0.1167
-1.90615 0.64604 0.16067
-2.5309 -0.64794 -0.04127
-2.24293 -0.13537 -1.60149
-2.5794 -0.76329 -2.21138
-3.02868 -1.21324 -2.95892
-2.72451 -0.4221 -0.10274
-4.5869 0.52181 -0.13532
-4.12881 1.33263 -0.25365
-3.46278 2.16185 -1.29682
-2.98595 3.21112 -2.06484
0.9515 2.83056 -0.07058
1.77252 2.95949 1.88783
2.78294 1.34291 1.12966
3.02152 0.39111 0.23482
3.54215 0.09423 0.18553
2.24518 0.0659 2.01791
2.79934 1.04474 -0.65183
3.54726 1.09684 -0.01257
1.1829 0.73484 1.48953
1.78362 0.91013 1.60204
1.51871 0.29239 1.67386
1.51136 -0.59725 -0.44878
0.83343 -2.07579 -0.69359
0.29093 -0.57941 2.0005
-0.73073 -0.8425 -1.24265
-0.04606 1.17334 -1.21038
1.37627 1.6957 1.72769
0.05242 0.30629 -0.15397
1.64684 0.5409 0.08662
2.04388 0.48295 -0.60725
1.83187 -1.16513 0.85924
2.8324 -0.22489 0.28473
1.73261 -0.11059 -0.37058
2.48723 0.71234 0.18701
1.4188 0.84195 -0.11459
0.20293 0.234 0.47393
-1.54536 -0.84433 -0.89256
-1.89231 0.55125 -1.31515
-1.25944 0.69106 -0.66591
-1.69044 -0.18985 -0.64883
-1.42834 -0.64767 -0.35143
-2.34316 -0.86562 0.98075
-1.74587 -0.6811 -1.14234
-3.07194 -0.28638 0.05226
-2.43735 1.45377 -1.44789
