0.02086 -0.17768 0.46392
-1.71669 -0.93442 0.49181
-1.76364 1.23438 0.66439
-0.65141 0.5789 -0.17915
0.95329 -2.41005 0.35724
1.65376 2.03433 0.5573
0.85066 -1.05203 -0.0544
0.2472 -0.12651 -0.66035
1.65786 0.39318 -0.82618
-1.01354 0.15064 -0.61978
-0.04263 0.34085 -0.45394
0.96271 -0.55629 -1.29458
1.48903 -0.69823 -2.56388
0.81442 0.20431 -2.65529
2.29771 1.0154 -2.58981
2.43068 0.2184 -0.11986
-0.05949 0.95116 -0.17231
0.93821 -2.98977 1.06874
1.09805 1.36037 2.44072
-0.05436 1.41415 0.70384
-0.26316 -0.35518 1.23699
-1.14142 0.04963 -0.32411
-2.02195 -0.73481 0.58314
-0.95094 -0.04503 1.62521
-0.71176 1.26549 1.16779
1.0078 -1.37429 2.18386
1.62854 0.53418 1.75571
2.62997 -1.35806 2.30695
2.06655 -1.57849 1.88056
2.76794 0.187 0.91939
1.93823 1.1035 -0.08879
3.16473 1.41041 -2.19141
0.85285 2.58509 0.71447
0.00464 -0.05444 0.20445
-0.4352 1.09885 -0.16511
0.56513 0.08791 0.89725
1.80409 0.84105 1.40751
1.39391 0.51614 1.50803
2.04262 0.96302 1.01838
0.1795 0.39379 2.32447
0.36216 0.30284 0.28384
0.67756 -0.06385 -1.22884
3.21882 0.93192 -1.18164
0.98521 -0.62003 -2.13646
-0.48296 0.58963 0.14338
0.11189 -0.01515 1.59618
0.45269 -0.05097 1.27388
0.32509 -0.40919 0.99928
-0.09044 -0.38585 2.10452
0.73901 -0.10625 0.27141
1.12701 1.35557 0.90264
0.18358 0.09581 1.82682
1.59149 -0.4278 1.43625
1.78505 -1.02172 1.0038
0.73928 1.29438 0.44475
0.22654 1.09339 -0.91269
-0.12922 1.15198 0.22619
-0.59446 0.5478 0.99628
-0.49702 0.23437 0.34203
-1.53279 1.00316 0.74206
-0.15644 -0.64112 0.27773
-2.21774 -0.24335 1.87415
-0.36952 0.58081 1.00128
0.59232 -1.71016 0.38667
1.6293 0.499 0.79324
1.45496 -2.13074 -0.10394
1.63367 1.61867 0.08659
0.32119 -0.24354 0.45184
2.00533 0.49297 -1.15861
0.54024 0.18831 -0.99598
-0.52719 -1.46588 -1.26245
1.40464 1.6537 -1.16866
0.63033 -0.47928 0.17956
-0.78062 0.92599 0.50529
-1.22058 0.59382 0.59509
-0.46307 0.96746 0.81176
2.16913 -0.54546 -0.91651
2.92608 0.24294 -1.38492
1.89077 -2.13191 -0.19455
2.89074 0.61838 -0.80994
2.99342 -0.50538 -2.27773
0.89367 0.75565 -2.94754
-0.57094 0.43768 -0.91135
0.04322 2.5438 1.54065
-0.45943 1.47084 1.52378
-0.51672 -0.38774 0.1736
1.14399 2.01518 -1.0015
1.5176 0.44087 -2.27682
2.81974 -0.12491 -0.9506
2.22177 0.60876 0.18058
1.107 1.26949 0.07734
1.149 0.85262 0.64372
0.79254 0.86481 0.17614
1.64786 -0.0297 1.45919
2.13214 1.14186 -0.19102
2.52395 0.31544 -0.35237
-1.06541 0.86484 -1.10825
1.04507 0.9602 0.90856
1.32667 -0.94222 3.31442
1.32226 1.19913 0.69544
-1.11289 0.89676 -0.11866
1.30711 0.52405 -0.3253
0.70526 -1.41568 -0.31829
-0.17554 2.0826 -0.6226
1.92723 -0.4649 1.54372
1.26771 -0.46058 0.79743
-0.59862 -1.14392 0.19302
-0.52675 -0.36809 1.21922
1.12287 -1.03571 2.17634
-0.39141 -0.90635 -0.67909
-1.28994 0.36803 -0.89836
-0.28421 -0.32674 -0.39982
0.25118 -0.14078 1.2031
0.15724 0.69635 -1.02571
0.9243 0.75638 0.62315
0.20161 -0.21786 0.49742
-0.03938 1.05224 0.96832
0.28257 -0.2661 1.62013
-0.07341 1.08897 -0.26974
1.50312 0.76116 0.95372
-0.14961 -0.42871 1.76617
2.06423 0.16371 0.95057
2.36102 -1.43498 0.71127
3.55374 -1.46835 1.53163
0.99368 -0.25256 2.06714
1.28794 0.67703 3.12495
1.21712 1.66765 1.74399
1.38622 1.93956 1.84313
1.77361 -0.57037 1.13554
0.56301 1.00015 -0.05237
-0.28558 0.1088 1.92976
1.19519 -0.33483 1.29041
1.28383 0.15025 1.66434
-0.36294 -0.97213 -0.85546
0.06514 -1.03224 0.67785
1.58732 2.18106 0.65856
2.19289 1.08596 0.1255
0.66742 0.25859 -0.64641
0.10857 -0.43934 1.2877
1.87131 0.61215 2.13472
1.7023 0.65981 2.66601
1.78492 -0.50017 1.37362
1.82593 0.43109 0.46356
0.45935 1.22121 0.60281
2.66242 1.51597 0.79675
1.6449 0.47444 0.45918
1.33351 -0.02121 -0.28982
-1.84404 1.40789 -0.5845
0.79852 -0.46065 -0.21382
1.64225 0.37361 0.93045
