-1.08568 2.27415 2.9418
-0.1305 -0.00215 2.83741
1.06585 0.70163 0.93787
0.69578 0.88769 1.57226
0.99324 -1.16182 0.11697
0.19027 0.28693 -0.11425
-0.14139 2.44457 -0.71149
-2.33412 1.4451 -1.19625
-2.54199 -0.36948 -0.03808
-0.43345 -0.96774 0.1383
0.97393 -0.28625 -0.84614
0.17059 0.49328 -0.21129
0.44056 0.66603 -0.03028
0.2861 -0.10346 1.23477
1.20822 -2.1885 -0.06234
1.34841 -0.70067 -0.71567
1.11674 -0.09051 -1.23273
1.82361 -0.116 -1.40068
-0.46085 2.47272 -1.8887
0.40357 -0.00831 -2.127
0.45747 -0.38843 -1.34944
1.11702 1.30794 -0.19587
1.6424 -1.57983 0.11158
1.6139 -0.82547 1.01488
0.49517 -1.0987 0.58045
-0.31636 -0.49574 0.8859
-0.00927 -0.33964 2.46454
-0.01016 -0.96252 0.51564
1.10755 1.12515 2.74931
-0.00457 -0.66214 2.44063
-0.20101 -0.13486 2.24447
0.84673 1.29849 3.4527
0.32359 0.3682 3.37109
0.59377 0.78937 2.67922
-0.04725 0.4413 2.23924
-1.005 -0.59785 2.64671
1.32992 0.62209 1.90913
1.27374 1.3859 1.11624
-0.24771 1.31598 1.17929
1.97266 -1.05408 0.50869
-1.0007 -0.32273 0.31885
0.6695 1.13164 -1.54754
0.68715 0.9575 -1.25664
0.17074 1.03803 -0.31813
0.1828 -2.19997 -2.36953
1.02409 0.2487 -1.02921
1.42367 -0.93576 -0.65127
-0.86133 0.28269 -0.66832
0.11018 0.13228 -1.31344
1.61005 1.67404 -2.19982
-0.43192 -1.04399 -0.46537
-1.78381 0.30119 -1.33514
-0.22363 -0.02142 -0.40133
-0.41496 -1.11424 -1.76913
0.26066 -1.377 -2.16724
-0.74905 -2.35561 -1.92951
0.1386 -0.96944 -1.62008
-0.47507 0.37994 -1.75638
-1.4457 0.47217 -1.62222
-0.35535 -0.77793 -1.2584
-0.15992 -0.26984 0.7574
-1.13863 0.69049 0.39792
-1.88815 -0.33177 -0.38481
-1.11525 -1.08888 -0.25036
0.94598 0.34668 0.36424
-0.26736 -0.02442 -0.53963
-0.55859 0.07421 0.84435
-0.84266 -0.79375 0.54679
-2.07138 0.66808 1.2057
-2.10155 -1.18096 0.78785
-0.47999 0.6951 -0.75718
0.70503 1.35043 0.80585
1.58252 -0.13642 1.53939
1.42558 1.2126 1.82584
2.41151 0.1086 2.82304
1.75025 1.08401 0.92635
-1.04077 1.80334 0.80109
-2.04184 1.07038 -1.31455
-2.74457 0.83096 -2.25076
-1.09277 0.95792 -1.12678
0.05813 -0.91181 -0.25034
-0.83575 0.31472 0.19492
-0.91863 -0.55447 2.62886
-0.88755 -1.05089 2.43939
0.05325 0.06326 2.57649
-0.17539 -0.43547 3.64346
0.15904 -0.38491 5.01102
2.32925 1.3972 4.41086
1.76991 0.02437 3.94596
1.58438 1.05707 3.58135
1.32129 1.72434 3.02173
2.19091 1.45615 3.27711
-0.17679 2.6809 2.95332
-0.14584 0.80324 2.132
1.63138 1.07259 1.62195
0.50394 0.71645 0.62593
0.93627 0.32399 1.85016
0.87194 0.65925 0.62175
0.54796 0.67446 1.48441
0.0612 -0.6418 0.24201
1.23507 -1.34837 2.21745
0.61813 0.89821 3.28533
-1.30384 0.35432 3.63736
-1.28089 1.26314 3.78866
-1.9237 0.35082 4.15311
-0.93226 0.93668 3.14145
0.18869 0.56374 3.07251
-0.12939 1.03593 2.1569
1.06283 1.01634 1.70739
2.39074 0.28777 2.66299
2.29675 -0.06085 1.01405
1.94674 -0.13006 0.01625
2.76766 1.63854 1.06643
3.49347 0.31987 0.6158
1.65762 1.23156 0.10513
1.1744 -0.70813 2.10446
1.8235 -0.09901 3.19106
0.86965 1.43661 3.88547
1.68611 -0.69789 4.03918
3.12814 0.59596 4.0208
2.40445 1.17358 3.98414
2.62092 1.79629 4.8933
2.1769 1.74484 2.4349
2.21535 1.4637 2.57562
-0.59933 1.28603 1.47315
0.57129 1.81277 1.67575
1.0943 1.87545 2.36282
1.31258 1.48747 3.30269
0.06046 -1.20478 3.94295
-0.24955 0.11696 4.61188
0.56785 3.15613 5.05194
-1.08738 0.51355 5.70939
-0.77504 1.73229 6.32045
0.33947 3.87693 5.8063
0.11646 2.31598 4.85746
2.63581 1.77208 3.74697
1.46603 0.28098 2.7974
0.15199 2.55982 2.26581
0.72392 2.96916 2.59818
-0.06098 1.73124 4.01642
0.19944 -0.18435 5.81663
0.42756 1.93849 4.80756
-0.80106 -0.48288 4.99778
0.70847 0.94616 5.61961
-1.87305 1.32705 5.62934
0.04973 1.64058 4.37028
-0.99068 2.07881 4.15203
0.38573 1.3816 3.84565
0.09946 -0.8349 3.61246
0.5545 1.19617 3.63554
