-0.40186 -1.76864 1.28919
-0.6201 -0.21268 1.58259
0.02025 -0.37357 0.7076
-1.08162 -2.03847 0.41809
-0.54668 0.68859 0.36804
-1.22267 2.23474 -0.02636
-1.96201 1.30314 0.95077
-1.55465 3.27867 1.79924
-1.36392 2.53007 1.51835
-1.75203 -0.19806 2.74597
1.85785 0.78801 0.35724
1.86565 -0.36711 1.03001
2.21812 0.57908 -0.9204
3.99657 0.77991 -1.01972
1.97369 0.11836 -0.90141
1.95728 -1.50239 -1.38068
1.10496 -0.06505 -0.60952
1.41388 -2.03825 -1.69087
0.15926 -0.21249 -2.2156
-1.69211 0.43883 -0.3947
-3.37396 -0.96526 -1.32375
-2.64637 -0.1784 -1.31892
-3.48699 0.1741 -1.24817
-4.84135 -0.26569 -1.51228
-4.30168 0.37064 -0.82712
-3.0317 0.77893 0.15723
-2.55163 -0.32411 0.35433
-2.99447 -0.11456 -0.76509
-3.14957 0.19401 -1.64907
-2.8803 -0.70403 -2.64848
-2.18792 0.15137 -1.72692
-1.46628 0.27587 0.00341
-0.75086 0.27867 1.33646
-0.39076 0.87155 0.19493
-0.90073 -0.18854 0.3033
0.00555 0.79929 0.49857
1.50906 -0.93234 1.62948
1.01029 0.51199 2.24032
1.03502 -0.82123 2.89326
1.63475 0.45009 2.15095
3.62583 0.92883 1.47096
2.63993 -0.21929 1.48014
2.06671 -1.00567 -1.32769
3.19127 -0.65556 -0.73164
2.74192 -0.05711 -0.77946
0.74478 -0.32228 -2.02384
1.94941 1.42709 -1.92731
2.80703 2.32145 -0.73251
1.71067 0.83285 -0.45285
1.66464 -0.45686 -0.91018
0.3169 -0.0683 0.29832
-0.11904 -1.53561 0.28483
1.9952 -1.01414 -0.2333
3.79944 -1.62817 -1.49179
3.43648 -0.6347 -1.6442
2.2936 -0.46829 -2.41493
0.42474 0.13679 -2.27105
0.12069 0.31077 -0.44054
-0.12904 -0.57435 -1.04985
0.07908 -1.27275 -1.60492
-1.86312 0.45566 -0.96723
-1.95329 0.36234 -1.2101
-2.10687 -0.8971 -1.31145
-3.28283 1.28956 -1.65432
-4.62549 1.03661 -0.22074
-4.57102 0.15656 0.80698
-4.11746 -0.11057 1.59047
-3.15836 -0.05605 2.63018
-2.24789 0.3595 2.19464
-2.55991 -0.92941 -0.46961
-3.67353 -0.01934 -1.00801
-5.34468 0.77511 -2.04546
-4.70265 0.55184 -3.26292
-6.37174 1.46145 -2.51022
-5.38123 -0.44554 -0.90069
-6.06095 -1.56518 -0.14045
-6.97903 1.27379 -2.30773
-5.63203 0.9363 0.3027
-6.52911 0.52613 -0.17406
-4.96458 -0.10483 0.2511
-4.33808 -0.99112 0.4392
-2.76936 -0.52718 -0.93769
-2.54354 -0.1565 -1.13176
-1.82788 -1.75868 -2.34588
-2.32932 -0.69621 -1.28519
-2.32093 0.37962 -0.95569
-3.13175 0.56687 -1.33189
-2.67558 -0.75807 0.1505
-3.64809 -1.40413 -0.3326
-2.62827 -0.81923 -1.29715
-2.52491 0.21754 -1.14514
-2.09366 0.40971 -1.68848
-1.19906 -2.30632 -3.74872
-2.97014 -0.48041 -3.094
-3.53506 0.49807 -2.76366
-2.04074 1.41658 -2.81305
-1.83708 0.28089 -3.62592
-3.17471 2.02373 -2.17787
-3.24895 1.41733 -1.71297
-2.70226 0.82902 -1.21326
-1.06069 0.60267 -1.75442
-1.54244 2.36891 -1.81622
0.39733 0.08831 -0.83601
-1.76029 -2.21699 0.04339
-1.62298 0.63298 0.12208
-1.25279 1.5645 0.55539
0.4053 0.29662 1.4083
0.91745 0.09032 0.91921
-0.37158 1.75233 0.60331
0.26332 -1.20705 -0.47698
-0.83488 -1.55631 -1.36433
-0.79739 -1.22568 -0.8041
-0.09621 0.95095 0.30626
-1.19919 0.20157 0.29861
0.1993 -0.5084 -0.69395
-0.27031 0.55832 -1.02343
-1.13885 1.46015 -2.65132
-1.3656 -1.40303 -1.19655
-3.35047 2.33989 -1.75287
-3.99961 0.64742 0.12377
-3.05661 -0.02755 0.68174
-2.93943 0.58166 0.00803
-4.0408 -0.63955 1.42827
-2.9583 -0.8617 0.89476
-1.39582 -2.06237 -0.23132
-1.6286 -0.51077 -1.80525
0.15906 -0.98671 0.32016
-0.59883 0.49151 -2.13599
-1.72161 -0.93024 -1.62842
-3.89469 -0.80243 -0.08559
-5.19008 0.4919 -0.84673
-6.16691 -0.55984 -0.80615
-5.82601 0.10087 -0.00768
-5.2764 -0.78291 1.10756
-5.37243 -1.09623 0.83939
-3.2729 -1.14954 0.73241
-3.38594 0.50866 0.78406
-2.41029 0.68152 1.88101
-1.38903 0.78669 1.38215
-1.552 1.54114 1.84901
-2.01079 -0.0186 0.63541
-2.46376 1.0106 1.69949
-3.15625 1.77347 1.08924
-1.74665 -1.55271 1.3753
-1.15581 -0.32028 1.11821
0.98007 1.07424 0.71367
0.84053 -0.59229 -0.83138
1.05412 -0.32152 -0.0827
2.03648 -1.94043 -1.91956
-1.56174 -0.21825 -1.60346
