1.42981 -0.10807 -0.26252
-0.00451 -0.46489 0.47177
1.33095 1.59236 0.14669
1.65228 1.76503 -0.14445
0.24265 0.15345 1.41441
1.91648 0.23508 -0.46791
-0.55749 0.0217 1.36973
-0.53796 -0.47195 1.59982
0.76504 -0.93753 0.59425
1.00687 -0.45275 0.69344
0.97785 0.47101 -0.29647
-0.99982 1.50103 1.12546
-0.67244 1.16063 0.24321
0.00857 1.75094 -0.42044
-0.12254 -0.32644 -0.61654
-0.15904 0.94106 0.01815
1.88605 1.4034 0.27596
-0.17505 0.73844 -0.7194
-0.74779 1.60344 0.56085
0.54989 0.28616 0.49038
-0.00304 1.15554 0.33178
-2.84896 -0.27299 -0.42882
-0.98956 0.10668 -0.17271
-0.77316 -0.70291 -0.34352
0.8957 -2.26575 -0.07426
-0.02951 -1.73316 0.16528
-1.28758 -3.66949 2.88259
-2.67946 -0.03407 1.8282
-0.63118 2.14652 0.69592
-0.06166 -0.06331 1.08163
1.07144 0.99663 0.08736
0.62848 -0.31647 -0.41109
0.06575 -1.17614 -0.57594
0.75804 -0.3499 -0.40589
0.42675 0.04056 -0.49063
0.67933 1.0572 0.65012
2.24823 0.55964 0.78855
0.3882 1.28396 -0.04167
0.29247 2.51892 0.22578
0.24335 0.34884 0.02721
-0.11256 1.13788 0.32215
-1.58716 0.91573 -0.54428
-0.11282 0.2856 0.78756
-0.6076 0.38018 -1.2782
1.28757 1.63127 1.01331
0.79759 1.43381 0.52031
-1.44327 1.26521 1.30801
1.45207 2.19127 0.19286
-1.03327 -0.05831 -0.16347
0.77334 1.82833 2.647
1.49749 1.97981 1.40328
1.09124 1.90154 -1.30198
-0.74178 1.7221 0.46486
0.45799 -0.61326 -2.57964
1.03581 -0.78237 -0.99649
-1.95508 0.87988 -0.86895
1.92428 0.93381 0.75117
0.39722 0.21389 -0.00753
-0.66956 1.28464 -1.38182
1.07346 0.15823 0.67638
1.40913 -0.00815 0.24143
0.17497 0.06125 0.49193
-1.29482 -0.90844 0.33894
1.18446 -0.14501 -0.65024
-1.57706 0.20629 0.83171
-1.65323 1.21986 1.06798
-1.44288 1.57812 -0.61883
-0.44346 -1.51454 1.30878
1.00367 -0.04808 1.90746
0.22479 -1.10231 0.74282
0.57103 -2.17395 -0.21217
0.84577 -1.74635 -0.42983
1.6174 -0.47664 0.98244
-1.38206 -0.30003 2.29807
-0.26709 -0.24797 -0.08149
-0.22171 0.23494 -0.03308
1.60767 -0.07474 -0.37878
0.57367 1.71001 0.42002
0.05709 -0.79204 -1.23271
-0.24256 -2.4555 1.60972
2.36343 -1.58102 -0.17525
-2.14122 -0.73643 -1.22376
0.54678 -2.19153 -1.34229
-0.42289 -0.7604 0.00491
-1.2881 -0.43887 0.43873
1.48389 1.46282 -0.48376
0.00231 -0.22734 0.44763
-1.11884 -1.41431 0.42063
-0.00619 0.13903 0.87535
0.47683 0.33191 1.02347
-0.71977 -0.66199 0.33603
-0.96665 -0.8969 0.4383
-1.19545 -0.90225 0.02443
-0.48588 -0.67814 0.21568
-0.08066 0.7405 -0.416
-1.4384 -0.46568 -0.7336
-0.79636 -0.94423 -1.48477
-0.10563 -0.90995 0.00929
-0.77696 -1.09576 -0.01197
-1.6578 -0.59716 -1.05756
0.50479 -0.98125 -1.62779
0.64051 -0.11643 0.75798
-0.00875 0.78453 0.97222
0.49917 -0.30732 1.23524
-0.00615 -1.16373 1.19767
0.68921 1.23306 1.63781
-0.15716 0.62285 0.06453
0.14296 0.69442 -0.48518
-0.05664 -1.26898 -1.47769
0.5424 -2.87635 1.01492
3.10909 -1.36732 0.71083
-0.76303 -1.61526 0.9663
-0.07091 0.21152 -1.52036
0.61305 -0.77216 -0.28248
-1.1621 -0.89122 -1.33198
1.66199 -0.38752 -1.00455
-1.19765 -1.43492 -0.47268
-1.90263 0.49578 -0.94788
-1.82013 -1.92922 -0.05529
-0.07625 -1.15624 -0.74298
-1.2554 0.49122 0.02462
-0.98457 -0.76023 -1.34459
-0.53089 -1.37303 0.11593
0.24721 -2.89172 1.54065
0.0383 -1.11446 0.93443
-1.43768 -0.82598 -0.4092
0.04461 -1.16688 0.51405
-0.30617 -2.68933 -0.28199
-0.14636 -2.40553 0.82479
-1.39643 -0.26349 -0.87289
-2.88727 0.06397 -0.38901
-2.4096 0.32637 0.92806
0.59324 -0.51841 0.85799
0.62038 -0.03268 -0.47078
-1.06299 1.838 -0.20151
-0.45245 0.46082 -1.44793
-0.81021 0.7864 -1.12449
-0.66332 -1.49861 -0.66496
0.9742 -2.29454 -1.43963
0.89302 -1.42714 -0.42523
0.26707 -0.02132 -1.03267
-0.27809 -2.16254 2.30018
-1.33849 -0.75633 1.49893
0.61267 -0.10986 1.73256
0.55137 0.80514 -0.34659
0.95844 1.222 0.24219
-2.1839 -0.84767 -1.61937
-2.02572 -0.93085 0.1248
0.38789 0.51105 -0.80723
0.11347 0.09223 0.55282
