-4.77875 -1.61349 -1.29004
-4.3937 -0.8886 -0.48978
-3.72336 -0.89167 0.19987
-3.21532 -1.1226 -0.28479
-3.15023 -3.03744 -0.30836
-3.95718 -2.73881 0.22935
-2.59947 -0.58987 -0.25046
-1.61441 -1.79135 -0.62659
-1.61148 -0.85221 -1.21135
-1.17086 0.18164 -1.3328
-1.75522 -0.51248 -0.70778
-1.40202 -1.05751 1.16947
-3.458 -0.91053 0.85067
-1.94031 -1.59302 2.01981
-1.88333 -1.09277 1.39451
-2.17482 -0.9437 0.9462
-0.49413 0.19647 3.27645
0.88492 -1.59806 2.78305
3.97071 -3.17186 2.68929
3.06064 -1.35229 2.22796
1.21793 0.09166 0.75077
0.34563 1.41217 2.16939
0.04488 -0.93536 1.74965
1.23337 -2.00829 2.92419
0.95596 1.04527 0.71876
2.63925 0.22275 0.06618
0.66426 2.09073 1.76702
-0.86753 1.50598 2.52349
2.12372 -0.16463 3.65588
2.70608 -1.0027 2.30637
2.82526 -0.80568 1.5423
2.89352 -0.80829 0.577
1.48581 1.11402 1.20507
-0.07141 1.00369 3.29681
-0.13414 1.34048 2.97525
-1.13574 1.0429 0.16945
-0.71904 2.24438 -0.52611
0.14609 2.24813 -1.3215
1.02687 0.4298 -0.64951
1.91271 0.80185 -1.57116
0.05104 0.08406 -2.9493
0.90789 1.00769 -3.03491
-0.04344 1.40406 -3.39353
-1.22326 0.47903 -3.81043
-2.00366 -0.31078 -1.94961
-2.48764 -0.72628 -2.60512
-1.22038 -0.41472 -2.3333
-1.40468 -0.95013 -3.05861
0.10516 -1.44803 -2.07029
-1.67274 -1.44275 -2.61017
-2.03251 -1.44009 -0.12708
-2.29525 0.0324 -0.29694
-1.32042 0.67239 0.88272
-1.70992 0.21297 1.10334
-0.77302 -1.58534 0.96837
0.13505 -2.95069 0.14706
0.74947 -1.22396 -0.03735
0.78273 -0.38731 -0.59014
-0.83883 -0.30842 -0.57047
-3.15031 0.08774 0.24038
-3.51833 0.89489 -0.10435
-1.65565 0.17607 -0.89834
-0.06592 0.56175 -0.75671
-0.38531 0.26025 0.61119
-0.85467 -0.4103 -0.4548
-0.89574 0.04289 0.38599
-1.51395 0.70427 1.66844
0.17105 0.9441 1.39094
1.4989 0.86334 1.51289
0.64606 2.60146 1.41338
1.75327 1.43113 1.44528
0.91825 2.14142 0.58302
2.13607 1.85722 -0.83944
2.57227 2.40356 -2.31458
1.40822 -0.30739 -0.02747
1.14036 0.26801 1.17109
0.6192 -0.89877 0.24154
2.63366 -0.4459 2.54984
2.16276 0.19312 0.06779
-0.09094 2.28762 -0.87976
-1.33629 1.911 -1.85511
-1.42378 0.8063 -2.35034
0.00161 0.12447 -1.23378
-0.24557 -0.00417 -2.68089
-0.42423 -1.40799 -1.01016
-0.41087 -1.74491 -1.97942
0.33842 1.10842 -0.09265
-0.482 0.64154 -0.68756
-1.53053 1.20053 0.45259
-1.9231 -0.08778 1.43273
-2.54384 1.38043 0.12338
-2.69119 0.06033 -0.22012
0.5381 -0.34193 1.16426
0.08598 -0.70211 1.3968
0.41711 -2.28254 2.40452
1.66157 -0.254 3.20853
1.30807 0.1512 2.84884
0.45117 -0.59955 3.14256
-0.36276 1.72034 2.73041
-0.29907 0.77214 1.60587
0.0928 -0.35147 0.71603
1.39216 -1.14381 0.32988
1.9198 0.47325 1.61341
1.09235 1.46091 1.31394
-1.2398 1.12281 0.44373
0.39206 -0.26247 -2.29037
2.31952 -0.05015 -1.02396
0.98486 -1.88332 0.81245
1.569 -0.2871 0.76384
2.64904 0.50964 -1.18014
0.87067 1.69568 -0.31059
-1.96839 0.15357 -0.53838
-1.49153 0.37882 -0.41929
-1.68178 1.99737 -1.00165
-0.82306 0.51991 -1.15877
0.6155 -2.08175 0.20621
0.71516 1.52464 -1.03756
-0.4945 1.59858 -0.90865
-0.22205 -0.13757 -0.8549
-0.81615 1.4467 -1.53409
-0.02108 1.40388 -1.30484
0.93232 2.70486 -0.43839
-1.43046 1.15062 1.24879
-0.30536 -1.71115 1.26785
1.04323 -0.06643 -0.57267
1.87714 0.20625 -1.13711
2.26403 0.23409 -1.16225
2.47894 -0.07711 -1.03317
-0.76292 0.85742 -1.29442
-2.1909 0.48872 -1.00343
-3.03473 0.25673 -1.94149
-0.97119 -0.04869 -0.5851
-0.45636 0.31122 -1.33615
-0.62043 -0.86114 -1.6203
-0.45008 -1.44455 -1.65507
-2.6676 -0.5919 -1.49263
-1.42358 -0.20165 -2.36263
0.31518 -1.21299 -1.27005
-1.98815 0.635 -1.52096
-3.05074 0.05161 -1.70132
-3.74592 1.09546 -2.0245
-4.35487 0.75791 -2.72191
-3.5221 -1.31704 -2.47505
-1.97877 -2.26319 -3.04248
-0.85205 -1.51192 -0.42039
0.05635 -0.82481 0.66725
-2.78305 -0.64028 0.63767
-0.67699 -1.15712 -0.24978
-0.22116 -1.84984 -0.75364
-0.76398 -0.33197 -2.12318
