2.02221 10.13563 2.90096
0.08852 10.03501 1.56814
1.58198 8.4199 0.71163
3.12635 9.20113 3.02944
3.31107 7.153 2.55844
3.34248 8.4677 2.14604
4.41316 8.23808 2.54823
0.70244 8.29368 2.18902
0.01801 7.28794 0.70179
2.93865 8.25912 1.60407
1.58379 9.00857 0.82317
2.64452 9.55113 0.92091
2.83832 7.87965 0.99334
1.48447 7.41773 1.35189
3.24484 6.61284 2.66174
2.55741 4.98268 1.30831
2.09722 3.16076 -1.17346
1.2978 3.07007 -1.48895
1.66934 3.03955 -0.40816
0.63066 2.3512 -1.61716
1.12493 0.84184 0.04709
2.02518 1.67705 -1.65881
-0.28882 2.48025 -1.08951
1.01737 2.95473 -1.98505
1.30253 1.1451 -1.63144
1.8039 0.47315 -1.74377
1.51334 0.1622 -1.9409
-0.28194 2.01155 -0.23677
-1.70542 -0.28503 -0.34435
-2.23162 -1.17516 0.52038
1.20654 -0.83302 1.67625
0.50983 -1.58775 2.9388
-0.83703 -1.35647 3.53713
-0.41125 0.16447 3.03702
1.32644 0.3047 2.45162
-0.40065 -0.77734 2.61783
0.10643 -2.44182 3.26787
1.66102 0.16728 2.15826
1.55722 0.26422 1.8552
-0.24695 2.12197 2.46367
0.43645 1.26065 1.95986
-0.30253 -1.31293 1.1846
0.11205 -0.50584 -0.03043
1.86912 -0.88487 0.43871
0.62703 -1.27 0.51854
-0.78185 -0.39969 -0.38813
-1.11606 -0.35021 -0.36574
-0.32591 -1.67276 1.52026
0.21227 -1.67174 1.6207
0.34736 -0.31025 1.77957
0.63307 -1.50383 1.04805
0.24572 -1.45763 1.0115
-0.56467 0.34691 1.13289
-0.0912 1.84803 3.44705
0.06734 0.80579 3.15469
0.49272 2.31521 2.23081
1.42603 3.49558 2.67933
1.8764 4.6168 1.84848
0.81687 5.50578 1.65789
0.95119 5.20209 0.18038
1.00868 4.71272 -0.39355
0.59211 3.32826 0.43734
-0.48258 4.41644 -0.01082
-0.02639 2.84028 -0.26728
-1.23764 2.38456 -2.1786
-0.55091 0.41046 -1.02391
0.54186 -1.41735 -0.7859
0.51026 0.04166 -0.09528
-1.26572 1.26288 0.4114
-0.08414 0.83587 1.857
0.12291 -1.38152 -0.02265
0.19965 -1.68872 0.09128
1.21205 -1.03276 -0.94965
-0.19401 -1.72453 0.41427
-1.19599 -2.78227 -0.01173
0.58975 -2.3723 2.222
0.92751 -3.06894 -0.11964
0.16785 -3.90234 2.26229
-0.1775 -2.31512 3.36261
-3.43591 -0.4783 2.67232
-0.95421 -0.28211 2.70401
1.33157 2.29896 2.23695
1.74869 2.78178 1.19764
1.74556 2.78208 1.35707
-0.07023 3.41142 2.62015
0.56066 3.8148 1.01394
0.85973 4.35253 0.92257
2.03485 4.16978 1.31191
-0.70769 4.40447 1.08436
1.94558 3.27741 0.84703
1.67825 3.03418 0.15032
1.49632 3.50836 -0.07838
0.06556 3.45432 -1.46282
2.803 6.25625 -0.77805
1.35518 5.27047 -0.34371
1.61475 3.91613 0.02631
-0.15326 2.62613 -0.18768
1.654 3.24808 -1.98338
0.55468 2.52029 -2.80503
-0.80573 2.11684 -1.68421
0.05142 0.2261 -3.65354
0.66064 0.89881 -2.55776
0.99436 -0.4839 -1.45405
-2.52123 -0.66923 -2.46057
1.32455 -0.81284 -1.98048
-1.44059 -2.44866 -0.84849
0.34613 -1.26956 -1.50623
0.50268 0.92798 -0.64689
0.62714 0.96387 -1.31414
-0.95309 0.99448 -0.67181
-0.97226 2.33282 -0.85516
1.43839 2.5361 -1.42232
-0.10444 2.43826 -1.91675
-0.04622 3.14585 -1.77163
1.39804 2.6164 -2.70148
0.81662 0.85162 -2.66607
-1.49444 1.3092 -2.49807
0.99199 2.61119 -2.22814
0.94689 1.38082 -2.5408
0.34497 -0.30654 -3.40047
-0.56698 -1.66415 -3.73067
0.32146 -2.99673 -2.93294
0.94487 -1.8033 -0.16319
-0.9172 -3.5639 -1.38472
1.8266 -3.56674 -1.89424
1.4049 -3.13327 -0.74494
-1.52872 -2.78131 -0.605
0.92081 -4.45432 -1.06343
0.11815 -3.39477 0.8868
0.36575 -2.98407 1.1446
0.39499 -2.89346 1.12617
-1.62112 -2.73034 -0.71158
-1.33932 -1.27532 -0.12994
-1.01154 -0.31248 -1.33638
-0.39374 -1.45882 -0.55405
-2.92617 -0.30815 1.95126
0.40442 1.06085 2.34389
-0.07381 0.67875 2.75212
0.00511 2.19807 2.96274
0.72134 2.97226 1.22301
-1.04293 2.87681 1.31307
1.61105 1.48827 -0.05048
-2.13537 2.16356 -1.1286
0.9869 1.91302 -1.32017
-1.53702 2.41388 -1.90734
0.6828 1.86937 -2.84095
-0.82954 2.26905 -2.72426
-1.53396 1.29054 -0.44854
0.7575 -0.35259 0.75068
1.57529 0.65391 -1.35499
