1.71835 5.50628 -0.7143
2.97832 5.43826 -0.2358
1.66088 4.79318 0.48844
1.36644 5.94221 0.92842
0.01198 5.85302 1.96078
0.90516 4.84985 1.4785
2.76929 4.14958 2.28296
4.26378 3.88789 1.1026
1.88897 4.34484 1.27882
1.44564 3.81528 -0.04009
-1.12368 3.61585 0.76515
1.34567 4.56451 0.47811
2.12665 3.80664 0.38081
1.33086 3.85209 2.13359
0.69801 4.17914 1.37547
1.2178 4.9104 2.72792
1.44009 6.84171 2.08927
-1.26279 6.17838 2.74293
-0.78499 5.98816 2.58613
-0.64331 6.53198 0.90952
-0.21686 7.2506 1.14045
-0.67781 6.59159 -1.54197
0.48006 4.72831 1.56412
1.38935 4.64281 0.40128
0.29163 3.47135 -2.33236
1.15124 3.71136 -1.3394
-0.37934 3.28197 -0.78193
1.04416 4.54956 1.71288
0.59648 2.41538 1.09787
-0.16586 3.08061 0.82397
-1.4168 2.23377 -0.27478
-1.54374 1.23843 0.31475
-0.0622 0.622 2.19296
0.91401 0.87958 1.82558
1.02336 0.65819 -0.91224
0.44766 -0.05796 -1.35787
0.99586 -0.26563 -1.71537
1.13744 0.37157 0.16864
0.57915 -1.82514 -1.35884
-0.647 -1.86454 -0.88366
-1.0333 -2.23884 -0.91995
0.46556 -1.04605 -0.98165
-1.96515 0.18827 0.4284
-3.27843 -1.63395 0.0623
-1.09175 -2.28421 1.08444
-0.61066 -1.49545 0.31402
-1.40419 -1.49082 -1.62521
-1.42013 -3.22365 -0.26633
-1.32697 -3.07121 -0.31225
-1.37477 -1.70813 -1.35937
-2.37642 -3.48165 -2.59146
-1.1064 -4.58708 -0.48085
0.06701 -3.15269 -2.21034
0.01365 -2.19096 0.80479
-1.28683 -2.08656 -0.68889
-3.09614 -1.68858 -1.6378
-3.43068 -0.98947 0.34847
-2.0021 -1.61482 -0.24685
-0.48615 -2.79119 0.23069
0.25933 -4.33001 -0.91909
-1.14029 -4.4042 -0.38719
-1.08791 -4.84057 -2.44459
-1.74012 -4.76141 -2.0686
0.80287 -5.14022 -1.42621
1.08142 -5.79619 -1.48413
1.38214 -6.38802 -0.87993
-0.18382 -5.69971 0.28596
-0.5878 -5.31889 -1.12996
0.78187 -4.46347 -1.71962
1.03643 -4.24526 -0.90591
0.17293 -3.36821 -0.40992
-0.08309 -1.40068 0.13419
-1.31403 -0.55961 1.06963
-2.23987 1.12063 0.43048
-0.62528 1.12813 1.08015
1.02635 0.58038 -0.43667
1.33715 0.41749 -0.19399
0.62064 -0.76363 1.12076
0.92446 0.16263 0.78717
-0.07611 -0.22238 1.36116
0.77795 0.591 0.8063
-0.32515 0.19285 0.17002
-1.11567 -0.17032 -1.89442
0.45371 0.17118 -1.67734
0.68738 0.00144 -0.81171
-0.02824 0.02648 -1.6805
-1.30755 1.40162 0.54554
-1.3825 0.49619 -0.83308
0.36404 0.56792 0.31448
-0.92036 -0.13845 -0.32495
0.02761 -0.71612 -1.15016
-0.57921 -1.33475 1.83966
-0.3928 -2.85354 1.4441
-0.42214 -1.68219 -0.00427
-1.91541 -0.40641 -0.08852
-1.0874 -2.76689 0.42235
1.49052 -1.60404 0.14633
0.56322 -1.59714 -1.54633
-1.00507 -0.6466 -1.30074
-0.38806 -0.20219 -0.76551
-0.4174 0.5573 0.85295
0.24081 1.25521 0.62721
-1.42143 0.92114 0.77889
-1.73018 0.77856 0.64239
-3.24304 0.58107 0.98489
0.49395 -0.7775 -0.7873
1.16902 -0.39564 -1.9148
2.00604 0.76224 -2.60345
1.01252 0.8215 -3.73521
0.90432 -0.47846 -0.63245
-1.51832 -1.55724 -1.119
-0.58728 -2.64648 1.03471
-0.82838 -1.7364 0.22473
-2.03885 -0.44399 -1.89441
-1.30805 -0.83541 -1.12218
-1.71919 -0.76953 -0.4852
-1.04976 -1.16008 -0.42156
1.53866 -0.35139 1.195
1.49982 -1.08373 0.40995
-1.26279 -0.66966 0.39671
-0.7187 -1.21788 -1.04972
-0.73612 0.19765 1.32664
1.09853 1.15934 2.09542
0.73503 -0.08538 0.83612
1.12001 -0.96447 0.83364
0.63421 0.40579 -0.67119
2.45154 0.58083 -1.01087
2.5099 0.97573 0.35309
1.8645 1.04935 1.9265
1.66203 2.488 0.18067
0.8244 2.85276 0.99902
-1.15113 3.26308 0.47706
-2.44953 2.8496 3.27879
-1.04751 2.91487 0.00357
-0.66048 4.40189 -0.80412
-2.2524 1.81002 -1.4803
-0.85274 1.70908 -2.66035
-1.08234 0.84078 -1.66989
-1.03832 1.41656 0.16674
-0.9328 0.05106 1.9202
-2.39373 0.46439 -1.24522
-2.16751 -1.01863 -0.39283
-1.68864 -1.08438 -0.06956
-0.03879 -0.70441 -0.98144
-0.40358 -1.12601 -0.96404
-0.69592 -1.85499 -1.66252
-0.10337 -1.2757 -0.19158
1.6184 -0.61558 -0.06618
0.48633 -1.07609 1.04615
0.84407 0.87038 1.41125
