0.08291 -3.68256 -2.69655
-0.2048 -4.45439 -0.44621
-1.26705 -4.6457 -2.03025
-1.03378 -3.78214 -1.65306
-0.63406 -2.37471 0.58163
-2.66299 -0.8032 0.04395
1.31063 1.56962 -0.07382
-0.04094 -0.77313 -0.01987
0.2786 0.29428 0.36915
-0.75312 -1.87195 -0.25247
-1.46762 -2.10444 2.12649
-1.943 -0.7387 1.99733
-1.11481 -0.27645 1.82809
-0.10974 -1.01248 1.47013
-2.24855 -1.07116 0.41826
0.37276 0.30203 -0.68069
1.14194 -1.22669 -1.8002
0.75379 -1.26271 -1.11434
1.08716 0.10118 -1.52245
0.50131 -0.9098 -0.42023
0.29903 -1.02929 -0.03802
-0.45175 -2.8441 -1.60367
-0.12383 -0.85678 0.04859
0.54061 -1.81637 0.28572
-0.1074 0.5357 -0.56642
0.10493 0.66875 -0.04677
-0.78939 1.44627 -0.33596
1.06616 -0.11811 0.61481
-0.13241 -0.73425 0.6775
1.05122 -1.24428 1.46624
0.27809 -1.86032 0.44177
0.046 -0.0171 0.52555
-0.36449 0.58768 -0.08317
0.52334 -1.59524 -1.41246
0.09311 0.48757 0.81577
-1.53341 0.74517 -0.16985
-0.36528 0.84992 -3.03997
1.51053 1.09574 -2.85642
1.39928 -0.32985 -1.33468
1.00496 -0.40414 -0.55919
-1.12224 0.90758 -0.77098
-1.42696 0.96722 0.73717
0.36354 2.75052 1.91573
0.31495 2.8664 2.80229
-0.14229 3.2134 2.8812
0.59336 3.84029 1.77622
2.06189 3.99273 2.08456
3.30399 4.1602 1.84556
2.36598 1.32533 1.99097
1.57555 2.10969 4.41003
1.62388 2.7937 3.90568
2.60642 2.7396 3.75718
2.1495 2.39446 4.87765
1.92059 3.1609 4.65983
1.02667 2.32191 3.48236
1.76508 2.27363 3.87179
-0.30239 1.95525 2.80549
-1.44283 2.38863 2.38451
-1.12151 1.28188 2.79445
0.90647 1.11037 2.81531
1.15145 2.46108 2.83327
-0.9079 2.35541 0.94685
1.22403 2.38994 0.13623
-0.25564 -0.0405 0.31869
0.61406 0.3162 3.28748
0.73455 0.688 1.74079
2.11917 0.42595 0.62687
2.44699 2.32289 0.29955
0.42847 1.69877 -0.41668
1.51499 1.27776 0.70096
1.70074 1.92123 1.79161
2.30687 2.25365 1.03171
2.58553 2.86036 1.14124
1.44675 2.36017 1.71196
-0.13218 2.88643 2.56536
-2.68841 2.36536 2.57982
-0.57975 2.8888 3.35986
0.17248 3.25388 4.7268
-0.38242 4.8049 4.71862
-0.19991 4.31748 2.25564
1.22595 4.55592 1.53007
1.77986 3.95329 0.97803
1.8073 4.29578 1.1612
3.28684 4.25418 0.19976
2.35203 3.0655 1.119
1.88694 4.7509 0.44195
1.25173 2.97258 0.28238
-0.25112 3.15316 -0.9726
-0.73379 1.57204 0.58299
-1.18846 0.99475 0.7088
1.28871 2.19216 -0.906
0.30223 0.33529 -0.51833
0.19796 1.69116 -1.19961
0.25308 0.73045 -1.3232
1.59765 -1.10724 -0.44842
0.80805 -0.94446 -0.93055
-1.20763 -1.25312 -0.08278
-0.70138 2.23311 1.02243
0.58917 1.86047 2.06363
0.71871 4.22294 0.92017
1.55156 3.61251 0.85607
0.69376 4.32109 1.45412
1.48286 4.2138 1.75976
0.23736 3.65573 2.83359
1.29012 5.01711 2.42345
1.53987 4.43864 0.68366
-0.11529 3.25267 -0.34421
1.87502 2.65174 0.67604
0.2291 2.44213 0.83118
1.0591 2.19234 1.84753
1.85672 3.28272 0.24372
1.15842 3.30371 0.63639
-0.11936 1.52946 1.80978
-0.52438 1.44906 1.5524
0.14678 2.36039 2.36872
0.44418 1.07426 1.86176
0.42138 1.19611 1.82427
1.85102 1.99739 0.46939
0.60272 2.05084 -0.60598
0.87139 2.41929 1.90176
2.1575 3.23756 2.43909
0.67113 4.39358 3.31827
0.87299 5.32211 3.87624
0.07258 5.43201 1.69235
0.62457 5.71776 0.32121
0.73572 5.34521 3.93853
1.72258 4.66195 2.07743
-0.096 2.73526 1.09307
-0.67334 3.6287 1.93641
0.20531 4.7949 1.64169
0.09352 4.90171 1.69485
-1.04674 4.80074 1.70295
0.54436 4.62503 2.54251
0.5692 1.75558 2.81067
1.17481 2.53772 3.14729
-0.27016 3.82677 1.36653
-0.19078 4.3148 2.8255
-0.74644 4.40367 1.09805
0.15259 2.26284 1.85434
-0.72937 2.46126 -0.45789
-1.79114 2.58212 -2.2216
-1.68745 2.55134 -3.19203
-0.00193 0.12358 -2.10077
3.68098 0.42443 -2.11299
-0.55566 -0.25754 -3.35302
-0.2496 0.51702 -3.54207
-2.70816 0.19398 -3.51593
-2.54345 -3.07199 -0.80464
-0.67256 -2.69892 -0.06585
-0.01113 -1.38846 0.30267
