1.69313 4.17329 2.22645
0.48412 2.92503 0.79256
1.9698 3.36642 2.61677
1.93245 2.31404 1.82187
2.09845 2.81918 1.79465
1.24654 3.05423 -0.12925
1.11366 5.18053 0.66368
1.08352 5.25786 -0.97444
0.92103 4.13012 1.83993
0.44731 4.58934 1.55302
-0.04655 2.38391 1.86832
1.77145 1.76414 0.54409
1.18648 1.62155 2.02942
1.87876 0.89942 -0.1146
1.94109 0.18489 0.17111
1.17416 1.08077 1.04608
0.73011 -0.04263 -0.68316
1.06733 1.24913 0.3676
1.40702 0.64828 0.39654
-0.72581 1.91797 -1.09913
0.17102 0.61194 0.44087
-0.13124 0.65384 0.04405
1.8834 1.63432 0.49938
0.05018 2.35413 0.21034
-0.43139 2.25923 -0.20865
0.58876 0.06249 1.23604
0.49279 0.78066 -0.27046
0.81219 1.76576 -0.31891
-0.31596 0.42495 -1.44603
0.44863 -0.14789 0.36996
3.26035 1.93444 0.1254
0.91724 2.4083 1.23061
0.52071 0.32903 1.00333
0.79416 0.83866 0.00324
0.83836 2.52918 0.27174
1.06303 2.42597 -0.50881
0.60087 4.85218 -0.52901
2.28881 4.54688 -0.97965
1.98096 4.05175 0.24116
2.52602 3.76131 2.55629
0.84785 4.11045 1.37039
0.49603 4.75179 -0.01622
1.50087 4.82973 1.06982
2.62123 4.05409 0.12913
1.66041 3.56179 0.45282
-0.03809 3.65486 0.34885
1.23692 2.47707 0.83912
0.32615 5.37588 0.80975
-0.73495 3.68181 -0.51002
-0.34245 2.40786 1.76406
-0.21987 3.28399 1.86325
-0.29163 1.94474 -0.24194
-0.25706 1.23301 -0.03549
-0.3909 1.54221 0.6937
-1.3847 3.47285 -0.5337
-1.64253 3.37885 0.06941
-0.31743 3.34661 2.77962
0.41071 4.25329 0.95117
1.68749 3.02684 -0.6253
1.2753 2.71901 0.59216
0.90643 2.36134 0.22915
1.75638 2.27201 1.68135
1.39737 2.21677 -0.14757
2.384 3.46993 1.67867
2.10553 3.5555 -0.08583
2.4258 3.80767 0.71044
1.36669 2.56115 -0.15355
0.95395 1.6519 1.69088
1.24372 2.91379 0.02243
1.05634 0.42322 0.62035
-0.75092 1.44124 2.1847
0.24298 -0.17793 -0.43119
1.16111 -0.72047 -0.59024
0.88581 -2.04087 -1.28706
0.48822 -1.6046 -0.36652
1.26648 -0.61346 -0.28691
0.72569 0.33856 -1.2771
0.60241 0.01142 0.12353
1.3965 -0.68049 0.14093
1.50394 -0.54841 0.38146
2.0206 0.6306 -0.06389
0.69698 0.80782 -1.41333
1.2199 0.52859 0.69502
0.57654 1.64156 -0.61079
-0.39633 1.98912 1.83196
-0.76228 1.06694 1.96054
-0.42841 1.28625 -1.04555
0.87365 0.42921 0.29361
1.42144 0.86189 1.22963
0.55843 0.429 -0.26885
1.13367 3.8102 -0.99857
1.53209 3.50935 0.92172
-0.93303 3.1367 1.16115
1.11216 3.40266 1.63412
1.33387 3.7845 1.53772
1.20523 2.51353 -0.2237
2.31885 2.19705 3.30713
1.44202 3.56339 1.34929
0.60611 3.5507 1.26136
-0.0619 3.97417 2.12889
-2.22959 4.36938 0.24752
-3.08309 4.71263 1.15462
-1.91732 4.6689 -0.07768
-2.27549 4.99755 2.1064
-1.84497 4.75174 2.44884
-1.55157 1.36361 2.38734
-2.64209 0.23771 1.48868
-1.33534 -1.09501 0.50495
-0.63672 -1.31242 0.28945
-0.9892 -1.5568 -0.87776
-0.51673 0.1353 -0.24259
-2.05065 0.53754 -1.03794
-1.73068 0.9982 -0.09631
-1.40506 1.39808 0.77098
-0.68351 1.98462 -1.05827
-1.45282 1.89947 -1.60594
-1.57845 -0.11307 0.59114
-0.38689 -0.16711 1.22245
0.6833 -0.85277 -0.05374
1.11437 -1.27655 0.30429
1.69545 -2.98781 -1.09509
1.71158 -2.54792 -1.54474
1.23804 -2.27727 -1.86563
1.49098 -1.88999 -0.73317
0.46574 -1.00438 -1.04674
-0.37067 0.18296 -0.47056
-0.97931 0.29432 -0.44469
-1.4683 -2.07796 0.58168
-2.15742 -1.27053 -1.15409
-1.70015 -1.19524 0.09153
-0.64598 -1.76386 -1.12728
-0.50524 -3.04497 0.93085
0.51529 -2.04645 -0.71756
0.93119 -4.79248 -1.42699
-0.03586 -4.01044 -1.08584
-0.76602 -1.88171 -2.10129
-1.56928 -1.32289 -0.89536
-0.86262 -1.74918 -0.22694
-0.35623 -2.13212 -0.48816
-1.90605 -0.36043 -0.04
-0.40279 -0.75078 -0.65309
-0.76755 -1.38063 0.85203
-0.49432 0.08897 -1.37198
-0.17413 -0.31562 1.11711
-1.70932 -0.12356 -0.41487
-1.39949 0.71887 -1.60065
-0.93793 0.42361 -0.24864
-1.18869 0.51089 -0.52375
0.2184 -0.54546 -0.36943
-0.49407 -1.90073 -0.2095
