-3.43727 -0.54207 -3.67068
-4.20923 -1.51524 -5.38686
-4.15982 -2.26734 -6.1316
-4.08605 -0.83923 -4.52648
-3.58532 -1.18905 -3.82981
-3.55515 -3.47671 -1.78265
-3.90547 -1.94845 -3.05295
-5.83054 -0.59833 -2.07791
-6.71134 -0.87674 -1.38793
-7.17412 -0.64578 -1.29723
-7.03328 -1.89576 -2.47938
-5.65461 -2.77771 -1.25189
-3.36038 -2.20621 0.40231
-1.53298 -1.9971 -0.41102
-1.23063 1.89414 1.00188
-2.25301 2.42865 2.85169
-2.22361 1.06008 0.44089
-3.82615 -0.33656 0.57666
-2.71232 0.53552 -0.53963
-2.46898 -1.08889 -0.04328
-2.85308 -0.69711 0.04212
-0.60743 -1.16561 -0.02312
0.07357 0.9755 0.80258
-1.22529 0.61565 0.5537
-0.25566 -0.80069 2.09892
1.09615 0.87417 2.26906
0.95392 2.12598 1.81776
0.71587 -0.45954 1.7306
-0.48211 0.34922 1.32067
1.36674 0.23468 1.66684
2.29169 0.83912 3.78955
3.21328 1.09973 4.96433
1.47778 1.72361 4.6692
2.08765 1.33635 3.55256
1.50748 1.45054 2.71671
2.31201 2.94911 1.72969
2.8215 0.97295 1.53157
3.68632 1.91767 0.34876
5.14856 2.59389 0.88724
7.05823 0.31379 1.80265
4.614 0.93457 2.45479
4.51608 -1.50065 2.55336
4.37669 -0.21734 1.84693
2.51525 0.11561 0.90203
2.68665 -0.24105 2.46858
2.84874 -1.52677 2.93975
1.23424 0.19752 4.84086
1.90206 1.58513 5.28141
0.64781 1.25831 5.82857
-0.35999 1.74063 7.37604
-0.64066 2.18044 7.85938
2.4841 2.01635 7.80764
2.56007 1.78163 7.52955
4.31347 3.06093 7.86498
5.18834 2.59814 7.3425
8.18986 1.60565 7.01338
7.68713 4.27419 6.82752
9.75828 4.05219 5.8438
9.88723 3.65976 4.71676
8.67838 1.1502 4.89786
10.33008 0.85982 3.76939
11.32554 1.7145 2.84951
10.70121 2.42986 2.56228
9.32143 2.5698 0.53341
6.96657 2.38074 0.33763
6.3281 -0.51249 0.07796
8.65594 1.14843 0.1308
8.96921 0.79028 0.35151
6.89886 -0.38329 1.05081
7.43786 0.2996 0.85246
6.67479 0.51945 0.00139
5.7915 0.51436 0.4584
3.51016 0.90626 1.52241
4.69967 0.27239 1.38555
3.90276 0.38959 2.13281
3.58036 0.82191 1.70322
4.89945 1.89404 2.6759
4.88704 0.89656 2.38592
5.51015 1.79706 1.89355
3.71375 2.10926 2.35603
4.41153 0.31455 2.04368
3.20283 0.90606 2.43519
2.91788 -0.60944 2.59185
3.05209 0.00374 3.3043
5.56111 -0.47308 2.69272
4.99855 -0.54573 2.14635
4.31903 0.71734 2.58505
3.78435 1.24772 2.63182
2.86299 0.68233 2.74122
3.28472 1.43941 0.86215
4.96045 2.36156 1.54734
5.37791 2.12682 3.73551
4.0301 1.38795 3.94698
5.07282 0.76531 3.04451
4.96834 2.13125 3.04404
5.29108 2.31751 4.08788
6.19668 3.07145 3.94814
5.39367 3.19969 2.80287
6.50049 2.18174 2.10248
6.17804 0.31218 2.52116
6.92307 1.58409 0.57285
6.58537 2.04078 -0.03146
5.44884 1.66176 0.98041
5.67702 0.3753 0.96934
8.03733 0.67333 1.71424
7.69781 1.03828 1.53747
5.59183 1.01266 0.5078
3.75952 2.08351 -0.29305
2.10789 1.30435 -0.22387
4.50776 0.08725 -0.02
4.51631 -0.09787 1.09715
3.43593 0.90424 2.17795
1.97371 0.10479 3.6159
1.62175 0.74874 3.19457
1.09696 1.36719 2.01343
3.11787 0.19134 2.21029
3.10918 1.89644 1.27141
4.72764 0.98935 1.18592
6.33221 -0.87833 1.48874
4.92458 1.43674 1.578
5.2015 1.8167 -0.37921
5.21517 2.38371 -0.85672
4.2583 0.44948 -0.43152
3.21405 0.11708 -0.24856
3.64887 2.36041 -0.55336
4.08373 0.19694 -0.79341
3.85758 -0.64971 0.9312
1.33071 -0.3193 0.44795
1.97804 0.57258 1.91495
1.40495 1.09651 0.80818
0.86018 -1.1859 0.91991
0.12742 -0.05979 2.89614
-0.19465 1.69515 2.43635
0.743 1.42722 0.53129
2.0421 2.24147 1.36835
0.84185 0.84637 0.79289
2.58886 2.16153 -1.46291
3.98013 2.0235 -1.54545
4.05222 1.76421 -1.83589
3.62484 0.07462 -2.16935
2.64176 -0.22043 -2.29172
2.72523 -1.12917 -1.34476
1.46251 -0.83221 -2.08593
0.1461 -0.79803 -2.27414
0.91283 1.32873 -1.98275
0.12291 -0.12187 -2.60043
-1.77846 -0.06747 -4.13355
-0.66933 2.05519 -5.51559
0.7754 -1.40284 -5.05838
-0.91209 -3.05551 -4.72117
