0.10045 -0.72198 0.66437
2.14566 -0.77572 0.15611
0.65285 -1.47734 -0.37053
-1.35978 -1.28003 -0.28263
-1.51973 0.31633 0.21602
0.98555 0.64835 0.88475
0.13597 0.53218 1.64669
0.18387 -1.35519 -0.20132
1.37475 -1.03129 -0.71409
-2.61142 -0.38994 -1.62395
0.60187 0.03096 0.28081
0.15869 -1.45023 -0.81328
0.0062 -1.15953 -1.50116
-0.38524 0.26693 0.23906
0.21099 0.0442 -1.32223
0.88325 -0.12407 -1.45428
-0.94361 1.7903 2.06863
-2.43344 1.15049 0.17068
1.00117 -0.97441 -1.33273
0.36959 0.78548 0.16991
1.82283 -0.3231 0.77932
0.66047 1.36865 -0.31249
1.4143 0.8031 -0.74973
1.08941 -0.04101 -0.37844
-1.48852 -0.14472 0.55896
1.05009 0.0301 1.58758
1.05908 0.15195 0.573
0.51401 1.01893 -0.57308
0.80695 0.6147 0.71421
-0.08862 -0.42974 -0.97853
0.1868 -0.3314 0.93468
-1.5317 0.97824 0.36804
0.98585 -0.64466 0.02419
-1.15789 0.56462 -1.1829
-0.20202 -1.36649 -1.03098
-0.51683 -0.54431 -1.03355
-0.4191 -1.23517 -1.46677
0.53452 -0.34085 0.40559
2.20432 -1.76209 0.58113
-0.92406 -2.36628 0.07583
-1.08597 -2.12092 -0.44621
-0.21173 -0.54733 -1.44182
-1.17768 -1.44676 -1.32706
-0.51501 -1.78714 -1.25026
0.97511 2.39406 -0.77207
-0.12609 0.20683 -0.05788
0.6294 -1.1276 -1.12408
1.64335 1.35814 -0.55209
0.92851 0.27717 0.13004
-0.30137 0.2054 -0.85705
-2.8411 1.17529 -0.56326
1.05341 -0.20308 0.25709
0.31281 -2.36126 0.52142
-0.70087 -0.50391 -0.07989
0.3081 -0.20091 -1.60992
-1.1132 -0.92072 -0.84522
-1.95197 0.58084 1.86027
2.30623 -0.13478 -0.5546
1.55255 -0.56455 -1.46955
0.05224 0.74653 1.83085
0.19337 0.02053 -1.54678
0.75322 0.89422 -0.51158
0.81576 1.47672 0.49314
-0.676 0.9761 0.39984
0.44308 -0.68861 0.86297
1.20348 -0.14414 -0.20954
-2.10899 -0.94329 0.76924
1.08278 -1.99155 0.24818
0.32629 -1.87895 0.31044
-1.98543 -0.30712 -0.19835
-0.17054 1.31437 0.35258
-0.48387 0.45616 0.00094
1.12659 0.25942 -0.37457
-0.65639 -1.91493 0.32281
0.99752 0.02768 0.70603
1.10089 -1.56164 0.28274
-0.74888 -0.41937 0.84529
-0.09506 0.01334 1.02046
0.59856 -1.3881 0.59847
-0.01495 -1.48547 -1.35463
-0.20965 -0.72948 0.41174
0.1501 -0.55228 -1.89561
-0.92082 -0.55178 -0.5285
-1.06011 0.08458 1.22805
0.31853 -0.18559 -0.51719
0.87009 -0.3197 -0.10727
-1.76412 -1.37133 -0.67582
-1.18321 0.40191 -0.27788
-2.64933 1.3456 0.45129
-0.64419 1.80789 -0.48611
0.59673 -1.29805 0.05839
-0.97336 -0.35047 -1.33634
0.2064 -0.92895 1.0227
-1.50121 -0.28259 -1.47146
0.26414 -1.39446 -1.08296
-0.36084 -0.0478 0.84708
1.80923 0.10063 0.01214
0.86996 -1.15178 0.66491
-0.89422 1.03418 -0.02674
0.39778 1.4734 0.65026
0.33052 0.26241 0.54717
2.34222 -0.51616 1.09891
0.27485 2.49595 -0.87614
-0.07018 0.03853 -2.43632
1.27984 -1.0344 -1.10742
-1.58385 -1.12877 0.80798
-1.07173 2.32126 1.07091
-0.12588 1.57287 -0.27216
2.25791 1.26067 0.37362
-0.37719 1.03585 -1.82355
1.46029 0.52477 -0.39835
-1.59522 -0.36347 -2.32334
-0.01505 -0.15831 -0.06004
-0.62297 -0.2079 1.4019
-0.06084 -1.20531 0.01927
-0.23414 -0.2671 0.27211
-0.39483 -1.71153 -1.45557
0.09751 0.17648 -0.88279
0.58804 -0.03086 0.19385
1.47597 1.83085 -1.43305
1.43108 -0.19735 -1.74351
-1.26191 0.22733 -1.19764
0.03504 0.62686 0.10173
1.21231 0.78932 0.17529
-0.44494 0.64326 2.15314
0.60274 -0.49453 0.49257
-0.85504 -0.77845 -1.29579
-0.10823 -0.16495 -1.66224
-1.27347 -0.799 0.10311
-0.46479 0.08413 -0.00094
0.3251 -0.09882 -0.37154
-1.35354 0.26363 -0.94869
-1.39792 -0.34989 0.69249
-2.2137 -0.49159 -1.43145
0.19698 -0.27635 0.27719
-0.09369 0.18365 -0.17373
-0.08333 -0.93787 -0.24254
1.32905 1.02751 1.29169
-0.12328 0.1897 -2.5466
1.0743 -1.15714 1.16315
-0.93745 -0.0883 1.2362
2.63245 0.80445 -0.83137
0.46803 -0.05708 0.85883
-0.49775 -0.74541 -0.82109
0.45811 0.99036 0.05449
-1.10499 1.01953 0.49295
0.18363 0.3528 0.83628
1.74381 0.72207 -0.31593
0.61202 -0.57728 -2.43384
0.32751 -0.50897 -1.38966
