0.89443 -0.0524 -0.67382
0.04618 -0.23191 -0.06353
1.54598 0.61496 -0.64373
-0.88112 1.69181 0.93368
-0.70843 -0.78653 0.65438
0.32699 -0.77831 -0.00835
0.41869 0.6646 -0.19102
-0.30397 0.40823 -0.85027
-0.0647 2.48644 -1.03359
1.36906 2.50553 -1.48285
-0.63212 1.00097 -0.50711
0.70869 -0.19038 0.27257
1.743 -1.13727 -1.05337
-1.10658 -0.82045 -0.92508
-0.01909 0.47584 -1.24385
-0.03989 0.25076 -0.75589
1.14778 -0.46257 -0.9376
1.31205 -2.17263 -1.32458
1.15789 -2.76532 -1.84627
-1.20854 -3.50259 -0.70803
-0.69374 -1.51316 1.32248
-0.50314 -3.1679 2.04956
0.22225 -2.63089 3.30723
0.00734 -2.54956 1.47993
-0.96343 -0.85621 1.38552
-0.38784 -1.14444 3.02425
-1.41633 -2.34809 3.13586
-0.42099 -2.16848 2.32519
-1.53664 -1.24033 0.72322
0.29915 -0.05591 0.82846
1.27813 -0.24051 0.12649
-1.25832 -0.5567 -2.03106
-2.03018 0.17977 0.03961
-0.28578 1.16353 -1.23055
-1.05483 1.96805 -2.2635
0.87637 1.90485 -1.37827
-1.40651 0.47419 -2.40828
1.62405 1.68382 0.48651
2.15673 2.02395 0.33397
-0.58861 0.83585 1.18452
-0.90871 1.77424 2.83005
-1.52722 -0.18866 3.4327
0.26423 -0.70392 2.4796
-0.45253 -1.18365 3.96494
-2.12211 -0.07553 3.76389
-1.56034 2.00241 3.91592
0.05152 1.55194 2.34605
0.43299 -0.76337 1.78084
-0.50481 0.42265 3.89297
-1.71384 2.48041 4.20234
-0.44518 3.20289 3.49189
-1.22548 2.64177 1.71187
-0.43041 2.27517 1.46422
-0.33231 2.42707 1.56004
-1.31875 4.75089 0.74239
1.72828 5.3429 1.68919
0.95251 2.67749 1.88123
1.99974 2.99976 2.67808
-0.24506 2.84224 0.85251
0.06928 2.29479 0.05658
0.10497 4.95554 -0.86412
-0.43168 3.59208 -0.56745
1.60522 2.41627 0.01202
-0.36575 2.24056 -1.21144
-0.24108 0.96871 -0.5041
1.08247 -1.37096 -0.64261
-0.51468 -3.76426 -0.09243
-1.333 -2.14917 -0.05779
-0.42323 -1.41381 1.76322
0.77416 -1.26547 0.97174
0.72597 -0.36494 1.97027
-0.13823 2.20002 1.33137
1.41441 1.69072 1.84284
0.65565 1.9041 1.76177
0.44965 -0.0031 2.07518
1.01265 2.36313 0.82751
-1.62731 1.77437 1.83301
0.84394 4.13971 2.72746
-2.71655 3.28262 3.72098
-1.84962 3.91858 5.76265
-1.59132 3.74537 4.47554
-0.15957 3.87329 2.73851
1.08891 3.49361 4.49634
0.02659 3.32711 2.95099
1.26047 3.17518 3.37044
1.17856 3.42924 3.92668
0.61402 1.83727 1.99412
-1.18628 3.58613 2.85873
0.00052 2.85003 1.5043
-0.08724 0.93175 0.9621
-1.67472 1.15353 1.10228
2.07769 1.69302 1.84638
0.22959 1.73344 1.40494
0.39458 3.16799 1.85191
-0.52623 1.71913 1.02904
-0.5501 2.22696 1.44697
2.1213 2.58985 1.67373
0.96105 4.54556 1.20359
2.09996 5.25233 0.52981
-0.9562 5.11961 -0.45777
-0.31137 4.7972 -0.77864
-0.59333 2.96722 -1.05653
0.57097 3.01366 -3.36924
0.16048 1.5001 -2.02357
0.65297 1.99251 -1.81485
0.89139 2.52291 -0.41584
1.69097 1.51734 -1.30739
-0.90535 -0.22843 1.18967
0.5528 -0.25783 1.424
-0.22978 -1.40964 0.82057
0.94868 -1.03161 0.30962
0.35991 -0.79503 -0.40739
0.25813 -1.13604 -0.01345
0.67412 0.35436 -0.72635
1.01309 1.04687 -0.45407
1.42899 1.8628 -0.57841
-0.01335 0.76745 0.17708
-0.94882 0.30199 0.91758
-0.10853 -1.18512 -0.88524
0.50942 -1.35169 -1.53096
-0.28557 -0.73427 -1.53022
0.48302 -0.61377 -1.23495
0.53345 -0.26063 -1.98063
-0.01696 -0.28758 -0.92013
0.2622 -1.42076 -1.48645
-0.61326 -0.56358 -0.48878
-0.03449 -1.13005 0.24891
-0.24527 -0.15958 -1.36653
-0.71077 -0.34794 -0.96809
-0.3077 -1.22435 -2.199
1.86766 -1.17274 -1.51804
-2.07122 -0.49124 0.35333
-1.70847 1.16063 2.54838
-0.04197 -1.0171 1.94437
-3.29868 -2.56863 -0.65205
-1.81581 -3.38298 -0.63881
-0.08654 -3.40143 -0.80071
0.74887 -1.39733 -2.18974
-0.26629 -1.48819 -2.69636
0.57711 -2.81883 -2.91064
0.83325 -1.36278 -2.74277
-1.54368 -2.25822 -3.39859
-0.60413 -2.22591 -3.37441
-0.1927 -3.40768 -4.66246
-1.61035 -1.75792 -3.99171
0.30266 -2.47887 -3.36621
0.10582 -2.80168 -3.59525
-1.75266 -3.92606 -2.68049
0.62113 -6.53914 -1.30071
1.62663 -6.83932 -3.07866
