-0.39689 -1.1463 -0.12988
-0.99746 0.14699 0.22401
-1.12084 1.03621 1.54186
-1.0135 -0.09476 3.02167
-1.19099 0.86258 4.58035
0.28199 0.73785 3.32494
1.1175 0.27332 1.84855
2.92898 2.30106 1.22957
2.50647 2.15296 0.69603
3.65302 1.84344 0.86461
3.81784 2.23928 0.25577
3.35113 2.13019 -1.41333
1.27019 1.21906 -1.89848
1.33119 1.44332 -1.51853
3.14614 -0.14165 -1.65499
3.16505 0.6586 -1.79657
1.05682 0.65735 -0.439
3.02533 1.09055 -1.36623
2.18393 -1.22244 0.28108
1.41014 -0.07578 0.19078
2.49813 -1.60605 1.05931
3.29537 1.07218 -1.01039
0.82286 -1.20708 -0.00393
2.06968 0.90567 1.48558
1.52659 -1.04193 -0.38263
0.64659 1.83423 -1.38055
0.68756 0.6091 -1.84939
0.94143 0.22312 -0.89302
1.01687 -0.7395 -2.34141
0.19271 0.73724 -2.01524
-1.12362 -1.48945 0.92946
-2.35808 -2.05796 1.43825
-2.27411 -0.40539 1.13364
0.11941 -0.38184 0.69806
2.63653 -0.41564 -1.32159
3.53929 0.20678 0.23534
2.50769 2.12258 -0.29667
2.87961 1.95297 -0.3396
2.85969 2.98346 -1.88657
4.80863 2.21359 -1.58286
4.06153 0.04313 -1.24156
4.01307 -0.16084 -0.7343
2.43642 -0.39195 0.67265
0.22918 0.74643 2.96162
0.20886 -0.31538 2.08905
0.88497 0.61254 -0.40046
1.85078 1.98184 0.3674
4.10867 2.40374 1.53233
2.45895 0.64316 1.66377
2.01477 0.67831 0.96296
2.8929 2.46855 1.35483
3.25385 1.63587 2.29824
3.68749 0.96613 3.03093
3.82194 -0.57568 1.64526
3.53759 0.88228 -0.32354
5.18132 1.69479 -0.84313
4.91781 2.88272 -0.31124
4.41169 0.99019 -2.17678
3.17818 0.67075 -1.14832
4.12878 4.12138 0.18916
3.76011 2.7527 0.62639
2.00336 1.38035 1.15681
2.13938 2.89212 -0.59559
1.75774 2.12908 -0.31496
3.70228 0.83325 0.0714
2.90766 0.9275 -0.11766
0.8498 2.34279 -0.69101
-0.32251 0.5202 0.58062
-0.89134 0.23882 0.89468
-0.38556 0.24981 -0.74736
0.49622 -0.86553 -1.28633
0.49521 2.3127 0.05965
0.74469 0.74725 0.75741
-0.94831 0.06153 -0.15459
-1.14888 -0.31882 -1.00319
-0.53081 0.2867 -0.23885
-2.12721 1.48693 -0.26602
-1.9972 -2.34394 -0.8526
-2.17796 -2.14653 -0.57966
-3.14929 -1.48069 0.99927
-1.12345 -0.47379 0.7215
-1.79424 -0.34112 1.4512
-0.50112 -0.61125 0.22962
-0.08195 -1.22238 -0.5252
-0.92738 2.07059 0.23705
-1.54539 1.28041 0.01077
-2.73919 -1.61943 0.57652
-2.69073 -2.04224 -1.25069
-3.02981 -1.47043 1.26045
-1.34531 0.2065 0.70571
-0.98499 -1.66669 0.0306
0.11282 -1.4025 1.3257
-0.75951 1.14737 0.52072
-1.41666 1.84941 -2.07535
-1.1934 0.60023 -2.50691
-2.37771 1.59392 -2.10362
-3.47198 -0.11933 -0.58043
-3.85835 -2.1129 0.61349
-3.55381 -2.01487 -1.14303
-3.04356 -0.82785 -0.47396
-4.32645 -1.6062 -0.25982
-1.9444 -0.67322 -0.3056
-3.26407 -0.8574 -1.11905
-2.60377 -1.55783 0.37626
-4.30034 -2.76177 1.22286
-4.48906 -1.28202 -1.6332
-2.46309 -2.8415 0.32439
-2.46601 -3.10842 -0.78353
-0.51637 -1.57732 0.62126
-0.83559 -0.07256 0.27141
-0.50083 0.04439 0.15904
-0.72675 -0.0071 -0.68579
-0.19409 0.7966 -1.7289
-0.61177 -0.04913 -0.07223
-0.32161 0.56146 -1.65703
-0.42537 -1.88341 0.18641
-0.51856 -0.26614 -0.58202
-1.50511 -1.1422 -2.0988
-3.13825 0.00069 -2.43475
-4.7284 -1.33088 -0.59232
-2.67465 -2.98273 -0.43329
-3.67415 -2.83106 -0.72161
-2.62826 -0.62868 -1.64466
-1.71942 -0.90352 -0.65661
-0.72268 -2.52367 -0.50856
-0.47157 -0.3714 -2.12696
0.10325 -2.10949 -1.70746
0.96169 0.6295 -0.52782
-1.31834 -0.2599 -0.2461
-1.93162 -0.03656 -2.46475
-1.36915 -0.15538 -0.75572
-1.62589 -0.03832 -0.95249
-2.44029 0.12495 -0.88778
-1.18753 0.48544 -0.34718
-0.94962 -0.31016 0.4605
0.60837 -0.5489 0.63242
0.31394 -0.33864 1.33562
1.68526 -0.23884 -0.98377
2.88526 1.06014 -1.43512
3.52406 1.43408 0.134
3.75763 0.06307 -0.32065
1.1542 0.7644 -2.01136
3.88132 0.37589 0.10428
4.60765 0.98254 -0.04289
3.04701 0.7065 -0.26999
2.3751 0.12601 0.28981
2.59794 -0.1098 -0.78596
3.2654 0.93416 -0.57941
3.36629 0.91707 -0.83508
0.47249 0.26231 -1.10239
