-2.59959 -2.20671 0.29117
-1.66275 -1.26732 -2.20795
-1.43658 -0.72642 -2.73674
-0.57422 1.74567 -1.29382
-1.14711 1.57321 -0.86955
-0.58335 -0.30007 -0.43922
-1.73903 -0.82957 1.91452
-1.00386 -2.24329 0.58241
-0.39035 -1.34873 -0.1879
-0.85077 0.49376 0.37715
-0.74882 -1.64993 -0.88006
-0.47714 -1.22009 0.16369
-1.41713 -1.16656 -1.26421
0.05749 -0.76031 0.07316
0.02759 -0.81204 0.48501
0.64724 0.95922 1.02658
-0.30051 -0.75111 1.72178
0.70459 -0.41297 1.36494
1.14545 0.18578 1.30988
1.31239 -0.41411 -1.97244
0.66445 0.96925 0.52952
1.75179 -0.35673 -0.25137
2.0445 0.42608 1.74447
1.6575 0.00081 -1.03563
2.17278 0.52506 1.62326
1.91793 0.1069 0.04573
2.86175 1.121 2.02266
2.77595 -1.89927 0.29715
2.1897 -0.99341 0.33716
0.85882 -1.39684 0.45968
0.77615 0.04624 -0.089
0.43211 1.38758 -0.69658
1.18034 1.31041 1.0156
0.79236 0.00935 -0.70841
-0.32739 0.63702 1.70748
-1.23773 0.31576 0.40865
-0.23128 0.44629 -0.1943
-0.39173 0.18104 0.93326
-0.89304 1.24363 0.68722
-1.76615 1.49983 1.68302
-1.40552 0.65908 1.3455
-0.51761 0.48666 0.09614
-1.26931 -0.15642 0.02417
-1.15725 1.05122 0.24704
-2.15719 -0.68334 -0.35247
-1.12271 -2.13432 -0.23608
-0.0839 1.14067 1.27467
1.14129 0.45483 -0.48633
0.31397 0.72483 -1.36252
0.15355 -0.0141 -0.34725
-0.99738 -0.24479 0.33609
-1.21654 -2.04469 1.81878
-1.9014 -1.04187 2.80584
-0.40151 1.39449 -1.99082
-0.00139 0.11628 -0.74287
-0.00448 3.22121 -0.59945
-0.11442 1.52054 -0.896
-1.43606 0.61081 0.47645
-2.07509 2.69919 0.45294
-1.2502 2.42462 -0.06817
-2.02556 0.03041 -0.46961
-0.43285 0.215 0.09027
0.42986 0.09687 0.2688
0.89231 1.09107 -0.18473
0.72291 2.45679 0.2733
0.12364 1.77665 0.82293
1.28722 1.72991 2.6934
0.0248 0.88948 1.70021
0.77469 -0.65931 2.38932
0.20082 0.36623 2.7279
0.70584 -0.34588 0.32834
1.24955 -1.91418 1.7552
0.43009 -0.81757 0.85285
-0.25366 -0.39676 0.29601
1.66924 -0.4087 -0.68106
0.66007 1.16771 -0.91594
2.02332 -0.32766 -0.19605
2.19281 -0.58351 1.05069
2.65747 -1.4811 1.23515
3.35739 -0.82045 0.89666
3.85518 -0.29232 0.60829
3.61437 1.12141 0.21852
1.96516 0.97797 0.51058
2.66694 1.83539 1.61038
3.97375 1.47976 1.86006
2.77177 0.84922 1.97261
0.04893 1.93391 0.43569
-0.75366 0.54735 1.98907
-0.39745 0.18398 -0.18233
0.02258 1.36198 0.04067
0.16314 0.60474 -1.29726
1.28106 2.42519 1.28671
1.40568 1.94791 0.33778
2.51351 0.50569 -1.2642
1.82078 0.02243 -0.29662
-0.22709 1.67336 -0.19291
-0.69131 0.72779 0.04343
-0.18309 -0.06133 1.64096
-0.51887 1.49807 1.52494
1.3032 1.37197 0.28103
0.67696 0.63358 -0.52226
0.69458 -0.28081 0.81213
0.52246 0.06734 0.21909
1.80892 -0.11002 0.5832
1.86551 1.83343 0.08636
0.9988 0.56676 -0.14203
0.66771 1.754 0.98335
0.72568 1.47524 -1.09695
0.05089 0.39023 0.86686
-0.53913 1.99442 0.31359
1.03549 2.29086 -0.65471
-1.1796 -0.54562 0.02846
-0.22662 -0.61695 1.86736
-0.53205 -0.09102 1.57386
-1.84423 -0.96883 0.9388
-2.00282 -1.76978 0.2908
-0.50449 0.8163 -0.11262
-1.97983 1.37468 -1.70987
-4.39423 1.404 1.04111
-3.73531 -0.51303 0.07324
-1.79915 -1.81077 -0.34911
-1.40686 -1.33546 0.70075
-0.8031 0.34408 -0.5463
-0.21088 0.05643 -0.95397
-0.32382 1.6705 -0.35594
1.22554 3.15152 1.60833
0.81379 2.29095 1.0096
-0.22327 1.01027 1.32879
-0.76814 1.31061 1.2261
0.09964 -0.1001 -0.13999
-1.45551 0.48412 0.94918
-0.66635 -0.33641 -0.64775
-1.50838 -1.34303 -1.32719
-1.59669 0.32349 -1.94246
1.32808 1.14443 -0.89835
1.2456 0.54703 -0.73779
1.166 0.17019 -0.094
1.37855 -0.57549 -1.26682
-0.50713 -0.78738 -0.03458
0.93584 -0.57628 -0.26022
1.37731 -0.78533 0.12385
0.52062 -1.04789 -1.04022
0.35535 -0.33022 1.24034
-0.07413 0.2475 1.83798
0.45982 -0.31822 0.49458
2.27104 -1.48267 -0.47177
1.74541 0.54108 0.51573
1.85379 1.05098 -1.47693
3.15527 1.072 0.98143
2.40703 1.04353 2.00994
