1.03096 1.98644 -0.98451
0.29359 0.2138 -0.43955
-0.39535 1.63341 0.73243
1.07125 -0.93064 2.18055
-1.50699 -0.93111 0.93254
0.68355 0.20963 1.85879
0.39389 -0.99804 0.12196
0.70479 -0.97347 -0.13187
-1.22381 0.95366 -1.16501
0.38618 0.32798 -2.188
-2.05962 0.26659 -2.32278
-2.86834 -2.0433 -1.08723
0.54763 -0.85249 -1.08942
0.40392 -2.01965 -1.66476
2.28124 0.40376 -0.87629
1.08307 1.33448 0.37855
-1.49554 0.8314 0.17691
-0.82077 -0.3671 -0.51702
-0.64001 -2.2411 0.51619
-1.05254 0.18167 0.27626
-0.56426 -2.06455 -1.20768
-0.86253 0.75979 -0.29604
-0.17415 -0.04419 -0.40649
-1.03392 0.57289 -1.42587
1.52749 -0.89959 -2.27346
0.4308 -0.45869 -0.78599
-1.66123 0.86774 -1.41209
-1.08695 0.24865 -1.36377
-2.01807 -1.05029 -3.02427
1.00649 0.11946 -2.20966
-0.04387 -1.24909 -2.46403
0.82364 0.77274 -0.34073
1.11218 1.11099 -0.67302
-0.54847 -2.39772 0.46823
0.92653 0.78582 1.07209
1.07735 -0.42863 1.28564
0.90032 -0.19421 0.55658
1.05964 1.12379 -0.37836
0.27459 1.01537 -1.70267
0.77244 1.21627 -1.31306
-1.27399 0.00931 0.25763
-0.92824 -0.04409 1.78329
-1.16974 -1.91669 1.92156
-0.74914 -0.09825 0.24589
0.36981 0.03366 0.43992
-0.55984 -0.36413 -1.7654
0.26694 1.68403 -1.19737
1.38907 0.70507 -1.56977
-0.27919 0.39881 -0.56571
0.55005 1.18818 0.62197
1.38157 -0.67416 2.85322
-1.10613 -0.17733 1.4771
0.3831 0.35946 2.79736
-0.89288 -0.10232 1.92791
-0.08145 1.95538 1.25601
0.63398 0.05622 1.37429
0.89866 -0.18133 1.56666
1.63204 2.29561 1.54441
1.12176 1.84421 0.76335
-1.49775 -0.12426 1.59253
0.75933 -0.38294 2.66251
0.84665 1.60198 0.97308
0.93714 0.20676 0.88205
0.15914 1.65074 0.37504
0.44559 2.06721 0.86256
0.89307 0.1476 0.29575
-1.12466 -0.5143 0.4215
-1.80323 -0.77397 1.13821
0.68192 -2.90221 -0.157
0.17133 0.27359 -1.23307
-0.49851 1.06978 0.54443
-0.84009 2.23805 0.34411
0.11228 -0.84833 -0.18788
0.23219 -0.49345 -0.12411
-1.10809 -1.30888 -0.04554
-0.73727 -0.15071 0.55349
2.16183 -1.80157 -0.21545
-0.3619 -0.66777 -1.50756
-0.18638 0.1131 -0.22863
-1.00212 -1.25583 -0.4666
-0.72912 -1.03817 -0.29756
-0.11405 1.27084 -1.18252
0.53227 0.40499 0.28065
-1.16559 -0.26933 1.44276
0.56252 0.64006 -0.05862
0.71236 0.72508 0.31234
0.15524 -0.43743 1.93061
-0.53211 -1.22587 0.50313
0.00086 1.411 -0.10746
-0.0282 -0.1308 2.08471
-0.57323 -0.0801 0.50419
0.21426 -0.29716 0.27303
1.38878 -1.45777 0.69331
0.48202 -0.42503 1.30628
-0.88774 1.31333 -0.40337
0.78679 -0.37101 0.61793
0.36009 -1.35042 0.43358
0.84602 0.25517 1.45119
2.68144 1.08073 0.27043
-0.66794 -1.44799 1.2471
-0.48081 1.27437 0.88372
0.9165 0.53353 0.49396
-1.1906 -0.29031 -0.63905
-0.50686 -1.43421 0.15826
1.08761 -1.26562 -2.73275
-0.46598 -0.03459 -0.12384
1.86966 0.72057 0.35199
-0.75394 0.1807 0.07893
-0.94633 2.84405 0.86704
0.43189 -3.4836 0.45341
0.19787 -0.55726 1.81323
0.1079 0.25096 0.6366
-0.64102 -0.45642 -0.40741
1.12202 -1.01816 0.55174
-0.60577 -1.99317 0.1324
-0.65075 0.88846 -0.44415
2.65416 0.7837 0.91456
0.76653 -0.26703 0.98846
-0.09693 1.28311 0.20441
-1.89499 2.88159 0.73689
0.5218 -0.46015 0.40269
-0.53442 -1.34015 -1.58912
-0.987 -0.31525 -1.95054
-1.02823 -1.12873 -1.11293
-0.43068 1.05657 -0.8513
1.36726 -1.82778 0.17172
1.31409 -0.15387 -0.23906
-0.25885 0.58612 0.4929
1.77398 -1.27076 0.71016
1.73895 0.92189 0.28522
-0.38541 0.91422 -0.34582
-0.98511 -0.08242 2.23108
-0.67997 0.83196 1.13332
0.29517 -0.97304 -0.04873
0.6505 -0.24448 -0.50781
-0.92083 -0.47177 -0.2655
-1.38651 0.16735 -1.33136
0.04366 -0.16322 -3.70165
0.57839 -0.49924 -2.05726
0.36269 0.56127 -1.1883
-0.86877 -0.39464 -2.63453
-2.38328 -1.54979 0.82727
-0.84255 -0.71288 1.09028
-0.61581 -1.62671 -0.00188
0.86864 -0.01376 -0.78176
2.32303 0.17427 1.32128
1.32389 1.43172 0.95546
2.34263 2.0674 1.11855
-0.17183 -0.01328 0.2392
-0.97423 0.95802 1.16368
