-0.86448 -0.23046 0.58988
-1.20181 1.70073 0.60839
-1.02835 0.19304 0.18184
2.41492 0.04381 0.20409
-2.05372 -3.21819 0.05476
-2.47679 -3.143 1.30229
-1.86132 -2.96568 1.24298
-0.27396 -0.94131 -0.91231
-1.73245 -1.25001 -2.93722
0.3076 0.22335 -1.61448
1.03112 1.47822 0.75175
-0.40019 1.35405 0.24458
-0.66677 0.88612 0.13971
0.83773 -1.17046 1.24832
-0.74163 -1.43186 1.48046
-0.3901 0.39005 -1.4617
-1.77058 0.71665 0.44789
-0.66282 0.10033 -1.54016
0.53814 -0.42973 -0.10105
-0.73899 -0.11708 -0.70575
0.3028 -0.76728 -0.16434
1.27463 -0.39487 -0.05915
-1.08606 0.21913 -1.63302
-0.82163 0.68853 0.92981
0.79329 0.3805 0.31894
1.0832 0.95265 -0.41029
-1.24513 -0.85226 -1.77096
-1.44642 0.85979 0.1708
-0.457 -0.25785 1.50125
0.65754 -1.85385 0.43668
0.23477 0.72743 0.34631
0.59715 0.50808 -0.28774
-0.33131 0.54441 1.22329
-0.97478 -0.1753 0.0541
-1.01454 0.47472 0.57803
-0.05077 -2.32212 -1.23815
0.56681 -2.84956 -0.8811
0.00882 -0.69498 -0.28523
-1.37632 0.31755 -0.58331
-0.09205 0.30951 1.31387
1.46866 0.97252 1.22178
1.24632 0.48504 0.19814
0.08356 1.23412 0.66779
-0.0801 -0.75667 1.26717
-0.82168 0.23545 -0.76346
-1.38462 0.05999 0.53149
1.07484 0.0893 0.84731
-1.24735 0.43758 0.71553
1.01817 1.67902 -0.5989
-1.32378 0.37365 0.37665
-0.69745 0.29655 -0.34304
1.25846 1.31529 0.67087
0.02962 0.5501 -1.21314
-0.09111 -1.07089 -1.97878
0.84532 0.25749 0.62927
-1.1714 -0.31253 -0.64833
0.0294 -0.1202 -1.74607
0.89198 -0.41525 1.90534
-0.29551 -0.79519 3.05559
-0.1398 -2.7207 -0.82232
0.45266 -1.3495 0.66171
-0.75336 0.46279 -0.02775
1.0149 0.1162 0.59288
0.12541 1.19286 -0.3736
0.2224 -2.6514 0.25652
0.7096 -1.40945 -0.95115
-0.80142 -1.99786 -1.02916
0.1393 -1.28399 -1.56331
0.16283 -0.27815 -1.7857
0.2812 0.02226 -2.0197
0.49181 -1.48707 -0.76389
-0.46383 -0.64402 0.06732
-0.48909 -1.89437 0.24062
0.04576 -1.27549 -0.0231
-2.03332 -3.0588 -0.16249
1.44404 -0.66678 -0.00454
-0.43581 1.26576 -0.57139
-0.65667 -1.00858 -1.22121
1.68476 0.64071 0.93781
-1.59182 -1.29931 -0.25436
-1.55608 -1.73514 -1.33454
-1.83349 -1.79618 0.42273
0.25967 -1.91999 -0.68852
-0.43313 -2.1769 -1.56964
-0.41323 -0.26564 -1.11374
-0.74899 -0.95447 -0.85026
0.95978 0.27527 0.16559
-1.01484 0.58053 0.89981
-1.57971 -0.60946 0.36672
1.97165 0.5269 -1.57648
-0.1543 0.96542 -0.89739
1.43089 0.21921 -0.86385
1.54646 -0.33164 0.49452
-0.02666 1.83961 -0.44987
-0.00932 2.18111 0.58848
-0.59675 1.61237 0.78089
0.04223 0.50386 -2.54486
2.34609 -0.11702 0.42991
-1.40947 -0.67495 -0.23719
-0.99842 1.19283 -3.0847
0.08336 1.87835 0.38333
0.86423 1.77772 -0.01912
0.3359 0.61461 0.30248
-0.32896 0.41816 -1.61233
-0.16516 -1.30508 -0.06471
-0.16664 -0.57927 1.40914
-1.71898 0.16872 0.28295
1.12508 1.31877 1.21064
-1.5616 1.3225 1.55017
0.69836 0.74155 0.41527
0.0605 0.14612 0.10885
0.6151 -0.70989 -0.0878
0.00298 0.13113 -1.3669
-0.96938 2.41753 0.62398
-1.77967 1.43902 0.90728
-1.11979 -0.57607 0.24084
-0.29549 -1.5512 -1.03986
0.67902 -2.80096 -0.68873
0.41561 -1.76652 -1.44606
-1.45264 -0.03538 1.18569
-0.79524 -0.2946 -0.18417
-0.27547 -1.15919 -0.11944
-0.01579 -2.52726 -1.67721
-0.10715 -1.67516 -0.21758
-0.6794 0.94001 0.53911
-0.96964 0.25763 -0.17306
-1.06151 0.18135 -0.35041
-0.3878 -0.13944 -2.0481
1.55391 -0.64777 0.00035
0.93938 0.93878 -0.67432
0.48256 0.53387 2.0716
-1.43721 0.90533 1.52205
-0.37044 -0.16216 -0.81825
-1.25769 0.55068 -0.48316
-0.4533 -0.50522 -1.02142
0.50942 -1.17872 0.7692
-0.95088 0.09606 0.49157
-0.61086 1.44203 1.07304
1.51056 0.33327 1.5305
-1.34588 -0.37156 -0.33183
0.81524 -0.77802 -0.11195
0.41144 -0.44591 1.10542
-0.78668 1.49095 0.80888
-0.01908 1.60625 -1.10769
-0.26008 1.28861 1.54077
1.43624 2.1681 -0.71236
1.81751 2.09292 0.06299
0.02815 0.99179 -0.59689
1.64235 0.70997 1.04926
-0.26983 0.07641 0.47208
