-0.1433 -0.10556 0.64499
1.49565 -1.92748 -1.95888
0.37248 0.23939 -3.64392
1.07451 -1.30885 -2.9942
0.23166 0.87707 -2.50725
0.58884 -0.11501 -1.62719
-1.06087 -0.41598 -0.942
0.1895 1.50605 -2.31819
-0.63855 -0.04606 -1.18501
-0.21008 0.24292 -2.10397
-0.4189 2.28624 -1.99277
1.24216 1.32158 -1.80228
2.20829 -1.37619 -1.44898
1.22949 0.08521 -0.02098
-0.43002 1.03602 -1.00215
-2.3024 1.79754 -1.1669
-0.01982 1.97775 -0.73516
1.75954 1.11713 -0.32772
-0.68103 0.35446 1.73749
-0.6164 0.177 0.86472
-1.47527 0.37054 -1.25145
-0.18965 0.22927 -0.61198
0.17823 -0.471 -1.02346
2.17075 -0.14938 -0.93296
-0.30524 0.98314 -1.81818
-1.38615 0.45758 -1.17078
1.07092 -0.21034 -1.14993
-0.46121 -1.32053 -1.02085
-1.63356 -0.85969 0.16161
2.87129 1.11337 1.31657
1.48848 -1.14013 2.86754
0.73988 0.03618 3.61303
-0.13989 -0.10283 1.47175
1.44313 -1.01663 2.05887
1.94403 -1.43844 3.53647
1.52346 -0.30028 2.54728
2.20797 -0.1355 2.03826
-0.06076 -0.63345 3.636
2.0877 0.24877 3.08598
1.15174 1.89064 2.90196
1.50688 -0.15775 4.20601
2.6368 -0.23866 4.82883
2.3225 0.15743 4.7635
0.82194 -0.53886 4.4969
2.07442 0.42831 3.63749
2.1036 -0.87655 2.94319
1.34756 1.98989 1.10463
2.11241 0.32579 1.4188
0.84061 0.65924 2.01873
2.11994 0.62618 2.3252
0.18317 -1.78246 3.01782
0.2068 -1.43019 0.98759
-1.09944 0.20626 -0.05585
1.90053 0.66771 -0.15267
0.34958 1.46087 -0.80974
0.98996 2.04416 1.65639
-1.53635 -1.09899 1.719
-0.51715 1.10245 2.3109
0.24848 -0.10324 3.43126
0.59418 3.0158 3.2476
1.57044 0.06927 2.98528
0.59759 1.60326 3.85337
-0.20538 1.40605 2.75785
0.49507 -0.82372 4.39017
0.29483 -0.43196 3.57407
-0.18235 -0.62358 4.19504
-0.60388 -0.52513 1.13039
0.74663 -1.12958 -1.15002
0.17282 0.38065 -2.00784
2.04324 -2.02085 -1.47795
0.06221 0.58913 -1.71029
-0.76249 -0.1425 -1.29913
0.48291 -0.10709 0.20313
3.05737 0.29751 -1.42935
-0.54925 -0.21716 -2.24905
-1.62081 0.13892 -1.80729
-0.22 0.60123 -2.37243
0.6049 -1.24667 -0.56768
-0.99288 1.16924 -0.78948
-0.8911 -0.834 -1.02643
-0.4885 -0.46585 -2.38229
-0.47208 -1.0776 -2.31934
1.12961 0.73823 -1.24976
-0.60963 -0.37981 -1.54507
-0.80089 -0.25747 -1.75645
-0.50765 -0.06536 -2.19357
1.7829 -0.56903 -3.80364
1.57252 -1.13779 -2.8858
-1.03953 -0.3137 -1.24991
0.5859 -0.81712 -0.68724
-0.83725 0.59702 -1.66239
-1.87652 1.63519 -1.29993
-2.34312 0.80289 0.42387
-1.74191 -0.64794 0.92181
-0.95272 -0.47036 -0.10319
-0.94182 -0.39599 -1.17937
-0.71563 0.09454 -2.46925
-0.04947 -1.03663 -1.36586
-0.30846 -0.54411 -2.10122
0.26827 0.98103 -2.61582
1.49204 -1.24331 -2.71425
0.48712 -0.26473 -2.10085
-0.34947 1.74712 -1.82939
-1.50395 -1.34503 -0.52063
0.89256 0.94061 0.63298
-0.04619 -1.00861 0.64084
-1.14238 0.79171 0.96517
-1.224 -1.80931 0.22041
-1.24215 0.0549 -0.79328
0.43248 0.1353 -0.63567
-0.08654 -2.06861 -0.74682
-1.51236 -2.01773 -2.10502
-2.15909 -0.52424 -3.15087
-0.38991 -0.56719 -2.42086
0.61223 -1.66022 -1.55191
-0.11345 -1.22706 -1.39777
0.15888 0.18419 -2.0425
-1.17834 0.67048 -2.20429
-0.06498 -1.56493 -2.14792
-0.42672 -0.02192 -1.11615
-0.07238 -1.07367 -2.52551
-0.81583 0.02263 -2.58443
-0.43772 -2.20766 -1.35219
-0.33895 -0.98622 -1.45444
-0.81367 -0.31294 -1.97136
0.32956 -1.4181 -2.05185
2.26735 -0.34233 -3.74881
-1.24705 -0.12627 -3.28716
0.05854 0.20326 -2.81589
1.55628 0.69928 -3.03441
-2.70489 0.74122 -2.8087
-1.36105 1.72001 -3.54283
-1.20555 0.16573 -1.85227
0.75105 0.09082 -0.78443
-1.50152 -1.82339 1.16352
-0.23653 -0.99883 1.07992
-0.08799 0.1681 0.90528
0.45921 -1.13956 0.68082
0.89617 -1.35014 -0.14756
-0.2708 -0.42779 0.93943
-0.39584 1.66031 0.27547
2.1349 0.14851 0.65902
1.26381 -0.05603 -0.31927
3.0045 0.3453 0.33385
3.43104 -0.72968 -3.27207
0.73162 -0.88629 -2.6943
0.692 0.30441 -2.78368
1.42002 0.55923 -2.81487
1.11236 -0.27014 -0.69118
-0.31993 1.4093 -0.66374
