2.35242 -1.2799 0.66333
2.07707 -0.94818 -2.05772
0.58081 -1.21778 -0.91313
0.40339 -0.5934 0.2226
0.8404 -2.67037 0.09757
0.36597 -0.50765 0.80825
-0.96434 -0.31702 1.45541
-2.28964 -1.39651 0.92853
-2.46147 -0.83743 0.75991
-2.60835 1.08951 0.7826
-2.92849 -0.31832 -0.02648
-0.94877 0.71079 1.99333
-2.77201 0.61367 1.75727
-3.05737 -0.00958 0.9338
-2.808 -0.29654 -0.43624
-2.80799 1.15139 0.38073
-2.37554 -1.94967 0.84641
-2.84481 -1.50933 -1.86886
-4.63518 -0.15645 -0.36612
-4.77819 0.66767 -1.8334
-3.81371 -0.59623 0.71592
-3.24622 -0.20001 0.15269
-1.36804 -1.56327 0.13686
-2.11267 0.57104 -1.90674
-2.60402 0.11144 0.22599
-4.52889 1.23271 0.81441
-3.13569 -0.41526 -0.13884
-4.79936 -0.19045 -1.86601
-4.08388 -0.36604 -0.98179
-4.34725 0.89321 -1.04613
-3.35625 -0.37109 -0.66649
-3.41582 0.6493 -0.88636
-4.88554 0.7733 -0.74805
-3.23601 -3.13046 0.04507
-1.80447 -0.72947 -0.43276
-2.93231 1.03513 -0.83648
-3.01922 -0.63569 -2.14819
-3.21715 -0.43959 0.26066
-4.39029 0.0377 1.23669
-3.50504 -0.64454 -0.32772
-3.83106 -1.00165 -1.30661
-4.7218 2.30113 -0.18875
-4.73066 0.85794 -0.29335
-5.60942 1.18577 0.79824
-4.10136 -0.16521 -1.40629
-3.49198 0.71691 0.35568
-5.16956 0.44288 2.07315
-4.61539 1.1428 0.87489
-5.08727 -0.40325 -0.40773
-4.2032 0.88971 -1.24802
-4.33071 1.39879 1.66747
-5.53396 0.50151 1.01058
-3.96761 -1.67118 0.17897
-3.58716 0.36599 1.58998
-4.92298 1.65919 0.31879
-3.5698 -0.24462 0.2872
0.4455 0.20615 -1.25336
1.03035 -0.28741 -0.57149
-0.15903 1.39078 -0.05084
-0.6156 -1.60313 2.28596
-0.81371 -1.19976 0.95121
-1.46422 1.20001 1.29588
1.11917 1.17652 -1.97955
-0.51865 1.97569 -2.7549
0.24444 0.24158 -0.95187
-0.56439 1.38663 -0.68005
-0.25295 -1.68022 1.37993
-0.45473 0.85531 -1.02736
-0.48043 -0.65335 -1.07409
1.14262 0.44576 -0.14476
-0.84871 0.209 -1.27044
-0.66663 -0.42385 0.703
-0.12714 -0.33755 -1.76024
-0.44384 -0.65603 -1.43404
0.7735 -0.91978 1.05605
-1.0188 -1.78106 -1.00558
-3.29811 -2.23462 -0.70796
-3.73027 -1.01082 0.42872
-4.35914 -0.89374 1.03805
-4.30739 -0.52972 0.67145
-5.02036 0.27356 1.57065
-5.6335 2.00177 0.15466
-5.71302 1.00739 -0.45203
-6.3378 1.45656 2.30073
-5.56084 -1.53665 1.35556
-3.50739 -1.6357 0.78873
-4.6006 1.03165 -0.62672
-3.67444 -0.87611 -0.8485
-4.05062 0.74649 0.42678
-2.73735 -0.95116 0.71713
-1.08097 -0.55442 2.05437
0.73244 0.30632 0.38999
0.76254 0.16659 0.96386
1.44147 0.68948 -0.00098
1.42437 -0.60633 -0.29898
0.01852 0.5133 0.87778
-0.99773 1.15353 0.1832
-1.02559 0.65571 -2.20263
-0.20665 1.10554 -0.96236
-2.30974 -0.18729 -1.37215
-3.13429 1.18037 -1.69822
-1.94303 1.20137 -0.1016
-0.18305 -1.06543 -1.6019
-0.95226 0.23374 -1.04403
-0.20896 -0.29433 -0.66512
-2.02581 0.0154 -0.90538
-0.84212 -0.4376 -0.46616
-1.95753 0.00723 1.09069
-0.46544 -0.1416 -0.06401
-0.4899 0.51611 -2.28841
-1.52772 0.49596 -0.18709
-2.19343 0.80573 -0.54762
-2.32942 0.12888 0.05747
-1.07441 0.52997 -0.10107
-1.3499 -2.3792 1.12656
-0.98703 0.00395 -0.42078
-3.8098 -0.42866 0.03075
-3.27368 -1.11785 0.4617
-4.3158 -0.34588 -0.82184
-5.07863 0.25581 -0.08859
-4.48411 0.89005 -0.88721
-5.78782 -1.74695 0.01689
-3.73031 -0.19557 -0.28394
-4.24114 0.18637 -0.72521
-4.19125 -1.37412 2.04362
-4.47125 1.69397 1.602
-3.95471 0.63406 -0.32181
-2.15526 0.83441 0.54523
-1.31951 -0.33057 -0.01962
-0.44133 0.40032 -0.04292
-0.93133 0.6893 -0.05398
-0.44605 1.65175 1.06005
-2.87346 0.42296 0.64237
-1.45669 2.31843 0.70295
-0.86586 -0.28566 -0.52807
0.30746 -0.84767 0.44801
2.2063 -1.18772 -1.46619
3.29666 1.29967 1.01359
1.32551 0.76325 0.39485
2.24096 -1.38501 -0.07672
2.38258 0.7617 -0.74497
1.63377 1.142 -0.91845
1.41992 0.13884 -1.29917
1.12763 -0.96544 -0.88715
2.36929 -1.50878 -1.45314
0.45599 -0.9882 -0.8044
-0.51565 0.16014 -2.00423
-2.82387 1.94277 -0.48008
-2.3067 1.26558 -1.52551
-2.00579 -0.49007 -2.53887
