11.28801 3.35064 2.63121
11.51518 2.59275 3.51366
10.98517 2.1916 3.65593
11.20494 3.09771 2.43477
10.09881 3.23604 4.02811
9.05155 2.75086 2.88103
9.36934 2.12852 2.76242
9.48747 2.44214 4.15346
10.38987 0.85204 2.94963
9.42552 1.07339 3.76391
9.68573 -0.07905 3.14639
9.07108 0.10674 3.07337
8.07588 0.58558 2.6259
6.46261 1.72473 2.30312
4.21508 2.46486 1.02588
4.23473 -0.31091 0.37741
4.18923 0.77958 0.18096
5.20411 0.2789 0.59013
4.94868 1.06768 2.17036
6.73912 1.08938 0.11488
6.39579 1.94177 1.72859
5.8462 0.52682 3.22995
5.29265 0.24184 2.77047
3.39779 1.0764 1.78078
1.71223 0.81228 1.86833
2.79563 2.75193 2.06117
2.77784 0.50132 0.98368
4.52387 2.05964 0.70629
4.57897 0.91207 0.41291
4.93315 0.22934 2.74289
4.07376 2.13559 2.79938
3.874 3.10524 2.88278
4.43228 2.675 2.48559
4.75384 2.56923 1.73226
4.04578 2.3668 0.63359
3.47858 1.45698 1.32733
4.2148 -0.94968 -0.07607
4.11251 1.20557 1.38775
5.37874 0.86432 -0.08249
5.92484 2.85486 0.73106
5.75721 2.68922 2.26653
5.81231 0.73666 0.13867
6.37772 0.76955 1.62533
6.56482 -0.54542 0.7842
7.20638 0.31551 0.96708
7.79602 1.34388 1.42874
6.90537 2.8269 0.35039
7.00563 6.11679 0.54739
6.70309 1.00946 1.40977
6.54229 2.21726 2.31289
6.9627 2.53597 1.89186
6.57387 3.22625 3.29967
7.57148 2.95171 2.15974
5.87299 3.00318 3.34183
6.43525 0.91184 2.34023
6.83752 2.71691 0.82983
7.61766 3.09972 1.9796
7.61724 2.10513 4.05328
6.98438 1.2529 3.02891
8.7971 2.6583 2.8814
9.22347 1.72479 1.30871
10.42081 1.24071 1.76832
10.69804 0.33974 3.23867
7.95749 0.51827 3.09016
7.9561 0.32142 2.1752
9.03151 1.75356 2.49241
8.45032 1.07452 4.11607
10.92215 1.21735 3.71077
9.46042 0.17165 3.95208
9.37374 -0.98685 4.52402
10.02138 -0.88774 3.69364
8.83792 0.62801 3.58083
8.6537 1.29508 1.48519
6.81094 2.55219 3.1917
7.20166 2.13988 3.09166
6.4161 3.01774 2.30271
6.08202 2.88302 1.83186
7.08342 1.10184 1.91899
6.50297 0.18443 1.65293
7.56587 0.20261 0.82134
7.2552 1.57137 2.67098
7.82989 1.38303 1.42822
4.36776 0.83955 1.34005
4.14887 1.52989 3.91631
6.92172 1.23529 -0.05492
9.14114 1.52664 2.8389
8.00765 1.5375 2.15027
5.56432 0.9846 4.18209
5.65036 2.06344 4.32303
4.02021 1.66632 2.5985
6.25 1.65543 0.64878
6.90441 1.33306 2.44125
8.49688 0.54238 1.41532
8.95653 1.85794 2.86819
8.24835 1.57517 4.13961
9.17919 2.67485 3.55311
7.08237 3.78873 3.12014
7.70528 2.88644 2.48399
6.53938 2.68826 2.06646
7.29018 3.35254 0.92489
7.51705 3.32154 2.16532
9.06991 3.28714 1.50186
9.34123 3.59509 1.2524
10.74612 1.75325 3.16184
11.18654 2.54186 4.13423
12.71202 3.37773 4.26563
13.60135 5.03941 3.30377
14.31937 4.61184 5.26097
12.76702 3.02003 4.78226
13.43985 2.85573 2.6194
14.00864 2.85811 4.07344
14.78012 1.83437 4.8567
15.24713 2.58385 3.95452
16.55641 4.00881 2.63699
15.35246 3.13132 4.25367
14.25029 2.01964 4.80696
15.95579 1.70473 4.61242
16.74406 1.46608 4.11941
16.03757 3.25209 4.81303
15.75439 3.23487 4.6585
14.46884 1.7846 5.33185
12.86604 1.18422 4.12687
13.23847 1.62189 2.30623
13.28303 1.04838 3.92514
12.89525 0.56508 4.96061
12.93404 2.9139 3.70594
13.1475 2.5027 3.81556
12.61696 3.25229 2.43594
14.22719 4.63187 3.56017
14.5301 3.79386 5.04614
12.98693 3.18708 4.39371
11.76635 1.21451 3.82525
10.46777 0.47101 4.35829
11.99031 1.42 2.00875
12.3066 1.5301 3.80581
11.98975 1.80677 4.33142
13.29432 4.03228 3.76522
12.95957 2.73937 3.20585
13.9853 1.39255 5.01466
15.51136 2.31797 4.28138
14.17106 2.09854 5.35597
13.81302 2.41163 4.06003
12.81959 3.90259 4.58219
12.67064 5.65629 4.62049
13.95665 3.47907 5.15004
14.08456 4.05821 5.42453
14.42032 3.4707 3.26797
15.7668 3.83119 2.89019
15.78806 3.24665 4.27234
16.36081 4.38161 5.89187
