-1.03778 2.2251 1.56851
-0.59071 1.71835 0.05718
-1.69271 -0.08814 1.16037
1.08713 0.5972 1.61029
2.17781 1.5639 2.59536
-0.30982 1.46889 1.32919
-1.75687 1.18142 0.70514
0.13644 0.5024 -1.19428
-1.36361 -0.05737 0.02471
-0.96921 -1.20436 -0.07257
-0.88866 -1.27388 0.01085
0.53864 -1.25458 0.66335
0.08317 0.19633 0.87001
-1.00319 0.98952 -1.93986
-0.74591 0.89128 -0.82052
-0.7461 0.88015 -1.07142
-0.51175 1.99838 -0.33436
-1.91303 2.03747 -1.51038
-0.05082 1.3262 0.31712
1.65287 1.93086 -1.80034
1.60675 1.09621 2.13593
1.48143 1.51707 2.28325
-0.29735 2.507 1.5936
0.25919 2.58514 -0.70432
0.44035 2.58424 0.05286
0.67833 2.65349 1.61281
0.87338 3.72178 0.92866
1.22088 1.6691 0.82382
-1.27307 3.6799 0.58706
-0.16778 2.5576 2.71171
1.07104 2.40397 2.17288
1.08358 1.42801 -1.2851
0.60174 -0.56781 2.73664
-0.07806 0.49585 2.01843
-1.08383 1.12304 1.29851
-0.13763 0.24543 1.5534
1.96938 -1.08753 0.03409
-1.60563 -3.68341 -0.32746
-0.77766 -2.15648 1.20052
-0.74382 -2.25008 2.06169
0.03816 -1.34566 -0.62798
1.39987 0.08941 -1.36323
-0.64995 0.27028 -0.74294
0.00651 0.87575 -0.3237
-1.2384 0.61842 -1.00662
0.96062 0.10612 1.21487
0.59721 -0.51375 0.56736
-0.06359 0.14854 1.32309
0.58646 0.15582 -0.82641
1.27524 -0.83075 -0.92558
1.38974 -1.43424 -0.52543
-0.36518 -1.38189 -0.2507
0.46309 -1.89463 0.20755
0.40888 -1.14702 0.47561
0.89796 -0.93922 -0.30694
0.5175 -1.05546 -1.30222
0.71342 -1.91199 0.20763
0.67695 0.44668 0.28188
-0.43421 -0.91057 -1.52872
1.66847 -0.45402 -0.14026
0.74324 0.14596 -0.92833
-0.50081 0.41082 0.63049
-0.4717 1.26934 -0.95555
-0.26946 0.88709 -0.19514
-0.46498 -0.03222 -0.14639
-0.70149 1.47058 -0.88068
0.09987 1.45008 -0.96921
-0.54374 1.79978 0.75137
-0.18931 1.41619 2.98424
1.68691 1.57397 0.13179
1.99436 0.96502 0.76855
-0.70368 2.00934 -1.01038
-0.9558 0.39278 0.94678
0.41644 -0.4577 1.0614
-0.05131 -0.21311 0.077
0.59536 -1.40916 1.2187
0.77956 0.29852 1.51567
2.45775 1.43131 0.5095
1.30334 -0.23527 0.99475
1.04534 1.29894 -0.41662
-0.66393 -0.76395 1.56388
0.63128 -1.59046 0.26501
-0.03766 -0.10732 -1.48349
-1.30732 0.67773 0.75769
-0.31574 0.3301 -0.157
-0.46119 -0.81268 -1.83044
0.40502 -1.69378 -0.56535
1.01601 -2.19482 0.0764
-0.37054 -1.92129 0.36989
-0.09941 -0.71128 -0.26387
-0.10106 -2.15354 -0.4407
-1.45922 -1.33159 1.35727
-0.75234 0.0862 -1.97855
-0.87707 -0.27087 -0.31389
-2.38405 -0.28536 -1.04862
2.09738 0.0195 -3.18849
2.24696 -0.2992 -2.1157
0.80178 -1.30876 0.4514
0.01415 0.0222 1.15856
0.83741 -0.44785 1.498
1.62955 -0.79034 -0.46536
1.94219 -2.14769 0.40524
0.2843 -3.45268 0.34224
-1.31217 -1.95295 2.15043
-1.13648 -1.48788 -0.31754
0.71988 0.0045 -0.39987
-0.03734 -2.45846 -2.14668
0.373 -2.94628 -0.41103
-1.72226 -2.86075 -1.31261
-0.17657 -0.59884 -0.97835
3.30654 -0.57897 -1.86083
0.24703 -0.06275 0.60536
-1.37887 0.25993 0.66026
-0.43133 -0.13981 -1.27008
-0.66434 -1.73817 -1.15746
-0.75781 -0.37415 -0.50088
-0.14868 -1.85078 0.33418
-0.1138 -2.41575 -1.61465
0.37265 -3.42807 -0.71633
0.23165 -2.9075 0.47489
0.68684 -2.62119 0.8238
-1.90461 -2.36532 -0.36998
0.75435 -0.89225 -1.19833
1.30402 1.44304 -1.70935
0.65727 0.07068 -0.45764
-0.96044 -2.47873 1.18912
-0.08861 -1.32842 0.90551
0.55138 -0.76722 2.6277
-0.1437 -0.17034 1.63581
0.21079 0.70733 0.2564
-0.19767 -0.68333 -0.58981
-0.4527 -2.03354 -0.43833
0.69005 -1.28183 -0.61823
-0.42089 -2.29398 0.40315
-0.98286 -1.79508 0.09211
-0.55041 -0.15765 0.10918
0.72997 -1.03172 -1.08008
-0.27593 0.0444 -2.0474
-0.65473 -0.89835 -0.12089
-0.83678 -1.29681 -0.91901
-0.78926 -0.93739 0.24127
-0.18096 -0.93576 -0.23478
-0.66287 0.59747 -1.08648
-0.11842 0.04622 -1.04439
1.30196 -0.40292 -2.18003
2.28505 -2.3664 -1.43839
0.02735 -1.48519 0.47758
1.2561 -0.19016 0.78417
0.71205 -0.3164 0.23029
-1.20927 0.0798 0.22664
