0.45448 -3.66011 1.08689
0.5339 -1.59168 0.33506
0.02138 -0.38393 0.58067
-1.0432 0.08275 2.4697
-0.67449 0.75154 -2.04766
-1.35663 0.48908 0.0133
-2.42831 -1.36375 -1.17838
-1.66981 0.4977 -0.24198
0.18006 -0.4713 -0.20623
0.23553 0.23315 -0.14385
-0.08011 -0.6383 0.55359
0.56601 -0.02632 0.54582
0.9245 -0.58152 0.21905
-0.01443 -0.11002 -0.80491
-0.99773 -0.13945 -0.47367
-1.08124 -1.36926 0.5722
-1.56158 -1.67524 -1.22138
0.9023 -1.23171 -0.42141
0.86594 0.51228 -0.81912
-1.03494 0.23215 -0.32805
0.19233 0.42853 -1.18505
0.21067 -1.67461 -0.08876
0.3835 0.85263 -0.59684
-0.55335 0.62157 1.17598
-1.17036 0.81298 -0.474
-0.80152 -0.4161 0.59551
-0.33424 -0.45748 0.14148
1.1361 -0.28843 1.16333
0.48872 0.46988 -0.96968
0.69692 0.55138 -0.34161
0.28732 -0.2344 0.0208
-0.00131 -1.11234 0.5476
-0.99752 -0.98721 -1.81934
0.64098 -1.27235 -1.43498
0.83092 0.53157 -0.69061
0.68194 0.55494 -1.21954
-0.06938 1.34411 -0.88343
1.43759 -0.01719 1.67623
0.26875 -0.50836 -0.2773
0.69987 -2.07621 0.9764
-0.65082 -2.95244 0.17078
-0.88958 -2.24267 -0.22565
-0.88233 -0.02005 -0.21967
-1.04683 -2.17823 -2.48863
-0.86304 -0.02393 -0.55755
-0.77013 -1.35611 -0.40833
0.38152 -0.45167 0.67113
0.16516 1.14654 -1.24738
0.04803 -0.91074 -0.32094
0.0946 0.69047 -0.45124
1.30467 0.1709 -0.10516
-1.01393 0.40564 1.90077
0.67372 1.72375 -0.48143
1.18094 0.63557 -0.20593
-1.05631 -0.51231 0.54536
-1.04513 0.30233 -0.54619
-1.44484 0.12446 0.07171
-2.44184 -0.66955 -0.76691
-2.42976 -0.84256 -0.06713
-0.40134 0.67389 -1.15986
-1.718 0.68886 -0.09593
-1.17991 -0.67 -0.16745
-0.90495 -0.40408 -1.0759
-0.58728 0.02553 -0.22611
0.72387 0.23571 0.41834
1.0465 2.10203 0.8621
1.03192 0.63324 0.35506
0.78747 1.01841 0.69718
0.30169 0.1413 -1.21177
-0.68993 -0.06094 0.79379
-0.61334 0.18146 0.44683
-0.97735 0.56228 -1.7023
0.65046 2.22824 -1.16426
-0.99704 1.61208 0.60535
-0.60346 -0.38073 -1.72756
-1.94476 1.56274 -0.63443
-1.31001 -0.54588 -1.4483
-0.49334 -1.9237 -0.88797
-1.91439 -0.43973 -0.69361
-0.51247 2.18726 -0.0821
-1.21455 1.28179 -0.53783
-0.05228 0.5327 -1.557
2.56276 -0.87846 0.60158
0.01658 0.39843 -0.97977
0.36377 -0.52656 -1.18592
0.61051 -2.08232 -0.9594
-1.09853 -3.92166 1.67299
-2.63052 -1.66304 -0.82952
-1.83664 -0.798 -1.14348
-3.17066 -0.98957 0.48558
-0.77119 -2.47968 -2.79513
-1.91041 1.20904 -0.82092
-1.86779 -0.1345 -0.07163
-1.84901 -0.68728 0.0863
-0.41137 -1.09199 -0.53177
-1.39212 0.08621 -1.4331
0.08055 -0.59589 -0.04957
-0.09956 -0.14716 0.04043
0.88327 0.7709 -0.35753
0.22784 2.07642 -0.79222
-0.50652 -0.20959 0.08376
0.84298 -0.48179 -1.43285
-0.45706 0.96038 -0.18588
-1.47217 0.90997 -0.84098
-1.73557 1.2757 -0.88602
0.58122 -0.71312 -0.15652
0.64702 -1.33711 1.25417
0.77121 -0.85094 -0.97148
1.33311 -1.93082 0.45989
-0.69272 -0.54108 0.29676
-2.22177 0.21074 0.20836
-1.57942 0.52396 -1.36703
-2.39151 -0.49 -1.40145
-2.01011 0.72149 -1.17154
-0.95862 0.45862 0.01514
-0.13694 0.16939 0.04318
0.44325 1.555 0.24785
0.6119 0.77823 1.45568
-1.23933 0.0517 0.4273
-0.60864 0.16081 -1.3065
0.48241 0.45256 -0.75148
0.64377 -1.16645 -0.81552
2.10608 -0.27127 0.79124
1.03615 -0.73321 0.42164
-1.16588 0.13697 -0.69616
0.18531 0.29682 -0.15641
-0.61516 1.25581 -0.2573
-0.75377 -0.87027 -1.81565
0.4466 1.0087 -1.43659
-0.67366 -0.69329 0.5806
-2.7877 -0.09458 0.01911
0.99926 0.52069 -0.36365
2.57267 -0.56669 1.16616
2.19423 1.22138 1.17897
1.97505 1.00301 1.98093
0.37121 0.8342 0.70924
-0.18223 1.05571 -0.00613
0.8819 0.31346 -0.46391
-0.21058 -0.32622 -0.17357
1.61143 -0.10739 -1.5149
1.77891 -0.28008 1.06621
1.46421 -0.38725 -0.31691
0.73354 1.43163 1.81897
0.62359 -0.64692 0.31184
-0.58402 0.51115 -0.36206
0.84221 0.77128 0.32301
-1.585 1.25725 -0.05392
-0.85491 0.59004 -0.30058
0.72719 -0.81346 -0.34551
-0.55054 -1.44885 -1.1983
