0.30942 -1.6538 -1.59862
-1.15928 0.56917 -2.21684
-0.5725 0.13799 -2.67122
-0.33817 -0.50413 -3.19457
0.975 -0.68863 -1.21309
1.53198 0.26508 -0.85537
-0.12461 -2.33144 -0.12431
-0.57164 -1.27718 2.36188
-1.16822 0.73536 3.35965
-0.26137 -0.65303 2.35702
-2.05177 0.61627 1.08795
-2.82253 2.00677 0.82893
-2.18403 0.22166 0.40387
-2.36889 1.44373 -1.62057
-3.30492 0.30153 -1.66837
-1.31435 1.2492 -1.92191
-0.36222 -1.20124 -0.91361
-0.2026 0.17002 -0.50341
-3.16504 -0.12239 -0.05935
-1.66616 -0.82663 -1.84066
-1.73457 -0.31156 -2.77444
-2.67275 0.13236 -2.53602
-3.07685 -1.20593 -1.60664
-2.24805 -0.16464 -1.62565
-1.96707 -0.90239 -3.10243
-0.9534 -1.08094 -2.8653
-0.70163 -0.09286 -2.64326
0.28892 -0.21805 -3.53588
1.10231 -1.06384 -3.4007
0.59434 -0.36494 -1.95798
-0.64825 0.07508 -1.11381
0.45159 -0.1157 1.24693
0.65129 -0.92009 1.51335
1.4452 0.14358 0.48011
0.67308 -1.29139 -0.40661
2.02732 -1.06659 -0.48827
0.25463 1.65179 -1.11759
-1.16349 -0.65015 -0.10541
1.24361 -0.60841 0.6728
2.2679 0.31483 1.34481
3.11093 1.00242 1.30956
2.89409 -0.44383 0.92823
2.40642 0.55756 2.04506
-0.5339 -0.53372 1.4316
-0.81647 -0.1762 3.72376
-0.57228 -0.47258 3.06821
-0.20217 -0.33843 1.37548
0.42381 0.19553 -1.8082
1.0206 1.38695 -0.83505
-1.79215 1.36293 -0.72337
0.38388 0.91679 -0.85701
2.07998 0.70235 -1.52164
1.5924 -0.73228 -0.49471
0.92752 -0.30683 -0.07584
-0.44143 -1.17063 -0.03853
-0.7572 -1.40888 -1.01842
-0.72234 -1.0317 -1.90724
-1.66667 -0.22428 -0.93083
-1.44724 -1.65394 -2.04953
-1.96881 1.34406 -1.83989
-1.38269 -1.59246 -1.13115
0.32378 -1.90962 -1.29981
-0.39258 -1.07053 -2.39679
-0.62207 -0.80439 -1.99538
-0.37169 -0.17846 -2.71557
-0.33737 -1.67097 -3.27201
-0.00944 -0.57529 -2.39462
0.36977 -2.20871 -1.81412
0.60536 -0.47846 0.20387
0.33363 -1.97497 0.58501
0.52413 -1.63699 0.56435
0.23009 -2.7307 -0.08919
-1.91655 -0.63674 0.00724
-1.38418 0.85659 -1.19554
0.64268 0.57033 -0.86735
1.29221 -0.32501 -0.89785
2.89601 -1.10557 1.18619
1.06378 -0.30933 0.75474
1.6029 -1.65176 1.1846
1.84763 0.168 1.77489
2.22817 0.41523 1.4901
2.68462 -0.91162 1.14443
0.6757 0.59862 1.54678
-1.08663 0.83397 3.10245
-1.53391 0.40637 2.05377
-0.93969 -0.81561 0.02023
-1.73289 0.83001 0.39691
-2.72424 -0.71716 0.69925
-1.52186 0.92412 0.10746
-3.21185 -0.34727 1.97668
-1.00045 -0.06729 1.30385
-1.29901 -0.58527 2.25683
-0.05926 -0.25267 0.58389
-1.17602 2.79342 -0.52201
0.816 0.78489 -0.1578
1.55808 0.22359 -1.46101
3.14477 1.48369 -1.29201
1.98165 2.35006 -0.82766
-0.20698 -1.06647 0.93827
-1.02954 0.27499 -1.36785
-2.39324 0.34704 -1.55031
-2.55112 0.33778 -1.65797
-1.95423 -0.10259 -1.24587
-1.10824 -0.32465 -1.95392
-2.57877 0.38563 -1.79231
-2.4318 1.66921 -2.0316
-1.55409 0.35472 -3.56479
0.60496 1.20991 -3.36054
1.72428 -0.33013 -1.81963
1.5459 -0.51809 -1.35896
1.26343 -0.28056 0.04797
1.54586 -0.18453 1.61009
-0.70731 -0.93114 0.20916
1.32717 -1.73503 2.01054
0.37208 0.3031 0.30641
-0.01957 0.27527 1.17324
0.2478 1.2624 -0.72219
1.62568 -0.46359 -1.78131
3.09457 0.05589 -0.12093
0.8865 0.43632 -0.98313
2.01378 0.32228 0.38089
1.63877 -1.34232 0.33567
2.27567 2.16606 0.72382
1.48317 -0.82293 1.25618
0.05071 -2.56895 2.49166
-0.38287 0.08021 1.91717
-1.899 -1.17577 2.04621
-1.46327 -0.64477 2.19067
-0.97229 -0.05724 0.6545
-2.4444 1.15761 0.01732
-3.51586 -0.54796 1.30598
-1.67436 0.63719 -1.28936
-1.47272 -0.41326 -2.03202
-0.49299 1.62282 -3.0575
-1.15703 0.08555 -1.97269
-1.14194 2.02856 -2.99381
-0.39375 -0.09609 -2.62299
-0.47323 -1.70683 -2.67615
-0.01975 -1.41952 -3.15305
0.1899 -2.30118 -3.21679
1.09606 1.16796 -4.25419
0.98613 -0.85965 -4.68026
0.9012 -0.03849 -4.53814
-0.34518 -0.68825 -4.97592
-0.60072 0.56542 -2.16744
-0.88129 -0.69436 -3.7653
2.562 0.34825 -3.83705
1.12169 -3.50861 -3.6684
1.37221 -0.72723 -1.40812
-0.89785 -1.74023 -2.11664
