1.80391 1.1993 2.36626
0.70904 -0.15653 1.36139
-0.009 0.17325 2.54054
0.33588 -0.31935 2.37439
-0.38562 -0.55648 3.87129
0.93967 0.09394 2.72396
0.71703 -1.39235 3.86176
1.15321 0.88069 3.15908
1.24872 2.80562 1.62718
0.53925 1.33035 0.58804
-1.10513 1.08826 -1.39234
-0.56308 0.49742 -1.17014
-0.17599 0.35318 -1.70309
0.40393 -0.67727 -1.57801
0.9303 0.22441 -0.08243
1.38265 0.86675 1.25298
2.23795 1.01601 2.36819
1.27847 0.45506 2.06303
1.90427 0.32738 1.75279
1.21847 0.43418 2.35114
1.01468 1.09223 3.41573
0.6879 1.4601 2.8768
-1.10102 1.32679 2.30754
-1.08721 1.78119 1.57183
-1.84871 -1.71369 1.69006
-3.10817 -1.01362 1.55852
-4.36474 -0.60258 0.31191
-4.6502 -0.96145 1.31422
-4.98897 0.15024 0.34597
-3.58563 -1.60717 -1.09616
-1.93835 -1.41429 -2.46402
-1.50268 0.12348 -3.93563
-2.39829 0.11432 -6.33093
-0.12691 -1.23664 -5.97644
-0.14926 -1.60798 -5.28908
0.18826 -1.0717 -4.47605
-0.65952 -0.14299 -3.83948
-0.29482 0.52658 -0.31339
-0.20788 0.0057 -1.10901
0.48869 -0.96935 -0.85684
1.62628 -0.39611 0.26841
1.64637 1.24824 0.37173
1.81707 1.3904 -0.37594
1.84771 -1.64602 -0.22497
1.31014 -0.4162 -0.4134
2.25146 0.02517 -1.92408
3.11138 -0.77408 -0.21982
3.79538 1.33536 1.3422
3.56372 1.35443 2.03302
3.29548 0.52834 2.97562
0.6698 1.12747 2.99436
-0.6272 1.968 2.30519
-0.7009 -0.25586 0.96071
1.0382 1.5903 1.16532
1.24114 -0.67015 0.33559
1.83589 -0.01863 0.34359
3.0522 -0.29004 1.64754
0.88607 2.63908 1.22072
0.88253 1.46723 0.24443
1.00433 -0.70464 0.2322
-0.64741 0.95705 0.85711
-1.16645 0.54616 -0.59456
-1.09584 0.74952 -0.58895
-1.87313 -1.32014 0.04754
-1.90837 -2.18937 -0.22453
-2.53479 -1.85671 -0.55488
-2.48581 -2.94219 -1.29827
-3.08083 -0.66492 -1.09736
-2.79531 0.19216 -1.0103
-0.90279 -0.28726 -1.42473
-2.86221 -0.67363 -2.90682
-3.03386 -1.04586 -3.21064
-1.38167 -2.54812 -2.9968
-3.18042 -3.24171 -3.68431
-3.77012 -1.46878 -2.06913
-3.31486 -1.91802 -2.75604
-2.46252 -1.4027 -3.03787
-0.49065 -1.72987 -3.32357
0.35667 -2.35545 -2.75574
0.74858 -1.25173 -2.03654
0.02969 -0.15746 -1.39791
0.43154 -0.4299 -3.05401
1.76234 -1.20126 -1.06237
3.02261 -0.31779 0.13323
3.23131 -0.75006 0.08133
1.69644 0.38435 1.02526
1.32645 1.52529 1.45409
0.98079 2.27602 0.05153
0.74393 0.30378 0.90905
-1.01532 1.01633 2.35811
-0.44141 0.086 2.04783
-0.09139 0.80955 1.46477
-0.0789 0.17817 0.13498
1.22775 1.55715 1.41966
0.18771 -0.00673 0.9921
1.03123 2.05469 1.18586
0.19851 2.07523 0.84973
1.76995 0.1504 1.1343
1.4771 -0.22564 2.84234
1.8038 1.22466 1.1744
2.29866 -0.15432 2.18716
1.77587 -1.14573 4.68157
2.94287 0.96115 4.84579
0.925 0.23755 5.2757
2.43761 2.0679 4.50426
2.17346 1.9615 3.30897
1.02911 0.81546 4.24511
2.08476 0.03611 3.91506
2.5043 1.0636 3.07692
2.55676 1.026 3.67493
1.47129 -0.27125 4.74313
0.95052 1.47881 4.66096
1.128 0.58283 3.22159
1.79996 -0.78993 2.98499
0.20602 -0.27075 2.6435
0.5999 -0.94829 1.33539
1.20761 0.32083 1.47072
2.33646 1.74736 1.46448
2.30811 2.59294 3.28047
1.15533 1.30065 1.67624
-1.32596 1.0517 -0.47219
-2.46724 0.50678 -1.61047
-4.15571 1.18456 -1.11492
-5.30658 -0.03144 -2.40225
-4.91669 -1.71292 -5.32532
-3.93847 -0.60244 -4.63732
-2.03114 -1.37345 -3.80721
-1.55708 -0.27521 -3.67291
-1.51591 -0.63718 -1.09764
-1.49448 -1.06748 -0.63278
1.21527 0.52647 -0.22962
0.28227 -0.8742 0.84228
-0.24731 -2.09912 0.84822
0.45573 -0.92486 0.27818
-1.99986 0.79228 -1.10751
-1.6747 -0.45068 -1.2936
-2.89994 -0.66376 -1.34951
-2.64566 -1.56049 -1.7521
-1.39259 -1.61256 -3.14616
-1.30323 -2.60897 -1.49167
-0.7379 -0.68802 -3.32371
0.93672 -0.08671 -2.84557
1.54416 0.56626 -3.03503
1.47518 1.26246 -1.03727
0.90651 -0.18164 -0.65774
-1.08046 0.22718 -2.78451
-1.13667 2.57521 -2.93154
-1.99127 1.57871 -1.04384
-2.10831 0.84031 -0.56119
-0.66473 -1.70669 -1.10486
