-2.5333 0.51669 0.30325
-1.71844 -0.32245 -1.73174
-2.28699 -0.95087 -1.7661
-2.27086 1.54118 -0.53607
-2.09292 -0.99876 -1.19778
-0.48396 -0.35251 0.02656
-0.67676 -1.19123 -0.20081
-0.53874 -1.45093 -0.65854
-0.19461 -1.01136 0.88545
-0.12938 -0.78854 0.62614
1.24495 -0.90222 1.29614
0.40728 -0.81686 -1.21961
-0.75633 -0.09929 -1.0659
-0.28245 -0.08363 -0.37953
0.79456 0.76805 -0.22817
0.84171 0.64333 -0.11896
1.85877 2.90314 0.24233
0.10396 1.37513 1.63317
-0.22509 0.57197 0.47204
-0.36866 -1.12023 0.34562
1.9705 0.72556 0.14143
1.46915 0.08896 -1.86092
1.39259 0.1325 0.71698
-0.31773 -0.43921 1.54921
-0.66373 0.01629 0.17008
-0.27564 -0.35964 0.35949
-1.0799 -0.3543 2.53101
-0.80063 0.25585 -0.78463
-0.08314 0.30811 -0.1954
-1.10841 1.0612 0.95664
-1.53521 -0.51845 0.40326
-3.17257 -0.66485 -1.72559
-2.15197 -1.76844 0.17784
-0.33594 -0.26736 -0.32465
-1.43866 -0.17735 -2.00323
-3.20611 -2.49001 -1.08091
-1.1758 0.04773 -1.30433
0.30636 -1.50252 -0.41988
1.19208 -0.63772 -0.06939
2.02693 -0.04241 1.12273
2.09667 -1.13642 0.03174
0.68709 0.01866 0.0474
0.18024 -0.10067 1.03195
-0.14943 1.72858 -0.70672
-0.45141 0.00837 0.53566
0.38805 0.165 0.13397
1.70797 -1.35391 0.60076
4.50518 -0.68529 -0.22612
2.42939 0.28431 -0.37384
0.75857 0.33673 0.19246
0.61591 0.52902 -0.50396
-1.40243 0.32062 -1.28757
-0.12175 -0.25841 -0.69926
-0.69731 -0.73088 0.28288
-2.68207 -0.35222 -1.07317
-1.97373 -0.42394 0.82281
-1.86717 -0.08972 -0.60282
-0.31176 -0.61411 1.09665
-0.4679 2.02788 -1.29405
-1.30704 -0.73583 2.08583
-1.66855 -1.45135 -0.04452
-1.49778 -1.1491 -0.61916
-1.49438 -0.29221 -0.17435
-0.74351 0.00538 -1.91009
-2.02381 -0.58397 -1.59434
-0.73571 0.47978 0.05793
0.26404 -0.4925 0.0418
0.21297 -0.9982 -0.54172
-1.22423 -0.46909 -0.34769
-1.348 -1.14961 -0.18586
-1.61285 -0.45071 -1.5544
-1.42786 1.68421 0.44216
-1.92588 2.27105 -1.60844
-1.46503 0.02967 0.07715
-0.90077 1.31267 -1.61571
0.5421 -1.39347 -0.85786
0.33011 0.14365 -1.51774
0.49504 0.31906 -0.43025
-1.3549 -0.8004 0.66829
-0.74484 -0.61535 -1.01443
-2.4945 -0.66176 -0.05658
-2.72263 -0.32221 1.10533
-2.35804 -0.96289 0.07909
-0.92119 0.78986 -0.46978
-1.16591 -0.35481 -1.69368
-2.10362 -1.58336 0.29789
-1.24665 -0.23336 -0.39362
-1.74645 -1.44228 -1.7184
0.26144 -0.48687 0.57968
1.17379 0.95154 -1.05141
-0.30777 -0.67701 -0.58585
0.7754 -0.04337 1.09921
0.58457 0.55418 0.53872
0.07637 -0.98979 -0.06898
0.0319 0.35239 0.5086
-1.20789 1.05759 0.30924
0.88487 0.08765 -0.59828
1.01128 0.23672 -0.0515
0.65174 0.50175 -0.0679
0.7301 0.90357 0.81663
0.50265 -0.82473 0.46667
0.02406 -0.77635 0.52832
0.57139 -1.32798 -1.03873
0.82334 0.85494 -2.77226
2.08971 0.48888 -0.3284
3.50919 2.94585 0.13424
3.65636 -0.52188 1.15929
3.44074 -0.01549 1.25634
3.07758 -0.02136 2.72842
2.15903 -0.47724 -0.43605
0.95923 1.45192 0.8245
1.90071 0.05709 1.74448
-0.07919 1.68445 -0.28247
0.15253 -0.08684 0.89438
1.68905 1.92437 -1.12854
2.07704 0.25799 0.74089
0.39195 2.49092 1.14172
-0.26298 2.69296 -0.31699
-0.7624 0.04618 -1.93673
-1.21986 -0.53924 0.69567
1.25977 0.85439 0.64499
1.94344 -0.7584 0.48542
1.73922 -1.16669 0.91645
3.05413 -0.56469 -2.27063
3.44592 0.95532 0.69892
2.32695 0.86774 2.44645
0.39552 0.09729 0.31097
0.42489 0.5247 1.37497
0.29955 0.5404 -1.31285
0.08805 -0.14322 0.78443
-1.05888 0.40261 -0.76504
-2.05783 1.34489 -1.22605
-1.44691 0.86142 0.09599
-0.04975 2.14598 -0.22697
-0.23815 -0.40392 1.0722
0.24206 -0.36013 -0.55323
0.94515 -1.10825 0.35656
0.39067 -0.16964 -1.32978
-0.30205 0.02816 1.51017
-0.44134 -0.65776 0.72575
-0.88827 -1.84605 0.37587
-0.55848 1.08314 -1.31212
0.58528 -0.4122 0.14152
1.96863 1.30661 0.49717
1.48716 -0.02076 0.43841
2.10888 1.35611 1.26356
2.09435 0.02283 1.55668
2.78706 -0.01367 0.14027
2.93352 -1.67323 1.00422
2.12882 1.34202 1.46173
