2.15905 0.62109 1.23886
3.09287 -1.28683 1.68843
-0.86204 -0.7567 0.21525
-0.40149 -0.53133 -1.08616
0.50082 -0.21236 -1.3159
2.83153 -0.05843 -1.59456
2.13121 0.09038 -1.67379
0.00563 0.3604 -0.2843
-0.1756 0.09256 0.71852
-1.868 0.56008 -1.13904
0.64628 2.38211 0.18577
1.38875 -0.95736 -1.79584
0.2931 -0.194 -1.14432
0.75921 -1.04647 -0.65627
1.55208 0.02844 0.445
2.45411 -1.52734 0.74825
2.47566 -1.82594 -0.09124
0.3256 -0.17458 0.18192
-1.48947 -1.80516 1.65453
0.47401 1.84215 -0.01418
0.93796 -1.24226 -0.78883
-0.38351 -0.73815 0.08344
-1.11562 -1.38863 -0.08016
-1.35538 -0.09107 0.83075
-0.28849 -2.01712 0.72701
0.63404 0.42664 1.02975
-1.26544 -0.06255 0.60902
-2.26786 0.59105 0.75145
-0.9627 0.69943 0.98885
0.27649 0.19407 0.70236
0.56449 -0.06571 -0.97196
0.90061 -1.06758 -0.39609
0.65925 -0.30058 -1.88441
-0.06513 -0.53078 -1.22134
0.02804 -1.33593 -2.63498
-1.16357 -1.49943 -1.46521
-2.37246 0.20593 -0.12969
-0.81167 1.54812 -0.94472
1.55026 -0.35166 -3.03201
-0.16852 -0.12955 0.45538
-1.49536 -1.99353 -0.34284
-0.7106 0.05434 -0.54194
0.25166 -0.39863 -1.66001
0.58995 -0.12498 -2.87205
-1.6666 0.84842 -2.58781
0.26621 -2.18374 -1.83483
-1.85278 -0.90808 -1.5574
-1.60487 0.04712 -1.08316
-0.8678 -0.8689 0.07684
-1.08274 -0.62736 -2.08501
-2.56012 -1.77729 -0.62683
-1.43458 -2.19437 -0.57931
0.1202 -1.00265 0.27119
-0.85176 -0.49553 -0.78081
-2.80802 0.11385 -1.17764
-1.19233 -0.37142 -0.72987
-1.37377 -1.40965 0.56193
0.26064 -1.33496 1.57791
-0.59272 -0.67534 0.92787
-0.88522 -1.00149 0.86921
-1.25927 -0.84294 1.22887
-1.48022 1.73644 1.0437
-2.57439 1.36623 1.10296
-2.10314 0.92435 1.00343
-2.86847 0.34397 2.22293
-2.54907 -1.34048 2.4671
-1.84849 -1.15997 2.57188
-0.2701 0.44794 1.55442
-0.60979 2.04235 1.50291
0.7272 1.26447 0.01674
1.12453 0.84651 0.49987
0.49797 -0.05513 1.60932
0.03094 -0.40997 -0.19099
0.49883 0.50593 0.52096
1.70133 0.26405 -0.70045
-0.05456 0.618 -1.21662
0.73773 -0.0915 0.0882
1.6005 0.46082 -0.83933
1.50721 0.24341 -0.23748
1.80454 -1.5808 0.38802
0.88131 -0.32994 -2.50154
2.60269 0.02874 -2.65771
4.33621 1.26797 0.21715
-0.41857 1.85739 0.77302
-1.58882 0.30398 1.18672
-1.50599 -0.06932 1.84337
-2.3868 0.80696 0.86917
-1.02311 2.33426 2.39713
0.20619 2.44419 1.84595
-0.52317 2.29185 1.16832
-0.51627 1.23857 0.79769
0.06672 -0.52456 0.2815
-0.89727 1.31159 -0.37436
-0.43585 -0.7616 2.20636
1.46578 0.36553 2.88504
0.8022 0.38663 2.83288
-0.34852 1.15391 1.79529
-1.02733 1.47177 0.54249
-1.13256 1.21571 1.94666
-0.87421 2.6725 1.41103
-1.65613 -0.10204 -0.12887
-0.79715 -1.50713 -1.99545
0.28379 0.44463 -0.47184
-0.74773 -0.49249 1.34837
-1.22449 1.1754 -0.16317
-1.65041 0.10077 -0.61635
-4.89696 0.54152 -0.2532
-2.0782 1.91627 0.61061
0.39162 -0.57231 0.47457
0.19395 1.13309 1.73537
1.65967 -0.03193 0.16047
-0.0111 -0.30728 -0.46138
0.99633 -0.05996 1.08519
-0.72583 0.73255 0.54735
1.40092 0.43369 -1.34852
-0.41412 1.58548 -0.53521
-1.10767 -0.74033 -1.0985
0.72098 0.42209 -0.92613
0.18025 0.37644 0.57465
0.43997 -1.27577 -0.57256
0.9586 -0.82294 -0.84271
0.16427 -0.9046 0.96959
-0.33054 -0.01265 2.15507
-2.0367 -1.05932 1.32547
-1.11597 1.07489 0.75152
0.68231 2.08624 0.28949
0.1281 3.33701 1.80987
1.17034 0.71269 2.05064
0.44025 1.70212 0.09629
1.76374 0.80969 0.36508
-1.46017 1.1845 1.58531
-0.79057 2.48746 0.52547
-0.97426 1.40653 1.42716
0.02954 -0.13111 1.50422
0.56509 1.02464 0.84537
-0.66812 0.06894 1.33631
1.04051 -1.03841 2.22431
-0.01989 0.17377 0.31165
-0.99457 0.02511 -0.32499
-0.64532 0.88091 -0.30729
-1.79936 -0.52437 -0.54213
-0.08809 0.57008 -1.20817
1.37551 -0.89412 -1.40704
0.14347 -1.35883 0.52206
-1.15699 -1.37479 -1.67027
-1.45277 -1.73259 -0.85969
0.03271 -0.15482 -2.44233
0.10896 -0.08658 -3.33918
-0.20298 -0.12256 -1.88868
0.32814 -1.35414 -2.06476
