-1.31163 -0.85843 -7.41241
0.31694 -1.35575 -5.94254
1.34917 -1.61587 -6.08022
1.82067 -1.91314 -5.88086
0.79712 -1.86555 -7.20014
2.35966 -2.36592 -5.97733
-0.28901 -2.90429 -7.87357
0.6544 -2.47246 -7.71083
0.60576 -1.32475 -7.20413
0.43243 -1.81671 -6.98208
0.17268 -2.31943 -6.71565
0.31707 -1.44276 -7.13397
0.89792 -1.83529 -6.76323
1.26065 -2.6727 -7.34291
1.4859 -1.48473 -6.69668
1.71477 -0.5548 -7.90977
1.61193 -5.01922 -7.6644
0.42696 -2.18874 -7.22199
0.81385 -3.80881 -4.31116
-1.9047 -0.83844 -4.88767
-1.94604 -0.34054 -6.21172
0.16375 0.92243 -6.93024
1.20808 -0.33633 -4.89762
0.94333 -2.09499 -5.16863
0.82815 -2.24461 -5.4618
1.60979 -3.22501 -5.40319
1.66241 -1.22771 -5.26914
1.66763 -1.25291 -5.35003
-1.33763 -1.35198 -4.16896
0.74662 -1.94051 -4.50625
1.18218 -1.9515 -4.22484
0.18296 -1.44698 -4.75409
0.4388 -0.65753 -4.31453
0.93913 -0.00673 -4.28257
1.85724 -0.12855 -3.12437
3.13832 0.12048 -2.43828
3.34746 -1.15285 -2.28389
2.16512 -0.27994 -2.98444
1.57434 1.10823 -2.88232
1.26535 -1.19585 -2.56513
2.60146 1.5472 -2.37841
0.27243 -1.36425 -1.11131
1.23932 -0.56744 -0.3225
-0.02548 -0.14942 0.57757
-0.12965 -1.33767 1.099
0.7757 0.12548 1.9956
-0.60316 -0.00062 2.47356
-0.30699 1.65435 3.10761
-1.34054 -0.0627 2.79931
0.26661 0.05935 1.63546
-0.83555 2.18149 0.35117
-0.682 1.40099 2.91907
-0.73233 0.13385 3.72038
0.84311 0.9352 3.98527
1.88752 1.23124 4.1415
0.30806 2.36688 2.95183
-0.84789 0.54754 2.02678
-0.182 2.75332 1.60737
0.05861 2.3177 3.86677
0.44409 1.37667 4.66936
-0.18484 0.78884 4.08705
-0.01186 0.75661 4.5155
0.93887 0.61236 6.15242
0.33609 -0.27226 3.67052
-0.70644 0.43274 1.89635
-0.21901 3.0938 1.66216
0.08975 2.615 3.91343
0.47824 2.46867 3.07996
1.24667 0.41449 2.83471
1.23176 2.43019 -0.74112
-0.603 2.59116 -0.59342
1.07676 1.2565 0.06602
-0.1594 0.96346 -0.70143
-1.47603 0.49901 -2.16644
-0.74023 1.41971 -3.17111
-1.43889 -1.24909 -1.90159
-1.56963 0.75199 -1.05884
-3.35953 -0.67466 -0.47276
-0.82306 -0.95446 -0.97194
-0.15223 -1.83265 1.24092
-0.66502 0.50947 0.59245
-1.08588 0.18055 -0.14062
0.02682 -0.2634 -0.56263
-0.23944 -0.66373 -0.05044
0.16526 -0.8317 1.27865
-0.74155 -1.49652 0.44696
0.54045 -1.84751 0.0525
-0.30131 1.83771 -1.03342
1.45105 1.65744 -0.63686
1.44398 1.54241 0.4749
-0.25821 0.29185 -0.22333
0.38152 0.32898 -1.16526
-0.32766 1.40621 1.4109
0.02534 1.26894 1.45169
-0.09416 0.81631 0.06887
-0.48827 -0.14639 0.90487
-0.46155 0.57063 -0.45116
-0.93875 0.48107 0.97374
-1.20325 0.31855 1.06523
-0.31557 0.04907 1.55718
-0.59238 1.0037 1.40595
0.6005 -0.7649 1.90486
-0.00843 -1.00049 1.02639
0.88485 0.71239 0.56641
-0.39864 1.91475 0.16965
-1.16866 0.36676 2.74599
0.326 -1.52605 1.67095
-0.06352 0.56089 1.84245
1.11528 1.53664 0.52741
0.92215 -0.03324 0.34138
-0.12459 1.28491 1.72065
1.44067 2.58085 1.1701
1.36765 1.85751 0.37169
0.33318 2.19588 2.15008
1.04565 -0.23518 2.43631
0.28799 0.54209 1.1829
-1.7733 2.25231 0.51118
-3.03049 1.8753 -0.69288
-0.41844 -0.19899 0.47626
0.50625 1.45968 -0.77826
-1.09761 1.48779 -2.68797
-0.652 -0.2101 -2.78457
0.42386 -0.7545 -3.45432
0.44489 -2.50241 -2.31132
0.61578 -1.27844 -2.38802
0.7566 -1.55959 -4.72059
-0.82291 -0.38126 -3.8451
0.7258 0.64087 -1.41484
1.83447 -0.5923 -0.36667
1.43837 -1.38043 -1.4252
0.79849 1.39833 0.54086
0.0716 1.12697 0.64611
0.65714 0.56597 1.13088
1.66429 1.2444 0.88167
1.69883 0.57802 1.82987
0.32291 1.05544 2.95614
0.74671 0.62894 2.23091
0.76872 0.54185 2.74862
0.0307 1.97116 2.38406
-0.74524 1.68891 2.50099
-2.49398 2.85887 4.21271
-1.29699 1.74073 4.04618
0.47632 2.13814 4.59955
1.28398 0.99622 5.4197
2.13777 1.27997 5.1116
2.15128 -1.84771 5.64893
2.27878 1.79212 3.77742
1.9265 2.01054 4.29043
2.66993 2.40092 3.71527
1.14638 1.41348 3.07747
