2.10849 -0.79264 1.69664
3.82192 -1.42089 0.2906
3.24449 -1.71094 1.06317
3.75893 -2.16779 1.50573
3.76176 -2.01879 1.09299
3.26916 -0.70329 0.9809
3.40311 -0.06626 2.41317
1.9233 -0.88175 2.07678
1.58522 -1.79643 1.57788
1.06786 -2.00078 0.41182
1.04082 -1.98985 1.33371
2.09062 -2.4247 3.22509
1.32312 -0.64554 1.13707
2.37555 -0.81092 0.2913
2.76207 -2.24401 1.1421
2.35282 -0.26372 0.37931
1.67252 -1.42911 -0.95546
2.3959 -1.08436 -1.97682
3.35935 -2.16133 0.40937
3.23217 -2.10876 0.80966
2.31834 -3.73396 2.74762
3.2865 -3.1264 2.1489
0.92032 -3.94448 2.11724
1.27712 -3.26927 1.58094
1.82614 -3.50356 0.61022
-0.85436 -2.15422 1.32163
-1.19596 -3.25162 2.23454
-0.70405 -1.72446 1.55386
0.04251 -2.6981 0.93361
-0.02129 -0.21207 0.51399
-1.28959 -0.1977 1.55155
-0.71948 -2.11143 -0.3086
-0.34533 -3.06142 -2.14528
0.01698 -3.36889 -1.09903
-0.79918 -4.45719 -0.77197
-0.94446 -3.23112 0.56468
-2.392 -4.33585 -0.99981
-2.55239 -4.27183 -0.05174
-2.86334 -3.70576 -0.95519
-4.69849 -1.58473 -1.58864
-5.58936 -0.76189 -0.43817
-3.92021 0.74319 -1.01313
-4.82091 1.47373 -0.4425
-4.64521 0.53479 -1.50847
-3.45419 -0.77668 -2.54862
-3.58754 -0.45903 -2.21658
-3.64091 0.36952 -2.43397
-3.00714 1.27977 -1.02302
-2.56693 1.29874 -2.08542
-2.54709 1.06459 -1.0331
-3.00147 -0.84245 0.85688
-4.10948 -0.65383 -0.30526
-3.55938 -0.62031 -0.11414
-3.00426 -2.05383 0.61201
-3.73655 -1.92265 0.56196
-3.10216 -2.15869 -0.44567
-4.5538 -2.48076 -1.95909
-5.0493 -1.93337 -2.59175
-6.93103 -1.04852 -2.70583
-7.716 -2.98075 -3.29344
-8.12196 -3.73752 -1.64907
-8.44613 -3.59568 -0.91086
-10.22967 -3.74712 -3.63436
-10.12383 -1.50802 -2.0801
-10.93651 -1.60701 -4.20157
-11.32593 -2.28485 -3.26675
-10.46658 -5.13475 -2.40811
-10.79387 -3.83816 -2.39066
-12.40338 -1.9686 -2.89184
-12.50466 -1.97016 -5.58767
-11.96469 -1.14909 -3.88708
-11.34639 -0.34461 -3.94521
-10.52749 0.54445 -5.70477
-9.84953 2.09565 -4.57885
-10.7131 1.33209 -3.31772
-10.81835 1.49907 -3.59421
-9.37101 1.93737 -3.36026
-8.34751 2.03839 -2.35747
-7.67913 1.14906 -4.17398
-5.78247 0.64407 -2.97732
-4.59407 0.99646 -3.44307
-5.03208 1.29625 -3.17511
-4.59419 1.93467 -2.90559
-3.81378 1.37047 -1.4925
-2.90253 0.5341 -0.92294
-2.20116 2.3431 -0.07411
-2.94325 2.72593 -2.90492
-2.84741 3.37834 -2.37415
-1.14719 3.33067 -0.32711
-1.03129 0.85961 0.27283
-1.24147 0.96647 -0.4886
-1.45001 0.55475 -0.36233
-2.95936 -0.77284 1.13328
-1.28548 -1.12747 -0.11492
-0.42953 -1.14566 0.0054
0.09262 -1.65758 1.42503
-1.29249 -1.09099 0.08765
-2.50361 -3.00088 0.40574
-2.496 -2.24372 0.33085
-3.31483 -0.60019 0.36893
-3.48823 -1.89313 -0.69351
-3.9949 -1.43168 -0.58943
-3.76292 -0.68869 -0.1242
-5.22426 0.78257 -0.03033
-4.01808 0.15107 -0.69291
-3.68408 0.06197 -2.60762
-1.63447 1.11545 -1.41782
-2.22522 0.11111 -1.95485
-0.52942 0.40571 -1.386
-2.35195 0.27737 -0.91559
-4.45078 -0.50153 -1.49578
-4.20627 -2.14967 -0.82502
-4.43013 -0.0811 -1.05464
-4.59273 1.4487 -1.07929
-2.92778 0.7205 -0.88933
-2.98922 -0.67362 -2.42334
-0.50369 -0.00412 -2.37997
-2.17648 0.28193 -2.5223
-2.57495 -0.45271 -1.25455
-2.41803 -2.64944 -0.89326
-2.1271 -2.38285 -0.41492
-2.64255 -3.80554 -1.64915
-1.47758 -3.11903 -1.12635
-3.54085 -4.16003 -0.91639
-2.73738 -2.66935 -1.32487
-4.68645 -0.92601 0.51009
-5.39851 0.74024 1.42114
-5.28894 -0.16499 0.54449
-5.10599 -0.24023 1.06374
-3.46259 -0.52024 -1.86334
-4.80728 0.00973 -2.42656
-3.25071 0.67083 -0.7734
-2.49654 0.49479 -2.64084
-1.86577 0.55863 -1.21812
-1.5533 2.31869 -1.58977
-2.81222 -0.02761 -1.08152
-2.60529 -1.62172 -1.27359
-4.13652 -0.44836 -2.53012
-3.72676 -0.84359 1.76526
-6.59347 0.6888 -0.02306
-6.48527 0.77653 -1.00188
-5.04402 2.7118 -0.46612
-4.50185 2.76667 -0.63971
-2.79793 3.32478 -1.21799
-2.58309 3.11658 -0.98923
-1.4695 3.42031 -0.86746
-0.78305 3.93288 0.51271
1.39493 4.06727 0.02318
0.58892 3.25928 -0.22431
1.48768 3.4054 0.11995
