0.45327 1.24503 -0.05577
0.81481 2.17862 0.52618
0.00586 1.23614 0.85796
0.18645 0.22024 -0.25295
0.7809 -1.02009 -1.01954
-0.11702 -1.57651 0.34914
-1.22626 -1.00352 0.95533
0.50092 0.34892 1.34257
1.4684 0.96442 2.62885
1.22745 0.34922 0.79587
0.06641 1.53607 0.05254
-1.16219 0.09439 -0.24483
-0.05102 -1.25737 1.38202
0.17018 -1.82646 -0.50331
-1.28266 -2.9071 0.72555
-1.7047 -0.68501 0.79403
0.96994 -0.91983 -0.57377
-1.19921 1.39563 0.73692
-1.2463 -0.73089 0.50176
0.52579 -0.22406 -0.00984
1.49787 -1.00095 1.03859
1.0041 0.45229 0.38287
0.72367 -0.72375 -0.00608
0.21298 0.49589 -1.89627
-1.31356 1.72304 -0.28075
0.13565 -0.63149 -1.35654
0.27792 -0.52232 -0.1522
-0.36151 1.09639 1.58402
1.32042 2.14631 -0.1195
0.61957 1.58278 -1.50629
-1.65799 0.80524 -0.52245
0.04175 0.51418 -0.36704
-0.32599 0.68327 1.02622
-0.51102 0.83931 1.68067
-0.62225 -0.31533 1.02729
0.47104 -0.17859 1.99586
3.01874 -1.63935 -0.05995
0.718 -0.05307 0.94396
1.21966 0.99689 2.14887
0.63499 2.09418 0.55512
-0.86674 1.36426 0.62312
1.14611 -0.18183 0.24451
-0.06142 0.01755 -0.03881
2.52619 1.83981 -1.31004
-0.37935 2.15714 -0.54452
0.08929 0.91282 0.78919
-1.11797 1.41345 0.91725
1.41333 1.98201 0.85951
0.87142 2.31821 0.01024
0.09567 1.82588 -0.58002
-0.72853 0.61387 -0.39564
0.6032 1.54064 0.31562
-2.08651 2.44751 -0.64774
-2.50908 1.78703 -0.30958
0.77206 -0.32882 0.08087
1.54544 0.7368 -0.02217
-0.15367 -0.63712 -0.5803
0.44345 0.79593 0.297
1.13018 0.57089 -1.13404
-1.40013 0.87193 0.57365
0.6144 0.11444 0.54171
-0.13518 -0.26776 0.51402
-2.06776 -0.65925 -1.23054
-1.58259 -0.39065 -1.76897
-0.25684 0.45056 -2.3519
-0.99852 0.51872 -2.45335
-1.09744 0.13185 -0.6097
-0.3038 1.35662 1.04782
-1.82153 1.61462 2.06708
0.96854 1.56084 1.97885
1.88224 0.88889 0.16662
1.28358 0.78388 -0.50792
0.83806 2.85643 -0.82064
-0.58564 1.08954 0.99103
0.38846 -0.08262 -0.95575
0.83001 -1.15103 0.2191
1.40248 1.53966 -0.44154
0.24852 1.67575 1.34321
0.28426 0.46911 1.7255
2.44411 -0.27314 1.07829
0.29066 -0.99034 2.01591
-0.27682 -1.04493 -0.40632
-0.49734 -1.25467 -0.68849
0.35552 -0.95768 -0.97601
-0.19584 -1.95114 0.26423
0.09465 -0.86493 -0.18308
-2.99408 0.48859 -1.14027
-0.92426 -1.17948 -0.57185
1.37647 -0.10182 1.35576
0.5139 -0.71573 -0.3603
0.57559 -1.91357 -0.31355
0.13736 0.5981 -0.47731
-0.30035 1.40134 0.55532
0.69739 1.6095 -0.07124
-1.5419 1.30492 -0.21392
0.99455 -0.03141 0.64847
-0.08831 -0.98005 -0.02603
0.2335 -2.15972 0.02856
-0.39519 -0.81129 -0.70356
0.68578 0.52818 0.24997
0.44788 -0.74712 0.15364
-0.23223 -0.47713 -0.40923
-0.75875 -1.27108 -0.34896
-0.04921 -1.45744 0.52312
0.74991 -0.59351 -0.26284
0.06011 -0.08092 0.54029
-0.25327 0.83448 -0.30054
-0.0771 0.97978 -0.25859
-0.94312 -0.4541 -0.61213
0.58865 -1.15818 -0.93278
0.6014 -1.92108 -1.90769
-0.26725 -0.36403 -0.58706
-0.7313 -0.8336 -1.51905
1.25384 -1.85674 -1.20202
0.60856 -1.19602 -2.40181
-0.04659 0.82399 0.30391
-0.04152 1.47713 0.33363
-0.8648 0.94157 -0.15583
-0.93514 -0.98688 0.91822
-0.80308 -0.69083 0.0658
0.64865 -1.42896 -1.58858
0.80949 -1.2897 -0.1307
0.08269 -0.31318 0.33291
0.78572 0.09869 1.94628
0.22769 -1.93228 3.09563
-1.77223 -0.42296 0.07107
0.29577 1.85856 0.33384
-0.76076 1.67213 -0.76483
-0.67767 0.3348 -0.28217
0.16076 0.03533 -0.88982
0.45724 1.4384 -0.06558
-1.4717 3.17733 -0.03441
-1.07481 2.84413 -1.33611
-1.31288 1.15232 0.28429
2.26667 -0.77345 -0.33487
2.18436 1.8387 0.31995
1.53453 2.45766 -0.35693
-0.18107 1.32661 0.19717
-1.15686 0.9582 -0.61124
1.09526 -1.54682 0.22386
0.2114 0.22205 1.28437
-2.52569 -0.42731 1.18289
1.01323 -0.60694 1.53132
1.73749 -1.6137 1.34544
1.29777 -1.8915 0.87637
2.18427 1.07476 0.75811
-0.42945 0.07955 -0.69661
1.04965 -0.12031 -1.15274
-0.02788 1.61686 -0.75712
0.72508 1.38562 -1.3632
