0.2155 0.32237 1.50308
-0.80003 -0.62194 1.24218
0.17767 -0.83541 1.42343
0.41775 1.31106 0.9998
0.13241 0.80256 1.48555
-0.52857 1.76069 2.68183
1.18868 -1.2856 2.06013
-0.38401 -1.65876 3.25025
-0.48326 -0.5879 2.53194
-0.24428 -1.03526 0.71389
0.17445 -2.24233 1.98113
-1.39962 -0.63178 1.93213
0.78079 0.31069 2.25113
-1.27387 1.06715 2.84828
1.15814 0.28215 1.86876
0.05336 -0.32853 1.34444
-0.51374 -1.83275 -0.31234
0.42326 -1.41422 -1.14945
-1.19349 -0.92284 -1.46404
-0.75743 -0.8333 -3.76153
-2.27561 -1.68689 -3.35673
-0.29658 -1.9807 -2.09123
-0.93695 -1.85869 -3.02776
-0.12829 -3.04919 -1.94111
-1.24926 -2.97196 -0.41337
-0.70146 -2.05509 -0.64265
0.21978 -2.54311 -0.15453
-1.75202 -0.92933 0.39287
0.8852 -0.15619 0.2745
-1.29075 0.09988 -1.32652
-0.67153 -0.28211 -1.78983
-0.94293 -0.53179 -4.16379
0.53936 -0.68358 -0.88029
0.23518 -1.55877 0.96825
0.44617 -1.96772 -0.72411
-0.66571 -1.62575 -0.62075
-0.70278 -3.11138 1.196
-1.5919 -1.96275 0.1909
-3.4457 0.16378 -0.49802
-0.06943 -0.86085 -1.26848
-0.39676 -0.51107 -0.42057
-1.09032 0.10588 0.30446
-0.3728 0.01675 1.56348
0.00478 -0.32378 2.74432
-0.3631 -0.4971 2.09153
-1.07288 0.5678 2.93972
0.79278 -0.46376 4.23153
2.14252 0.79391 3.79038
0.66345 0.92524 2.72221
0.76878 0.21585 4.05782
1.65976 0.6617 4.41569
1.14995 3.17671 3.96448
-0.24952 3.82145 3.2271
-0.51354 3.82833 2.67597
-0.43893 1.54577 4.13237
0.3706 1.59552 2.84254
0.79001 0.98406 3.27884
0.67001 0.89501 0.83977
0.86354 1.09107 -0.11607
0.565 -1.13435 -0.04668
0.98751 -1.96865 -0.57942
-1.14128 -1.6513 0.09719
0.0374 -0.2318 0.23438
2.78988 -0.68758 -0.54146
0.62168 -0.73627 0.00584
1.27552 -0.90661 -0.26903
0.23798 -0.50116 -1.2983
1.51509 -1.59143 -1.58806
-0.07996 -1.4192 -1.73713
-1.54601 -0.62166 -1.33018
-1.74914 -0.14669 -1.5365
-1.28722 -0.09697 0.01967
-1.53676 1.32129 0.47124
0.39731 0.33961 -0.50615
1.56188 0.11518 -0.28549
0.68868 0.81857 -0.88062
1.25706 0.53919 -2.99518
-0.65764 -2.0568 -1.14215
0.49316 -1.35615 -0.33784
-1.30552 -2.15957 0.70786
-0.88936 0.52846 0.42573
2.01891 -0.83346 -2.2535
0.87825 -0.42971 -0.16584
1.9865 -0.36103 -0.71502
1.81379 -1.31727 -0.652
0.6916 -1.23645 1.38274
-0.04293 0.03241 -0.83017
-0.58514 -0.27679 -0.97569
-0.16614 -1.0375 -0.62319
-1.03784 -0.84454 -0.08578
-0.28068 0.83441 0.00674
-1.49768 0.15594 0.5555
0.88462 0.51969 0.35521
0.42234 1.02329 -1.61168
-0.80387 0.26852 -1.99658
0.80059 0.43895 -2.23093
1.39692 0.10517 -0.52409
1.64074 2.75978 -0.17862
-0.03984 0.72912 0.48828
0.48223 -0.5057 0.12591
-1.08642 -0.32219 -0.17869
-1.4346 0.35325 0.4409
-0.42499 1.12351 -0.78292
1.21993 1.20118 -0.70183
-0.3112 2.34273 -0.45408
1.55124 0.87104 -1.09705
-0.63504 0.58417 -1.01283
-0.14905 0.09101 -0.73478
-0.5978 0.05542 -0.66478
-1.24626 0.89907 0.0979
-0.00685 0.43735 0.33196
-0.21941 1.6715 0.1237
1.28479 -0.46747 1.47933
-1.20564 -0.63775 0.46432
-1.3438 0.32877 0.68065
1.51564 -0.59046 1.70279
-1.90675 0.29709 2.3068
-0.87634 -0.14898 1.91621
0.00635 -1.13709 1.62896
-0.16847 -1.44456 2.72006
-2.51692 -1.46903 2.59356
-1.34678 -1.30487 0.10483
0.05993 -0.57796 0.91739
1.31439 0.03803 0.88895
1.92029 0.96377 1.13232
-0.41366 -0.67466 0.42284
-0.89845 -0.80091 1.99748
0.21683 -0.40959 2.01342
0.46477 -0.25761 2.55345
0.7819 -0.18509 1.85251
0.54873 -0.15678 2.04119
0.25178 -1.82795 0.32906
-0.49987 -1.77577 2.20008
-0.60359 -0.68473 0.17843
0.17794 -0.77671 1.01174
-1.14001 -3.23622 1.94119
-2.20422 -4.37448 1.48636
-2.0111 -4.17141 1.2312
-1.35583 -3.17074 2.03497
-1.13618 -2.11792 1.38169
0.67953 -3.28753 0.31671
-0.55609 -3.3788 -1.41651
-1.16739 -2.62965 -3.63918
-2.72095 -2.09791 -1.45477
0.37312 -4.3307 -1.06376
-0.30113 -2.09208 1.33168
-0.3558 -2.78199 -0.136
0.32867 -2.2698 -0.15332
0.46635 -1.99528 0.49304
-1.35941 -1.77973 0.4641
