-0.63055 -2.57782 1.19274
-1.23515 0.50903 1.28163
0.71532 1.44172 0.07593
0.26865 -1.04628 0.45085
-1.35029 -1.31978 0.66161
-1.18137 1.06997 -0.17284
1.4986 0.64427 -1.35958
-0.29561 0.54167 -3.61609
-1.0777 -0.56906 -2.67423
-1.16227 2.09858 -2.37137
0.10444 0.97175 -1.52371
-0.36611 -0.57695 -2.69469
-1.54877 -1.02753 -2.43799
-1.58057 -0.34217 -1.4877
-1.36057 -1.6184 -1.46591
-0.54986 1.81098 -1.42207
-0.89475 -0.71555 1.2375
-0.00321 1.02159 0.88977
0.19916 0.22449 0.98464
-0.58331 1.48629 1.1224
0.78491 -0.05694 -0.30421
0.0949 0.00877 -1.58376
0.70657 1.11023 -0.7176
0.99012 0.05058 -0.71476
-1.18748 -1.15299 -2.99136
0.22362 -1.36485 -1.83247
0.37597 0.78075 -3.42012
-2.33394 -0.84686 -0.41826
-0.12698 0.65467 -0.13414
0.41764 0.02243 -1.50486
-2.18143 0.34403 -1.04389
-1.36916 -1.49842 -0.55679
-0.40507 -0.45792 -1.882
-1.10752 0.98889 -0.698
-1.67691 -0.36619 -0.71746
-1.17779 0.5866 -1.63006
-0.78981 -1.34317 -2.14565
-1.41191 0.33311 -1.26525
-0.84897 -2.9755 -1.206
-1.09962 -0.43608 -0.75617
-0.89368 -0.77556 0.65258
-1.48201 -1.04194 -0.75347
0.39527 0.87848 -0.48061
0.37221 1.15031 -2.37436
0.27144 1.21167 -2.0964
0.72688 -1.30717 -2.14568
1.57117 0.33724 -0.84817
1.2794 -2.66221 0.05059
-0.2429 -0.3001 0.98118
1.60903 0.2368 3.10765
2.59989 -0.65651 2.12106
1.7728 1.10539 2.83241
1.50608 -0.57777 0.59674
0.0715 -0.18434 2.10489
-1.41402 -0.51897 3.89062
-0.17616 -1.31889 4.66352
0.6658 -0.23492 5.0189
-0.08758 0.29024 2.7288
1.02677 -0.40078 1.57831
1.01188 0.16829 2.34559
0.50347 -0.64766 2.84563
1.55301 0.95032 2.68
1.78106 -0.94724 1.98965
1.2238 2.49056 0.94008
1.7586 0.50593 1.6685
1.16372 -0.66935 1.18529
1.03665 -1.5096 2.03942
0.40321 -0.44605 2.17435
-1.0297 -0.91766 1.69804
0.97637 -1.7291 1.96298
1.20203 0.91561 -0.17054
0.95597 0.38097 -1.02018
1.42642 -0.40268 -0.96104
0.10711 -0.99199 0.23544
0.3034 -1.91135 0.97922
1.74028 0.00128 1.3197
0.63615 0.70145 0.20257
1.57403 1.26465 -0.04127
2.68503 0.77552 0.23231
1.04441 1.23544 1.87298
2.43679 1.10912 1.24808
1.49196 1.79309 -0.38758
-0.77756 -0.07908 -0.04564
-1.06323 1.82558 0.57382
-0.08577 2.21091 0.36716
0.15138 -0.94089 1.3702
-0.28221 -0.82089 0.44888
0.9794 2.24567 1.19877
1.21105 -1.73728 1.97235
-0.4397 -0.483 1.11257
0.19575 -0.03012 1.06822
-1.73706 0.70691 1.17175
0.11137 1.76276 -1.12856
0.15325 -1.91422 -0.02266
0.46969 -1.15678 -0.11483
-0.92589 -1.22048 0.54284
-0.56559 -1.95484 0.48763
-0.8436 -0.93252 -0.21254
0.44051 -0.22584 -1.44322
-0.8279 -0.74323 -1.18768
-0.29064 1.13569 -0.23263
0.56988 -1.7361 1.62277
-0.42853 -0.54955 2.1565
2.35002 -0.93694 -0.16598
0.83656 0.56129 0.43016
2.00456 -0.61251 1.3981
0.39852 0.25356 1.27834
0.26674 0.74542 1.25937
0.99899 -1.43869 0.16595
-1.26241 0.85538 0.04494
0.51402 0.7556 -0.13468
2.27504 2.16351 0.65959
1.03571 -0.46006 1.5406
1.95906 -0.68867 3.06816
2.12881 -1.25144 1.97024
1.17886 0.65231 1.83186
1.40341 -1.7778 3.16182
-0.19633 -0.77335 1.48902
0.0872 -1.21253 1.16969
0.4569 1.36037 1.78317
0.86476 -0.29815 1.54364
0.57463 1.30858 -0.04184
-0.83068 0.12731 -0.36866
-2.11145 -1.07394 -0.79138
-2.6595 -0.93841 -0.77733
-2.90582 -1.11285 -1.32411
-2.93009 -0.52704 -1.16017
-2.19993 -1.21932 -2.31807
-2.00597 -0.02424 -2.4704
-0.98674 1.99991 -1.01944
-0.49357 0.03216 -0.70885
1.30169 -0.04837 -0.59991
-0.53665 0.21429 -1.81614
-1.39581 -0.21184 -0.17963
-0.30346 -0.7335 -0.45577
-0.96652 -1.29633 -1.31712
-1.34267 -0.7217 -1.60159
-2.50044 -0.57104 -2.91993
-1.82332 -0.23682 -2.62525
-1.0002 -0.72706 -3.37688
-1.72815 1.13628 -5.64866
-1.91408 -0.13614 -3.97515
-2.08445 -0.15105 -3.89244
-2.8809 -1.06749 -3.17785
-1.55982 -0.6563 -3.88475
-3.53686 -0.76707 -4.19421
-1.63067 1.39436 -1.94922
0.61811 0.32987 -2.76595
0.92184 -0.07188 -3.84604
-1.58918 0.19608 -1.79202
