1.64226 -1.61932 0.75729
2.21681 0.78597 0.04845
1.11978 0.51107 -0.10414
-0.42187 0.88583 -0.70489
-0.63684 0.66855 0.12879
0.1521 0.73551 -0.57169
0.95259 1.91859 1.66475
0.93411 -0.3227 0.06971
-0.04477 0.49941 0.36183
-0.36572 0.33974 0.62538
0.01073 -1.2469 -0.30824
1.92428 -0.97924 -0.0093
-0.14353 -1.1112 -0.07352
0.81931 -0.87454 0.52373
1.61604 1.60473 -0.34387
0.52214 -0.80459 -2.39545
0.37308 -0.02364 -1.30772
1.37814 0.29225 -1.83747
0.07741 1.42905 -1.35592
0.60767 0.46146 -0.13172
-0.46618 -0.49527 0.43557
-0.66874 1.67989 0.01516
-3.05431 -0.10902 -0.14579
-2.10542 -1.32437 -0.19954
-0.191 -1.49802 -0.84412
0.40254 -0.37271 -0.75714
-0.24897 1.85949 -1.58084
0.04129 -0.31285 -1.20318
-1.4656 2.04387 -2.65948
-0.23166 1.6366 -3.61471
0.36125 -1.4348 -2.14629
-0.54556 -1.48979 -2.56923
-0.48902 -0.69554 -0.86011
-1.43098 -1.52199 0.21866
-1.71401 -2.35738 0.13399
0.22043 -3.18128 0.22108
-0.78678 -1.31044 -1.04552
-0.07359 -1.97685 -2.48921
1.0587 -0.16165 -1.75582
0.05257 -0.40102 -2.19947
-1.01946 0.18822 -3.28653
-1.73331 1.16667 -3.64816
1.07552 1.22354 -5.02873
-0.62486 -0.21616 -3.8073
-2.08557 0.39104 -4.57509
-1.42964 -0.96969 -4.09647
0.53279 -1.51081 -2.47392
-0.30032 0.50004 -2.01966
-1.56888 0.13536 -2.16817
-1.61813 -1.66701 -1.04472
-3.09695 -1.5007 0.80532
-0.64416 -1.34521 -0.54866
-1.87501 -0.53576 -0.35496
-1.46627 -0.83695 1.08934
-0.73376 -0.84716 1.97942
0.64661 -0.97016 0.89537
-1.03312 0.57333 0.33245
0.35809 -0.61304 2.21864
1.22921 -1.47794 -0.25901
-0.1113 -0.30665 -1.20766
0.00938 1.16875 0.1465
0.40987 1.90069 0.22092
-1.11176 1.4921 1.92301
1.99343 1.15363 3.14246
0.12906 -0.18385 2.57125
-0.58509 -0.70444 2.17569
-2.24931 0.01472 3.267
-0.2185 0.37124 2.46919
1.48985 0.14128 3.46069
-0.5087 1.32733 2.19191
-0.70225 1.45491 2.14746
-0.05162 1.7347 2.61858
1.63268 1.78316 3.12758
2.19262 3.41176 3.60303
0.81979 1.98619 5.80415
1.68519 4.35437 5.9114
1.74065 2.26493 5.21933
0.90584 1.27206 4.68053
1.49447 1.91464 4.09093
2.96947 1.94738 6.30498
4.27214 0.68849 6.15999
2.74004 1.40781 5.51327
1.37477 1.24648 4.79345
2.2961 1.52657 4.15275
3.23111 3.59978 3.7612
1.73702 4.16458 2.32645
1.66482 5.63771 1.63557
0.55519 4.40755 2.73654
0.19769 1.20139 4.71662
-0.48956 0.71845 4.91078
0.63994 1.87519 5.97514
0.72403 2.27429 4.64347
0.29861 0.63823 5.21701
3.04876 1.51409 1.68912
2.07535 2.83538 4.05672
2.65716 3.5908 3.69495
1.02326 3.01728 2.15736
2.6277 2.89019 1.48832
2.10645 0.63303 3.29914
1.36609 1.40012 3.94799
1.02758 0.71124 4.45814
1.53646 1.18407 4.44955
1.46784 0.94231 4.58168
2.64633 0.96534 3.94394
1.52047 1.82544 2.33159
2.11928 -0.7439 3.09972
0.68504 0.42524 2.50814
1.72488 2.59291 2.95303
1.778 2.43273 3.10306
0.95592 4.57494 1.09869
1.29985 3.4466 -0.18298
1.83506 2.31996 -2.52709
2.90411 1.28392 -2.08178
0.69622 3.20368 -0.58989
0.77091 2.3292 2.24742
0.65884 1.36225 2.63909
-1.87382 -0.74454 1.90413
-1.66981 0.42228 3.41625
-2.19246 1.29321 3.83486
0.49045 1.08438 -0.33724
1.45257 1.60108 -1.38107
0.28441 1.61106 -1.57159
-0.46186 1.21752 -3.18221
0.80025 1.34785 -1.21084
0.72851 -0.67975 0.46312
-0.37226 -1.02818 1.72878
-0.80934 -1.49334 2.53643
-1.3809 -1.1856 1.46248
-2.51683 0.19985 0.25129
-0.38115 -0.35058 1.48221
0.03954 0.57921 1.37332
1.28338 3.06712 0.72227
-0.16777 2.26658 0.02444
-0.47381 -0.56422 -1.4738
2.09519 1.39215 -1.41967
2.0827 1.28551 -1.52625
2.19156 0.98018 0.65261
-0.62656 2.26962 1.24429
-2.64331 1.68384 -1.35993
-0.83884 1.42225 -2.00302
-0.1439 -1.2263 -1.40777
0.1771 0.07316 -1.03252
1.00258 0.90633 -2.32094
0.92155 -0.79354 -2.19862
-1.85816 -1.91842 -1.07445
-1.89131 0.0113 -1.20121
0.0399 -2.55216 -1.94655
-1.11083 -1.39298 -1.41575
-1.36247 -0.48589 -1.48156
1.24 1.72379 0.92875
