-0.32276 -1.494 0.35366
-1.38257 -0.62512 -0.47078
-0.49124 -0.31756 0.48812
-0.64138 0.93275 -1.35905
-0.60923 0.11829 -1.48676
-0.78269 -0.13089 0.24734
0.46695 -0.07227 -0.94892
-0.92187 -0.34097 0.16997
-0.92451 -0.43352 -0.99633
-0.98699 -0.61356 -0.39441
0.17955 -1.56188 0.71145
-0.63611 -0.04565 2.01106
1.04254 0.13677 1.23263
0.33577 -0.39175 -1.27964
0.09546 0.80845 -1.0163
-0.17351 -0.75401 0.55415
0.87283 -0.43615 0.67227
-0.33062 -0.28742 -1.35391
-1.02562 1.60916 -1.64991
0.34941 1.02791 -0.88801
-2.84924 0.51327 0.59551
0.96533 -0.22133 -2.45384
0.2776 0.771 -1.36337
0.26731 -0.38323 -1.61849
-1.16352 -0.32496 -1.05467
-1.20225 0.95877 -0.47251
0.54704 -0.19727 -0.99716
-0.67955 -0.02618 -0.09238
1.32535 -2.30228 0.47281
1.75507 0.29531 0.44403
0.89695 -1.08448 2.35202
0.07721 -1.09989 -0.25824
-1.18222 -0.11545 0.98503
-0.68225 -0.50719 0.26243
0.98547 2.03965 0.81579
-0.78869 -1.34552 1.78886
0.35109 -0.67878 1.13199
1.38805 0.24935 -0.7045
-0.77576 -1.59113 1.10932
0.20854 -0.74206 1.81109
-0.39515 -0.94069 -0.64265
-1.00675 0.51154 0.75206
0.12672 0.57141 0.21819
0.80482 -0.77536 0.22761
0.62408 -1.05481 1.23245
-0.64258 -1.00841 -0.17699
0.24033 0.25602 -1.63887
-0.94015 -1.09808 0.03772
-2.67369 -0.5765 0.90899
-0.68533 0.70196 -0.67751
-1.18802 -1.11155 0.39852
-0.19364 0.87063 -1.65012
1.04681 0.19026 0.30477
0.69738 -1.60849 -0.41316
0.34735 -0.05294 0.42925
0.94476 -1.8173 -0.01702
0.17265 0.53719 -0.40643
-1.65704 0.74802 1.38531
-0.87478 0.19393 1.45896
-0.58874 -0.54699 -1.47778
1.21756 -0.44476 -1.38302
0.27475 0.89453 1.29114
-0.87519 2.03052 -0.28023
0.08476 0.49053 0.39889
0.03499 1.40394 -0.62547
-0.01997 -0.78941 0.37987
-0.2172 -1.59216 0.37059
-0.2249 -0.54694 0.22332
-0.39134 1.73206 0.46443
-0.4767 -1.06684 -0.00025
-1.88364 1.95503 -0.553
0.05235 1.91793 -0.49984
1.06782 -0.35044 0.75552
-0.16945 -0.4243 1.96949
1.39488 0.41955 1.52048
1.02603 -1.135 1.26861
-1.05471 0.3269 2.23
1.15845 -0.02816 0.62229
-0.51849 -1.22352 0.0625
-0.14295 -1.22736 1.41544
3.26081 -0.28834 1.21526
0.80164 -0.71313 -0.1334
-0.86294 1.1118 -2.25349
-0.43025 0.85748 -2.08651
-0.86757 -0.28793 -1.74279
0.74388 -0.44266 -1.44938
0.65594 0.90224 1.34188
-1.27217 -1.47005 -0.46349
-3.05899 0.61518 -0.34554
0.56753 0.41794 -1.72737
-1.31415 0.29886 -1.10787
0.66486 -1.38889 -0.32793
1.4753 1.68707 0.61361
-1.29845 0.16414 0.7773
0.23055 2.09321 -0.19874
-1.11286 -0.68025 0.69495
-0.66515 2.73083 0.83602
2.87108 0.71366 0.52393
0.98044 0.73275 1.19493
2.02511 -0.06757 0.03108
-0.56015 -1.04565 -0.25883
0.29219 0.9262 -0.80758
-0.20687 1.99305 -1.93982
-1.49771 -0.0236 0.22681
0.88346 -0.34305 -1.97423
0.43709 -0.06042 0.15117
1.52309 0.95288 1.90602
1.00657 -0.45895 1.10027
-0.98881 1.08229 -0.50412
-0.46475 0.39831 -0.90861
-2.4047 1.09849 -0.22353
-0.55791 0.49303 -0.60865
0.80266 0.63782 -0.79677
-0.25336 0.74251 -0.55899
0.44513 3.44149 -0.09376
2.003 -0.95922 0.83984
-0.3446 -0.77096 2.16166
1.51425 0.03499 -1.66238
-0.4244 0.441 -0.9024
0.44619 -0.09066 1.36262
1.21678 -0.21781 0.23956
-1.5075 -0.61552 -1.37713
-0.35303 1.14939 -0.51538
0.94619 -0.4485 -3.2272
-0.57899 0.10531 -0.80614
-1.89748 -1.0148 -0.6206
-0.9773 1.21399 -1.01232
-0.28095 0.64322 -0.68396
-0.46653 0.32639 -0.82398
-1.03642 1.17586 1.37249
-0.50335 -0.99328 3.45014
1.153 1.18099 1.64189
1.55599 1.46163 0.47785
0.00532 0.73873 0.65188
-0.83228 -0.50461 1.46888
1.70993 -0.14029 -0.87421
1.35371 3.04351 -1.29637
-1.79399 0.21885 0.30117
0.63416 -1.04392 -0.15815
-0.07437 0.94391 -0.55436
0.4197 0.32413 1.13251
-0.62796 1.2349 -0.80035
1.00134 0.18569 -0.98796
0.7155 0.09129 -0.37786
1.92385 -1.25753 -0.2892
-0.19817 1.18923 0.26038
0.16788 -0.20345 -0.14602
0.57138 -0.51103 -0.77991
-0.45229 -1.08111 -0.60568
1.2037 -0.37255 -1.05417
