3.7206 -0.71492 0.71982
2.42391 1.0882 -0.10837
1.80876 -1.84809 -0.32366
4.69214 -2.07936 0.71293
3.27261 -2.03197 0.30742
3.31579 -0.85063 0.38961
3.11907 -1.18507 1.48737
3.1195 -0.30516 0.42821
2.07102 -0.37596 0.12302
2.37765 -0.15912 1.60594
0.96486 0.49796 1.8476
1.82957 0.24856 1.84199
3.2936 0.03013 1.06185
4.62362 -1.19082 3.49842
3.20908 -1.70767 1.70517
0.82337 0.72193 1.021
0.36805 0.67515 3.90415
0.35077 -0.62658 3.00542
0.80643 -1.89505 2.85815
1.27568 0.57231 2.31393
1.90001 -0.77148 1.67954
4.47947 -2.50557 2.53831
3.19599 -0.40947 2.95005
3.54349 -0.18942 1.9376
4.45838 0.57738 2.02294
5.66052 0.6634 1.12924
6.48897 -2.34612 1.00526
5.58134 0.05461 1.41479
4.50046 -0.65858 -1.14651
2.66723 -0.72644 -3.03625
3.47304 -1.24404 -2.99128
1.7365 1.03507 -2.39003
1.51997 0.34434 -1.03493
1.30859 0.60287 -1.13861
0.13482 2.46058 -1.01434
-0.57618 1.36644 -1.32412
-0.96057 -2.73307 -1.30897
0.21067 -0.28648 -2.03272
1.08017 0.66657 -1.38755
0.45856 -0.45681 -2.27396
0.18999 -1.56326 -1.69044
-0.01833 -0.6049 -1.29774
-1.41884 -0.41958 -2.55177
-3.20921 0.20276 -1.95947
-1.2782 -0.16092 -1.81228
-0.80086 -0.06147 -0.33055
-3.59779 -0.60149 -0.25124
-3.29983 -0.19337 -0.43064
-2.80091 0.33128 -0.47267
-4.4936 0.36471 -0.48667
-4.48639 -0.48802 -0.97295
-4.01502 -0.28991 -1.33792
-2.5474 -0.36162 -0.90662
-1.74498 -1.53546 -2.77175
-2.30608 -1.01419 -2.55424
-2.06213 0.34781 -0.62814
-2.25354 0.26205 -0.32469
-3.43315 -0.89338 -1.91559
-2.37537 -1.22183 -0.02483
-3.50375 1.10358 0.08573
-3.42974 0.89613 -2.17843
-3.48698 0.44698 -1.48331
-3.48217 -1.16731 -1.23966
-2.4446 -0.42884 -0.67156
-3.71308 -0.72016 -1.7425
-3.35752 -1.21225 -0.77277
-3.17424 -0.19869 -1.10819
-3.36578 -1.37302 -3.23508
-3.31154 0.99472 -2.94211
-5.17805 0.25302 -1.58829
-6.24492 -0.45014 -1.63684
-7.63263 0.52894 -2.04739
-6.44592 -0.51631 -1.86639
-6.57213 0.60583 -0.97925
-7.39577 -1.24861 -2.9421
-8.35844 0.43991 -2.84352
-7.25695 0.5664 -2.05345
-6.42864 1.12102 -1.75075
-5.38245 -0.59342 -0.55459
-5.00013 0.30755 1.85237
-5.57981 1.73775 2.99034
-5.23381 2.25066 2.0688
-3.00428 -1.04348 4.61132
-0.80028 -0.10973 5.19061
-0.24964 -1.50001 4.99073
2.7138 0.96043 4.27847
1.5751 0.52915 4.52295
2.93015 1.13711 5.03367
3.06789 -0.53932 4.15183
3.39117 -0.36362 5.4877
4.83981 -1.64509 6.59308
5.83956 0.11722 6.63843
6.2314 -0.0134 5.97634
7.04191 -0.24786 4.43856
7.97009 -0.18193 3.94062
9.33392 1.06747 3.07104
8.62938 1.40273 3.14142
11.15998 0.90745 1.87813
10.35902 -0.75501 1.90026
12.28397 -1.56767 0.32103
12.04379 2.35031 -0.74242
11.6336 3.44422 -1.90667
12.16358 1.17998 0.67359
11.86587 1.01222 2.33937
10.89332 -0.89585 3.18655
10.41179 -0.24833 4.09625
8.07931 -1.051 3.5918
6.82951 0.04815 3.07542
6.58037 -0.85196 1.3362
7.48359 0.01175 -0.4136
7.33262 0.72516 -0.16269
7.02725 -0.6315 -0.15229
8.01917 -0.29494 0.60923
8.82585 -0.06787 -0.15432
10.07708 0.6404 -1.44192
12.05253 0.87466 -0.77115
11.09461 -0.11022 -2.42186
9.43041 0.47983 -1.05989
7.75977 0.6727 -1.5044
6.8006 1.1385 -2.65557
5.40973 0.26895 -2.4978
4.49534 1.14969 -1.87763
3.20223 -0.43692 -0.88948
2.31081 -1.52092 -0.81231
1.65686 1.10318 -1.24638
1.38504 -0.27154 -1.6228
1.79671 0.47462 -2.16951
1.4086 1.6237 -1.55693
0.46012 0.89843 -1.40697
0.24892 -0.96789 -0.8177
0.33235 0.87968 -0.84256
0.48232 -0.52165 0.00462
0.66728 0.19421 0.99794
0.16547 -0.51661 2.29578
-0.00549 -0.00455 1.59828
-1.75115 0.58579 2.16067
-0.69994 0.48402 2.39939
-0.05651 -0.0036 1.47909
1.87282 1.32598 1.13305
2.86629 -0.26329 0.82805
1.25275 0.99882 -0.4012
1.15476 0.49158 -0.95097
2.36373 0.54632 -1.39888
2.6978 0.12935 0.47148
2.01459 -2.1822 1.03425
0.2837 0.45937 1.24692
-1.06076 0.00798 0.38901
-1.79287 0.1073 1.03132
-0.01908 0.38733 0.18359
-0.60702 0.84174 1.49191
