-2.05336 1.42201 1.22642
-2.48064 1.82861 -0.40715
-1.52722 1.95929 0.67537
-1.77321 4.0746 0.64194
0.5815 2.51687 -0.9561
0.01644 3.54138 -0.01278
0.43318 2.79205 0.22254
-0.72488 2.72871 0.08829
-1.29064 0.1448 0.76083
1.83487 -0.90084 0.65782
0.20431 0.26508 -1.35126
1.58773 -1.41748 0.86584
-1.74664 -0.29975 1.08472
-1.17769 -1.87833 0.58177
1.20286 -2.25785 -1.038
0.52354 -0.66305 -0.99682
-0.52935 -1.39795 -2.09942
-1.39721 -1.96755 0.08042
2.15617 -1.01796 0.10674
0.68667 -1.07761 1.47049
0.93348 -0.06096 0.81207
-0.13116 0.41469 0.85143
0.44731 0.63692 0.83229
0.83197 0.68471 2.49881
0.05903 1.433 0.38179
-0.0855 0.42502 0.64055
1.32627 1.55989 -0.71257
0.04384 2.45933 -0.61378
1.03186 1.63227 -1.83162
-1.16454 1.29939 -1.08188
1.82113 1.63829 0.39695
0.04236 1.39546 -0.79569
1.03955 -0.12972 -0.81766
-1.11322 1.1308 -0.79544
-0.30313 1.92939 0.4189
2.89569 3.49733 0.73161
-0.80682 4.51645 0.7446
0.71941 5.03605 0.83512
0.98966 4.42671 0.79842
0.16905 1.70428 1.54035
1.94417 3.15143 0.77458
0.76464 2.0863 -0.18535
1.54621 1.99295 -0.48114
0.39353 3.16505 1.60225
1.37526 2.82779 1.18772
0.4603 1.15111 1.39893
1.39096 1.00657 -1.19951
1.04759 2.90967 -0.98387
0.28932 3.5756 1.51558
0.15934 3.16522 1.68304
0.58298 0.37887 -0.11296
1.81327 0.37002 -0.63259
0.6674 0.60416 0.34805
0.08442 0.08137 -1.24509
-0.17524 -1.54842 -0.42329
0.69363 -2.03427 0.13835
-1.85956 -1.84609 1.90349
0.35707 -2.49696 0.36287
-0.83245 -0.81716 2.49433
-0.53811 1.06667 -0.47034
0.36304 0.71573 -1.24213
0.6268 0.09033 -0.36311
-0.92556 1.66575 1.45981
1.33843 1.54469 -0.39839
0.18016 -0.78833 -0.62768
-0.89065 -2.30793 1.30748
1.33001 0.02131 -0.52424
-0.35586 0.26225 -0.55028
0.6257 0.53007 -0.29967
-0.83953 0.35013 0.00832
-0.69201 -0.87368 1.08424
-0.88516 -1.64377 0.87783
0.8739 -0.69762 -0.08058
1.32006 0.62559 -0.18918
0.68236 1.67656 0.77659
1.10777 0.18224 -0.21174
-2.18732 0.67762 0.72185
-1.18534 -0.89233 1.10428
0.20583 -1.47493 0.51219
-0.56821 -3.19868 1.12726
0.41809 -3.80384 -1.84053
1.12245 -3.39372 -2.09836
-1.40477 -2.63351 -0.23673
-0.37608 -2.68573 -0.68316
0.00312 -1.31831 -1.86633
-0.62673 -1.77591 0.1109
-1.0697 -0.1291 -1.01576
-0.87168 -0.49941 1.16203
-0.88827 -0.17789 1.6239
-0.39181 -1.44593 2.36602
0.72249 -1.52657 1.26316
-0.70118 -1.42696 -1.39589
-0.32698 -0.17342 -2.40907
-1.32263 0.27212 0.17479
-1.14426 0.27287 0.64804
-1.21349 0.67733 -1.20245
1.31259 0.46768 -1.73724
-0.6244 0.42719 0.288
0.15276 0.15359 -1.48984
0.3172 0.45924 -0.66372
-0.09422 -0.00971 -0.30773
0.76304 0.38188 0.08648
-0.29773 0.42928 -0.13611
1.46353 0.03304 1.1937
0.1942 -0.68984 0.91934
1.84645 -0.95511 -1.15304
1.49575 0.24121 0.08562
-2.25847 -0.84626 -0.66796
-0.32986 -0.79678 0.78117
0.39608 -0.42037 0.5189
-1.21866 -0.98437 -0.5423
-0.14082 -1.62371 -0.68633
-0.32605 -1.5749 0.39836
0.30035 -1.54793 -2.6738
0.1555 -1.55228 0.47252
-0.58329 -2.25854 0.15597
-0.27987 -2.89632 -0.73234
-0.80535 -1.81781 -0.55848
0.57616 -0.93878 -1.02789
-0.70067 -1.80476 -0.28021
-0.89768 -2.01425 -0.22332
-0.46057 -1.05007 -1.68357
-1.90766 -1.24143 0.23835
-1.56146 -1.97525 -0.23814
-0.45976 -2.18215 -0.05941
0.17902 -1.75223 0.05689
-0.70393 -3.3935 0.01098
-0.0838 -3.03107 -0.17592
-0.83648 -1.92633 0.55664
-0.54077 -2.43649 0.04723
0.05356 -2.47204 0.99171
-1.56129 -0.86145 2.56803
-2.40746 -1.10132 -1.52521
-0.40974 -0.70281 1.19577
1.09493 -0.38274 0.02909
1.18977 -0.55062 -1.28393
1.15526 0.6195 0.88831
-0.93359 1.1698 -2.18479
-0.18902 -0.44503 0.12863
-2.9766 -1.39189 1.09199
0.13164 -1.20463 1.35053
1.39663 -1.33701 0.36663
-0.70874 -2.34362 2.52045
-1.57383 -1.47884 -1.16084
0.23133 -1.21102 -0.75496
1.56144 -1.3782 -0.56943
-1.0331 -0.18162 -0.60167
-1.03213 -0.11543 -0.63112
-1.07631 0.56966 -1.54187
0.0536 -0.32899 1.36805
