-3.94941 -3.07639 0.35668
-6.17589 -2.15872 -0.53392
-4.00074 -2.34737 -1.31725
-2.47223 -1.93174 -1.81371
-2.26534 -1.36366 -0.24792
-3.56271 -2.4409 1.87546
-2.48298 -3.93287 -0.72296
-3.94094 -3.52519 0.76444
-4.49671 -1.29478 -0.23895
-4.55448 -0.88925 0.44507
-3.58249 -1.06988 -1.59123
-1.47525 -1.9264 -0.55052
0.43459 -0.9958 -0.05885
0.38147 -0.81659 0.41232
0.02669 1.24045 1.02867
-0.91613 1.11256 -1.1681
-1.7656 -1.10762 0.59889
-1.75891 0.90047 0.28564
-3.51397 1.39927 0.51591
-3.0965 -0.16456 0.19813
-4.52264 -1.36739 0.52326
-4.25372 -1.65583 -0.6154
-3.80629 -2.88042 -0.94494
-4.8483 -1.98778 0.019
-4.51263 -3.62767 0.62737
-4.49129 -2.32361 -0.3837
-4.36771 -2.73841 0.70908
-3.57602 -2.64779 -0.10109
-4.41075 -3.34962 1.69116
-5.41169 -2.88557 0.59177
-4.02165 -2.00503 -1.77086
-3.31281 -1.56247 -0.12931
-2.36209 -0.18115 0.11717
-3.48895 -1.61559 0.73813
-3.4283 0.21279 0.03075
-4.57316 -2.46233 2.33566
-3.0165 -2.42525 1.82534
-3.39247 -1.94115 -0.79132
-2.03594 -2.41003 -0.63812
-3.04564 -2.35742 1.11451
-3.29845 0.46463 -0.39388
-2.77138 -0.50936 -0.08305
-2.49158 -2.26236 -3.34597
-2.2063 -2.01222 -0.23918
-1.66385 -1.34204 0.62919
-4.13453 0.03654 -0.09301
-5.07469 -0.5698 -1.79272
-4.93787 -2.05076 -2.21177
-4.20209 -1.51967 1.28769
-5.51723 -1.77126 -0.01401
-5.52283 -2.3234 -1.5558
-5.80568 -4.32816 -0.30577
-5.29558 -4.5447 -0.3774
-7.33872 -3.5224 -0.07589
-6.99922 -2.44372 0.17746
-4.4324 -2.90692 0.40018
-3.33642 -2.59356 -0.35812
-4.50644 -4.04316 0.55252
-2.25669 -3.79567 0.61346
-1.67403 -2.86916 0.7548
-0.93712 -2.12028 -0.07803
-2.50753 -0.74972 -0.04389
-2.96753 0.92886 -1.52943
-2.04508 0.29241 -0.28653
-2.81598 -0.57533 0.7484
-3.29811 -1.48871 -0.30944
-2.94727 -0.45201 -1.33899
-2.60511 -2.20754 0.79008
-2.70169 -2.08268 -0.13437
-2.16556 -1.20272 -0.01828
-1.50132 -0.27184 -0.45102
-1.19032 0.42652 -0.07186
-1.99013 0.60577 -0.93908
-3.95702 -0.49519 0.4398
-3.36515 0.09734 -0.31285
-2.65438 -0.80528 0.43628
-1.8642 -2.42007 0.42213
-0.45752 0.14635 -1.28426
-1.78707 -0.56658 0.68574
0.1539 -1.38333 -1.12589
-1.75823 -0.77106 0.38183
-0.63041 1.00796 -1.06064
0.0269 -0.93695 -0.41267
0.16019 -0.72282 0.8429
-2.14197 -1.40832 0.56632
-1.65079 0.20824 -2.10971
-2.29821 1.01651 -1.18462
-2.35298 -1.39038 1.09038
-3.95866 -1.11933 -1.25075
-4.47481 0.86103 -0.75582
-3.91834 -0.84173 -1.2255
-2.98731 -2.35485 -0.07345
-2.83575 -1.512 0.0511
-3.44078 -0.55719 0.05762
-4.02717 0.47798 -1.01339
-5.3978 -2.30974 -0.06903
-6.93447 -1.00113 -0.18429
-7.05873 -1.29356 1.40706
-7.00849 -3.13375 -1.11506
-6.26176 -1.97457 -0.19947
-5.76784 -2.81451 0.17512
-5.9443 -2.27998 0.29638
-6.59351 -1.82729 1.24997
-5.48424 -2.08807 0.90284
-4.65537 -1.93574 0.03763
-3.84833 -1.16463 1.76958
-5.49835 -2.13234 -0.51486
-4.46376 -1.45187 -0.00794
-5.94134 -1.81212 -0.57631
-5.54934 -0.59931 -1.34247
-7.10272 -2.64485 -0.39117
-6.45857 -1.02617 -1.3225
-5.47704 -1.47361 0.22283
-5.99387 -3.859 0.36514
-6.05273 -3.11879 0.43395
-7.51841 -5.48051 -0.60413
-8.13107 -4.51147 0.02178
-9.37759 -1.68713 -0.60603
-8.47709 -2.7371 2.26633
-5.44608 -3.4076 0.12332
-6.89126 -2.51732 -1.26673
-6.83468 -3.29193 1.40239
-5.32729 -2.17117 1.50542
-4.58759 -1.52864 -1.85411
-5.46062 -0.26442 -0.59603
-4.39645 0.34486 1.06847
-4.5215 -0.25146 0.44559
-3.60107 -0.59896 1.68339
-2.85868 -2.9214 0.36376
-4.51638 -0.8821 -1.4662
-5.00451 -1.37236 -0.76197
-3.86433 -1.91741 -0.46269
-3.27632 -3.07013 0.95707
-4.15299 -1.46235 -1.43177
-4.8182 -2.12877 -0.74277
-4.17454 -1.8005 0.7074
-4.49669 -1.89169 -0.43017
-5.35311 0.15434 0.70719
-4.48091 -1.38376 1.07719
-4.89458 -1.77627 0.44155
-3.99062 -0.9361 0.44868
-3.49135 -0.88441 -0.47297
-4.13854 0.71234 0.29773
-3.1228 1.34402 -1.06605
-2.40486 1.36848 0.07142
-4.03397 -0.04606 0.78546
-4.03801 -1.31782 0.595
-4.59944 -3.20648 -0.91956
-4.19404 -3.23586 1.17427
-3.58944 -1.98548 -0.61576
