0.30918 0.90829 0.23613
1.08555 -2.94149 1.01577
1.13579 -1.19733 3.30835
-1.90278 -1.12247 3.25431
-2.04279 -1.15613 2.52156
-1.28428 0.01866 1.73173
-0.58739 -0.91948 0.93902
0.02776 -1.15548 -1.60138
1.10463 -0.74666 -2.45012
0.77974 0.36258 -2.17511
-0.48513 -0.52201 -1.52746
-1.77672 1.00174 -1.68853
0.20578 -0.66749 -0.62284
2.36701 0.01052 -0.6167
-0.42054 -0.86034 -1.09798
-0.03609 -0.68702 -2.17349
-0.7233 0.4218 0.03146
-1.23874 0.22396 -0.86334
0.0422 0.723 -0.91527
0.85265 0.38874 0.2058
0.77162 -0.50829 -1.60033
0.81158 -0.8359 -0.99697
0.70601 -1.91522 -1.72127
0.36696 0.64869 -1.25697
-1.17737 -0.46319 -1.16926
-0.02022 -0.25386 -0.08325
0.80024 -0.04117 0.01003
-0.71766 0.999 0.17918
-0.42442 0.67223 0.22127
-0.05066 0.30943 1.67983
0.57866 -1.30734 1.73384
1.26889 0.67405 0.14449
0.03828 2.03976 -0.15864
-0.57361 0.4711 0.67826
0.40467 1.98486 -0.33076
-1.09217 -1.25132 1.06485
-2.69914 -0.82235 1.35166
-1.81048 0.9144 1.43264
-0.33256 -0.48888 1.62737
0.69244 -2.14554 1.96049
2.03602 2.35398 -0.65291
2.63456 0.50236 -0.49042
1.41266 -1.74457 0.89781
0.11878 1.40909 1.78693
1.7142 -0.17068 1.58516
-0.05264 -0.29161 2.43695
1.33865 -0.78402 2.92207
2.29708 -0.02034 2.95718
1.95854 -0.25023 3.8485
2.25851 0.97506 3.00713
2.23626 1.9213 1.70869
-0.89476 3.23897 2.94957
0.72847 1.07162 2.3111
0.30756 -0.51125 2.20802
-0.42178 0.26455 1.95668
2.09405 0.01092 1.13302
2.02578 -0.07787 1.48897
1.08268 -1.51595 1.66039
0.84157 -1.16859 0.44073
0.05522 0.73004 1.14337
0.42182 -0.98922 2.00037
0.38822 0.91984 0.52636
-0.56378 1.39865 1.14067
1.71808 1.36219 0.21917
1.73698 1.09124 0.10166
0.2061 -0.34033 0.00359
0.68456 0.9479 -0.53524
-0.63256 1.78442 -0.17551
-0.18749 1.63282 1.98737
0.79069 -0.35643 2.14887
-0.54061 0.50548 3.34044
-2.83318 0.89819 2.57015
-0.76247 1.65304 2.16946
0.40085 -0.42626 1.3925
2.38715 0.76996 0.40769
0.84018 0.19507 1.26554
1.53174 -0.58996 1.38911
0.76885 -1.39374 0.8865
2.12637 -0.90902 -0.79283
2.46707 -0.51473 0.27619
0.58469 -0.25806 -0.17134
0.79805 -1.82557 1.82169
0.35239 -0.85548 2.74474
-1.44629 0.21634 3.01018
-1.61728 -0.41219 1.87588
0.48984 0.00634 3.06384
1.21876 -0.18642 3.35341
0.49693 0.80744 2.02619
0.49022 0.18986 1.13691
0.02259 -0.05158 1.41633
1.55839 1.3244 0.92995
0.46941 2.18879 1.86121
-0.66308 2.12759 0.65064
0.92794 0.13124 1.25027
0.28328 1.61617 0.28795
0.26478 1.36014 1.18402
-1.65789 -0.77372 1.81549
0.10479 1.65051 2.58423
0.72136 0.4438 3.79571
-0.51627 0.34341 2.1107
0.16611 0.60645 1.47745
1.09151 0.98655 -0.2435
0.60341 1.066 0.40954
1.29213 0.32554 0.05819
0.13129 -2.45112 2.41814
1.09541 -1.1164 3.12101
1.08996 -0.48828 1.79678
0.89846 1.24226 1.68029
1.56313 1.3085 1.40919
2.52102 0.7222 1.21857
-0.78339 0.52559 1.93427
0.42783 0.59662 1.37561
1.45858 -0.36983 2.37663
0.08314 -0.92523 1.50486
-1.07663 2.19936 0.34115
0.49298 0.48761 1.30229
1.66501 0.8444 2.68476
-0.43809 -0.50193 1.54851
-0.62719 -0.24493 0.69633
-0.83298 -0.99943 0.5288
1.72232 -0.94007 0.93351
1.03721 -2.05267 1.91812
0.74213 -0.73328 1.21017
0.78026 -0.20067 -0.29674
-0.65282 -0.17002 1.02031
0.62948 -0.01364 0.23089
0.79999 0.94104 1.45637
-0.18807 2.66855 1.17012
0.35801 0.46669 1.8322
0.76873 0.11541 0.69285
0.25322 1.16116 0.90854
-0.14775 0.73414 0.65834
0.42607 -1.05177 2.43488
1.37353 -0.92792 2.95028
0.482 -0.87242 2.8721
0.16196 0.40625 2.6895
0.85478 0.59169 1.14527
0.58307 -0.71567 1.92451
3.50326 -2.20447 0.97818
2.56546 -0.2161 0.95038
1.35741 0.445 0.32972
1.60678 0.78934 1.27149
0.38152 -1.64008 1.5242
-0.66396 0.4633 1.23649
-1.05251 -0.67615 0.53684
1.22047 0.29337 1.35952
-1.01786 0.3309 -1.18429
-0.19496 0.30263 -2.28748
-1.72791 1.47549 -2.04851
2.63697 -0.60079 -2.1709
