-2.16007 -7.9655 -0.33915
-0.8554 -6.38817 -0.02058
-2.48808 -6.11046 -1.4473
-1.86261 -4.35738 -2.72113
-2.16342 -4.96837 -1.27264
-1.87739 -4.52879 -0.94131
-0.9317 -5.33575 -1.90641
-3.54067 -5.32639 -2.20105
0.13703 -6.66272 -1.26614
-2.08738 -7.46551 -1.02902
-1.71575 -6.81913 -1.97898
-0.41028 -7.61482 -0.5729
-2.80938 -6.90061 -1.18749
-2.62383 -7.40407 -2.25104
-2.58225 -6.52337 -0.71379
-1.89712 -6.04186 -2.32572
-2.69244 -5.87543 -0.61349
-1.98655 -6.68295 -3.34317
-0.80403 -7.20982 -2.14568
0.11379 -8.6219 -2.69989
-2.09832 -9.11487 -0.87227
-2.32156 -9.76047 -1.30978
-0.07105 -7.92736 -1.82954
-2.9889 -5.95972 -2.17196
-3.18123 -6.67137 -4.23331
-4.28312 -5.96069 -2.70755
-4.48711 -4.09946 -0.69975
-3.86086 -4.74603 -1.61605
-3.54591 -3.16483 0.27628
-3.67105 -2.82991 -0.05448
-2.60299 -4.52878 -2.98963
-1.15235 -4.72371 -1.75908
-1.10364 -2.70447 -0.08647
-1.61096 -3.09333 -0.30255
-0.9354 -2.67455 0.42088
-1.74019 -3.13552 -0.76468
-1.15536 -4.50474 -0.10145
-1.13814 -3.90697 0.10575
-1.56103 -4.78285 0.18367
-0.54982 -2.91077 -1.86013
-1.61396 -1.22765 -2.00632
-1.07905 0.3879 -1.47534
-0.07883 1.61503 -1.79925
-1.09458 1.3397 -1.66844
-1.86423 -2.43806 0.55326
-1.38886 -2.0929 0.08514
-1.52332 -1.50395 -0.17432
-1.25763 -0.24626 -0.99453
-0.65227 -0.96243 1.45606
-0.57853 0.68421 -0.47799
-1.45699 -0.48129 -0.37782
-0.74916 -0.61844 1.01743
-1.83612 -0.45491 1.19313
-0.31735 0.60197 0.58596
0.92906 -0.15473 -0.37747
0.87791 -0.36216 0.20964
0.78016 0.60181 0.25189
0.62247 -0.20825 0.99728
-2.14177 0.16227 0.53842
-2.24901 1.55736 1.75768
-0.01218 0.59892 1.19311
1.35769 0.74918 0.4715
-0.79234 1.01396 -1.85206
-2.28014 -1.11755 1.39692
0.33272 -0.20377 0.20012
-1.82968 -0.05676 -1.22606
0.18334 -0.54282 1.26542
-0.70756 0.32023 -0.47541
-1.37421 0.56785 -0.12922
-1.56097 -1.01934 -0.04633
-1.54746 -0.19582 -0.73557
1.54752 0.42403 1.18013
1.00064 2.3001 -0.59574
0.7156 2.82277 -0.42488
2.04435 2.45115 0.20202
0.20233 2.72228 1.35969
0.13893 3.79082 1.6141
-0.0765 3.48985 0.64855
2.28155 3.34139 -0.09578
1.3944 4.15412 -0.38465
2.82692 0.65747 1.11751
0.50171 1.17409 -0.78463
0.1996 2.77954 0.77444
2.08516 3.04212 -0.38588
2.27317 5.405 0.19852
0.97479 2.87085 1.17786
2.63214 2.30118 -0.74074
1.28702 3.11925 -0.19754
1.42468 3.84766 -1.91404
3.78265 1.92489 0.22476
0.09135 3.22229 0.22175
1.44123 3.44871 1.13553
0.78688 4.06123 2.08212
1.31944 4.76477 1.4359
0.90526 5.49398 1.19396
2.25844 4.7128 -0.77557
0.61574 2.72078 0.5573
0.26251 1.45322 1.38496
2.08639 3.01496 3.10322
2.08437 2.79083 0.94385
2.37132 1.13698 -0.40308
-0.33358 0.88251 1.95008
-0.3818 1.80466 0.01014
-0.13773 2.70988 -0.03734
0.18021 3.14124 1.5141
1.87737 2.69697 -0.94927
-0.24556 2.1893 0.85565
2.22594 2.53654 0.0918
1.82812 1.70899 1.02156
0.66154 2.27582 1.08147
2.44859 2.01059 0.47693
1.69543 3.98868 -0.38345
0.94479 3.27628 -0.48699
1.30806 2.82668 0.51502
1.53837 2.94532 0.56371
1.39905 1.0228 0.45826
2.59002 0.12232 -0.89932
1.66126 -0.51137 -0.0958
1.38752 -1.23861 0.16779
-0.52841 0.69262 -0.17145
0.13846 1.67344 -0.40259
0.60032 4.18594 0.66667
-0.34033 4.84245 -2.05876
0.97356 5.31408 1.43434
0.93483 4.97524 -0.03272
0.11972 5.61429 1.61939
2.14726 5.02699 1.66291
2.37018 5.46811 1.95038
1.40462 6.9894 0.87157
1.51711 7.52746 0.56092
1.34955 4.74176 1.72061
2.40222 3.7167 2.49705
2.02125 4.02863 2.66179
2.92058 3.78926 0.84389
3.02527 3.55393 -0.09261
1.93071 1.81228 0.04365
2.39224 2.39829 3.99103
-0.24558 2.66249 0.37121
1.77807 1.87849 -0.26127
2.24856 3.87258 1.79329
3.09316 3.85113 1.14998
1.54655 5.27488 0.5442
1.68619 3.93632 1.53746
2.09743 4.74894 0.76634
0.94559 4.33917 2.43829
-0.32843 5.35091 1.28396
0.84623 5.1827 2.81714
0.61687 6.79604 1.89058
-0.12322 6.65232 1.54336
1.59505 4.92783 2.25249
