0.5095 1.10698 0.49571
1.29825 -0.74265 1.52589
1.59073 1.68729 -0.00104
1.09309 0.22095 1.77354
2.08135 0.1193 -0.22355
0.65906 -3.18905 -0.18834
1.61659 -0.30899 -0.78702
-0.72277 -0.064 -0.83146
-0.17687 0.34356 -0.09571
0.07223 -0.51218 1.30042
-0.60469 -0.07545 1.35557
-1.24892 -0.84643 -0.53981
-1.07909 2.30854 -1.02171
-0.1148 -0.56074 0.89827
1.01424 0.34955 -0.47057
-0.89733 0.23086 0.91678
1.03598 -0.5425 0.01889
0.13116 -0.00189 -0.97592
-0.57423 -0.2177 1.1393
0.09833 -0.08823 0.23109
0.77956 -1.5036 1.57652
1.49825 0.55762 0.36787
-0.41806 0.8667 1.26652
0.86502 0.88653 0.39533
2.0486 -0.48979 0.60453
1.76999 0.40944 1.43522
2.56922 -0.45554 0.84222
2.92994 -0.57244 0.34242
3.35885 1.09204 0.05329
4.11387 -0.88507 0.29951
1.83625 -0.41667 -0.08735
1.58039 0.54347 1.13647
1.07011 1.88301 0.61844
-0.121 -0.29503 2.92693
1.46007 1.73361 3.36504
2.33109 1.10816 2.15572
1.22445 0.0713 0.55324
-0.11303 2.09439 1.56191
-0.42019 0.7144 2.88198
1.05028 0.67162 2.26769
1.45553 0.29416 0.42256
1.62306 -0.32013 -0.66266
2.94301 -0.38374 0.4154
2.43938 -0.75593 2.78061
1.90575 -0.11128 2.31749
1.68563 0.66838 -0.78409
1.06301 -0.62361 1.22118
-0.15025 0.55413 1.49666
0.85432 0.88008 0.55378
1.16382 -0.76474 -0.93205
0.68269 0.52567 0.59405
2.74155 0.98069 1.07141
2.86315 0.5554 0.31902
0.38906 -1.24384 3.01491
1.14932 -0.28607 0.04072
-0.1561 -0.42183 0.53732
-0.78209 0.83978 0.73298
-0.08631 -1.21019 0.34515
-0.30367 1.45333 -0.52176
-0.10914 0.96911 -2.77489
-2.14562 -0.2215 0.54574
-0.43273 -0.04522 1.12228
-0.77654 0.15712 -0.14924
0.76147 1.07872 0.55363
-1.0523 1.81551 -0.59567
-0.11158 0.38425 -0.09525
-1.43094 -0.24445 0.16657
-0.11433 -1.00848 2.64312
0.51255 1.24624 1.47186
-0.69491 -0.34224 -0.272
-1.26659 2.32327 0.77327
-0.9568 1.17017 -2.34642
-2.28048 1.78923 0.67363
-2.83576 1.58008 1.349
1.31583 1.13898 -1.12656
1.98161 0.48896 -1.1989
0.27311 -0.13193 1.03572
1.22386 0.11349 1.89627
2.38243 0.70277 1.32567
2.35058 -1.05075 0.2195
0.28013 -0.36818 0.64106
-0.58141 0.83858 2.53693
-2.20255 0.87941 0.48662
-0.73103 0.86755 -0.88985
-0.44843 -0.11239 -1.66209
0.50272 0.77772 -2.23006
-1.02355 0.18312 0.15403
2.02024 -0.88427 0.04155
0.21501 -1.21379 -1.7196
-1.51875 -1.405 0.89177
-1.22562 -1.30817 0.79772
-0.00947 -0.29867 -0.51287
-1.24549 -0.03308 1.16557
-0.84818 1.94517 1.39384
-1.32833 -0.85656 2.15261
-1.71736 0.03522 0.16994
-1.22517 0.27084 -1.02302
-1.58975 2.152 0.19291
0.40175 -0.50667 0.43955
-0.35287 0.30186 -0.39436
0.16929 0.05401 2.16191
1.19256 -0.93398 1.99422
1.28039 0.1861 1.05609
1.78143 2.37633 0.78594
0.6111 -2.37998 0.73827
0.95088 -0.92222 -0.01789
-1.67126 -0.78609 -0.27126
0.24337 -1.39714 -1.28105
-1.49236 -2.4091 -2.52827
-1.35617 -0.48016 -2.09117
-1.67749 1.7529 -2.10709
-1.55721 -1.1336 -0.50933
-2.58701 -0.48938 -0.70798
-1.07001 0.20421 0.18181
-0.83843 -0.95838 -2.52277
-1.96872 1.69896 -3.10763
-2.31278 1.1566 -1.4757
-4.08733 1.56391 -1.41503
-3.97346 0.31292 -1.95706
-2.58265 -0.92425 -0.08997
0.38661 -1.15366 -0.75462
0.60558 0.46201 -2.64515
0.16331 0.55933 -0.93409
0.05371 -0.04219 0.36191
0.52446 -1.9397 -0.26218
-0.32065 -0.02155 -1.72498
-0.4869 -0.93589 0.6812
1.46435 0.28399 -1.73588
1.3883 0.15772 -0.63734
2.39782 -1.99279 -0.53923
0.63762 0.61 1.00738
0.31317 -0.31888 1.72404
0.96245 0.34962 1.03749
2.61675 -0.52547 0.74663
1.71912 1.20148 1.43996
0.60432 0.64624 1.17704
1.3368 -0.65537 3.45149
3.0609 1.95891 0.11839
1.76502 -0.04076 0.64315
2.33049 -0.61954 1.16261
1.76299 -0.58899 0.94124
1.68011 0.9131 0.49869
-0.45865 -1.29801 1.24782
-0.54539 0.07684 0.62081
0.55487 -0.40742 0.98473
1.36488 -0.2855 -2.00891
0.35777 -1.23032 -1.89139
1.09236 -0.59558 -0.9781
3.10804 -1.14668 -0.63122
1.25028 -1.0123 -1.53713
