2.56685 -0.9232 -0.27444
2.11129 -0.43529 -0.85341
0.1525 -0.91998 -1.36467
0.21428 1.72626 0.86687
-0.21485 0.41002 -1.02976
-1.28665 -1.31583 1.43925
-2.43537 -1.76036 -1.42306
-2.12302 -1.67124 1.04254
-4.04844 -0.87241 -0.18113
-2.43234 0.10547 0.40829
-3.14915 -0.62071 0.39623
-3.02109 0.3557 -1.07547
-4.32447 0.38111 -0.08144
-3.45771 0.94931 0.91004
-1.5946 -0.38831 0.50699
0.42112 -0.32833 0.78266
0.75111 0.28156 0.75783
-0.36853 -0.15117 -0.29786
1.161 -1.75127 -0.12657
0.24752 0.13203 -1.03171
-0.52325 1.46632 1.08978
1.59009 0.74286 0.1496
1.53231 0.53301 2.02246
0.80471 2.11906 0.35758
1.88479 0.04521 2.35715
0.60919 -0.78461 1.72915
3.28981 1.14104 0.23104
3.71545 0.47413 -0.32461
4.6839 0.44231 -0.35921
4.13779 -2.04044 -0.74959
4.37213 -0.18527 0.32537
3.94168 1.37517 -1.67957
5.00227 -0.70913 -0.27505
6.35286 0.06 -0.70372
5.57896 0.9024 0.94264
5.86947 3.43413 -0.80509
7.58221 2.9155 -0.27288
6.07402 0.2938 1.61
6.017 0.12625 1.12694
6.61214 0.32119 0.57805
7.18163 -0.90509 0.17467
7.90353 0.0907 1.29563
7.25195 -0.05496 -0.59662
7.38581 -0.04255 -1.38831
6.89954 1.05916 -1.02779
5.96905 0.94493 -0.08323
5.74079 -1.66779 -0.81979
5.01376 0.7803 0.53925
6.43368 0.16702 0.4797
6.98859 -0.40733 0.51174
6.74246 0.96049 -1.01953
6.1899 -1.41858 0.89116
6.62749 0.93197 -0.46667
5.82245 -2.06121 -2.10743
5.56284 0.67949 -1.67036
6.93124 -0.68107 -0.46215
8.49962 -0.32868 -0.91595
7.94583 -1.62467 0.33484
8.29991 -0.73701 0.74677
8.45477 -0.24927 -1.84291
6.99742 -1.39715 -0.26219
7.71163 -0.95173 -0.45911
7.38781 0.18312 -0.96204
6.49924 0.84604 2.43427
4.79707 0.80899 -0.18836
4.64179 1.695 -0.15958
4.1682 2.10364 0.71532
4.25573 2.25461 1.59337
6.23156 1.40202 2.9541
6.42312 0.36336 1.92087
6.48203 0.81796 1.42644
5.53479 0.53389 1.18805
7.20365 -0.30661 -0.53875
7.78116 1.40303 -1.41484
5.50296 0.47309 -0.55268
4.48372 1.04978 0.56191
3.89288 -0.69216 -0.47356
5.77589 0.21134 -0.14557
4.82551 0.46824 -0.80376
4.91498 1.22989 0.33635
6.45881 0.59944 0.45887
7.13986 1.43804 -0.30533
8.1671 1.25112 0.46709
7.35527 0.80687 0.01428
5.84169 -0.38067 -0.81996
7.57242 2.08839 -0.99339
5.82805 0.64239 -0.10013
5.90765 2.74518 -0.11709
5.8784 1.56766 -1.12534
6.49162 -1.71928 0.2501
6.28405 -0.06556 0.11898
6.47404 -0.44805 -0.67786
5.89946 0.74939 -0.4185
5.14676 2.32707 -0.33065
4.11886 0.22026 -1.15034
4.33759 1.13588 0.98256
4.25331 0.35198 -0.67731
3.94291 -0.00733 -0.21256
3.33364 -0.77844 -1.29889
2.58631 0.40047 1.50753
3.60042 -1.98018 0.51205
6.69442 -2.05454 -0.17164
7.68219 -2.07128 -1.63034
6.57832 -2.14137 -0.65511
5.99007 -0.90302 -1.63505
6.01566 -0.01741 -2.0135
5.77683 0.42611 1.24296
3.46203 0.06295 0.19501
2.77131 0.12805 -0.41579
2.72094 1.46993 -0.90731
1.99539 1.51678 -0.56262
1.25935 0.01052 -0.95747
0.8571 -0.86942 0.80355
-0.05571 -0.3962 0.07487
0.95477 1.68448 -0.29876
-0.00351 -0.67364 -2.40937
-0.77553 -0.84709 0.90706
1.36134 -0.01402 -0.76386
2.093 -0.21885 -0.27717
1.0887 0.08992 0.39347
0.92913 -0.15437 1.1328
1.13973 -0.21369 1.7505
0.90706 -1.20668 2.34391
0.32263 -1.42066 1.64589
1.34013 -0.96175 -0.31706
-0.15942 0.28782 -0.22931
0.67918 -0.44251 0.35311
0.33482 -0.2365 -1.58299
-1.06876 -1.85405 0.23124
-1.08935 0.69838 0.14711
0.50803 0.81912 -1.05234
-0.18777 0.78976 0.55262
1.00194 0.47377 -0.07777
1.83637 0.51259 1.65097
1.01339 -0.64562 0.39597
1.49381 -1.66309 2.03596
0.5983 -0.71566 0.32686
1.62379 0.59539 -1.07859
2.8026 1.27931 -0.81781
2.32655 -0.33352 -1.23308
1.66765 1.44464 -0.28245
1.21424 -1.3545 -0.34109
2.1998 -0.63892 0.71022
2.6803 0.71967 -1.11509
4.9671 0.73665 0.95853
4.1307 1.14955 1.8401
3.0846 -0.6235 -0.45188
3.02409 -1.78093 -0.89984
2.24948 -1.50011 -0.86653
3.00807 1.16087 -0.24767
