0.90049 -0.09538 -0.3847
-0.65034 0.29862 2.20659
1.45371 -0.50808 -0.2612
1.244 -1.5265 0.28332
0.07796 -1.61 0.93351
-1.06607 -1.30771 1.1737
-0.40329 -1.17617 0.12522
-2.07044 -2.0818 0.39852
0.58986 -2.68207 -0.26192
0.54421 -4.42159 -1.21925
-0.54052 -5.13724 -0.34438
-2.46214 -5.03228 -0.28758
-0.43922 -6.69529 -2.04538
0.13148 -6.00301 -3.87352
-0.26785 -6.462 -3.10269
-0.56789 -6.24952 -3.70569
0.27794 -5.90988 -2.94847
-0.76876 -5.42716 -0.84956
-2.4161 -5.81944 -1.77256
-1.20732 -7.97957 -0.75585
-1.96729 -6.66235 -3.2451
-2.30587 -7.93233 -2.21427
-1.40661 -9.34213 -3.77619
-0.69988 -5.75308 -3.63285
-0.03746 -3.97282 -3.62165
0.08669 -5.06118 -4.37478
-0.7386 -5.02088 -4.54197
-0.20531 -5.26027 -2.12053
-0.04972 -4.70401 -3.0568
-2.34336 -4.33392 -2.6503
-1.95465 -4.26198 -5.48186
-1.64063 -3.14962 -5.99334
-2.6607 -3.84383 -6.20298
-3.47246 -1.85028 -6.63902
-3.87321 -2.63076 -4.77338
-3.47015 -3.99996 -4.80903
-4.49479 -4.99517 -4.29602
-3.53038 -5.1576 -3.10159
-3.59998 -3.20312 -3.07541
-3.15352 -3.46583 -3.79018
-4.74069 -3.88845 -6.32769
-2.74116 -4.53448 -5.08898
-2.45205 -1.35018 -3.17538
-2.54446 -0.71054 -2.50783
-3.07681 -0.54459 -4.67278
-1.32695 -1.77936 -4.39485
-2.10353 -0.74094 -3.36932
-3.12427 -1.07461 -3.01166
-2.82053 -1.36502 -1.84972
-3.81074 0.40066 -1.99071
-3.62551 0.57695 -1.12059
-3.21469 0.59234 -3.67257
-3.40714 0.73107 -5.60229
-2.09592 2.26576 -5.10195
-3.48042 2.04379 -4.33088
-4.89454 0.99623 -3.9467
-6.00584 2.40764 -2.35225
-4.97756 1.95867 -1.14716
-5.70101 1.03104 -1.69688
-3.84633 1.304 -0.77066
-1.0422 1.96641 -2.10699
-0.76684 1.5816 -3.38276
-0.76494 0.76764 -1.90614
-0.06722 1.26563 -1.88141
1.13924 1.24425 -1.80334
-0.13271 2.04632 -1.37
-0.22197 1.53098 0.90746
-0.94385 2.56631 -0.65946
-1.8949 2.90686 0.45313
-1.26344 2.2012 -0.12098
-0.11153 2.63865 -0.48191
0.24019 2.7306 0.76075
0.02508 2.62051 1.38613
0.27716 1.11725 1.12806
-0.40923 1.26745 2.64157
-2.53665 0.30633 2.6714
-1.93632 -0.45516 2.22928
-1.24288 0.55325 1.38096
1.51174 -1.3088 1.68086
0.99985 -1.76154 1.47776
-0.17057 -2.31523 0.98094
0.69641 -1.4643 -0.24609
0.8099 -1.13777 -0.62601
0.9194 -1.28508 -1.79835
-0.85856 -2.44953 -1.3348
-0.20255 -3.18826 -1.8195
0.64642 -2.27819 0.33194
-0.69398 -2.09017 1.57941
-1.16355 -2.2137 -0.21861
-0.20773 -1.29613 -0.49659
0.03162 -0.34438 -0.73384
0.19962 1.37285 -0.5669
0.19678 1.25027 -1.9106
0.009 0.92691 -2.93605
1.18924 -0.29932 -2.04747
-0.57751 -0.22641 -1.03719
-0.23326 -0.98214 -2.1123
0.31053 -3.17899 -0.63085
0.14118 0.4642 -0.63966
0.65631 0.84128 -0.90252
-1.77642 1.14332 -1.90934
-3.17975 0.70132 -2.70617
-3.71761 -0.98019 -3.38634
-4.2285 -0.17829 -2.46035
-1.73968 -1.36158 -2.09847
-1.87277 -1.14098 -2.35979
-0.88721 -1.62893 -2.16048
-1.00627 -1.69552 -0.8699
-1.84163 -0.68675 -2.09603
0.45376 -1.25505 -3.35893
-0.42498 -1.76645 -1.31012
-0.07561 -2.21994 0.13985
-2.36475 -1.42756 -0.55966
-2.62698 -2.04387 -1.32356
-0.01441 -1.29605 -1.73709
-1.20381 0.42038 -2.00223
0.23467 -0.00561 -3.90114
0.14426 -1.62061 -4.79928
-2.07163 -0.52411 -2.91105
-2.28358 0.19198 -4.29741
-2.261 0.12377 -4.75411
-3.27744 -1.08981 -3.19423
-3.74829 -1.99271 -3.28208
-4.03032 -2.2895 -3.82818
-3.21077 -4.3472 -4.06993
-2.8722 -4.65531 -3.40004
-4.0727 -4.98455 -1.98627
-1.59368 -4.75416 -4.0875
-2.48028 -4.51579 -4.67826
-1.49082 -3.12839 -6.37839
-0.98487 -1.48965 -4.02658
-0.16755 -1.62709 -2.9953
-2.76395 -1.51842 -2.97222
-3.41242 -0.74203 -2.46553
-1.12678 -1.08865 -1.67782
-2.1512 0.67828 -3.12184
-0.8842 1.29716 -2.71168
-1.41085 0.18025 -1.83972
-2.79531 -1.00435 1.42855
-0.91671 -0.52762 0.28445
-0.38646 -0.64499 -0.80285
1.43157 -0.91408 0.30073
-0.08868 0.71887 -0.73384
-0.45517 1.86677 1.01258
-1.22632 1.80162 -0.11823
-0.84987 2.18167 -1.22496
-0.12671 1.70492 -1.14273
1.16045 0.97777 -1.32252
0.93253 0.41946 -1.16792
-0.83045 0.00963 0.42369
