-0.72883 1.51646 0.04229
0.17269 2.73664 0.60629
0.43683 2.47385 -0.12694
0.10072 2.56483 0.50791
0.27142 1.93734 0.33306
1.24063 2.48857 -0.37436
2.18898 1.02109 -0.62483
1.61816 2.11817 0.55657
2.25538 1.4011 0.85145
1.82667 0.24807 -0.35263
2.75964 1.33204 0.97029
1.34713 2.22606 1.91378
0.86059 1.95354 1.60782
1.68559 1.10327 0.18457
3.36858 -0.29525 -0.56538
1.88134 -1.54315 0.70712
1.83386 -0.14127 1.56097
-0.16927 -0.66884 0.87372
0.07475 -0.84813 -0.58815
0.9672 0.23849 0.37004
1.11331 0.37036 1.06941
-0.96966 1.40951 0.0577
-0.85662 0.9082 1.23809
0.36077 1.38359 0.76508
0.12639 -0.34547 0.59369
1.10071 1.4987 -1.48159
-0.59112 0.73076 -0.25335
1.05231 -0.06717 0.72999
0.28954 -0.83916 0.99036
1.87566 -1.50757 -0.02291
3.07758 -0.19173 0.08931
-1.02218 0.26032 -1.87419
-0.74449 -1.78053 0.22867
-1.11291 -3.3105 -0.27801
-1.00278 -2.7623 -0.17612
-0.68534 -1.43449 -0.65357
-0.10519 0.17169 -1.89343
-1.77189 1.5098 -1.84489
-1.51638 1.85332 -2.95337
-0.69471 0.17314 0.70342
-0.74557 0.65582 -0.46501
-0.67451 2.0328 -0.0225
-0.50394 1.39574 0.98176
1.60023 1.2188 -0.52345
-0.07899 -0.28658 -0.55344
-0.54123 -0.64696 -0.14228
-0.4736 0.61333 0.05916
-0.0556 -2.13504 1.13458
-0.33218 -1.87567 -0.08078
0.88892 -1.19776 0.9158
2.86668 -1.65433 -1.74126
0.92254 1.17892 -1.16588
0.84091 0.24602 0.24658
1.29311 1.03128 0.56399
0.46854 1.37867 0.03767
0.42046 1.88549 -0.45143
1.18448 0.85313 0.64261
1.01304 0.89125 0.04253
0.64444 -0.65817 1.86408
0.5994 0.29581 -0.18492
0.41192 1.26578 0.52467
2.39763 2.51837 0.37643
1.42552 2.28796 0.92279
1.18591 4.37195 1.11328
1.59274 3.88868 1.59666
1.03374 1.73727 2.30309
2.76983 1.22692 1.94222
3.42973 0.6666 0.92709
3.77068 -0.34706 2.28307
2.33331 0.18797 1.43499
2.68382 -0.573 2.18549
1.61883 -0.88792 1.3116
1.47637 -1.52616 -0.03569
1.88883 -3.26143 0.29399
1.74443 -2.66937 3.09922
0.82575 -2.70608 1.90471
-0.19509 -2.57648 2.58917
0.48533 -2.11407 1.17442
1.44236 -1.90476 -0.61022
-0.76532 -0.95574 -1.57848
-1.17128 -0.27456 -0.31117
-1.77735 -1.17404 0.35613
-1.34793 -1.34719 -0.37768
-1.2746 -1.46893 -1.54757
0.30257 -1.76561 -0.74499
0.00974 0.59307 0.91312
0.74304 1.50466 0.36246
-0.93634 1.30808 0.03352
0.0364 2.87226 1.77974
1.63673 2.29591 -0.14946
1.76592 1.94222 -1.2439
0.36531 1.24359 1.32495
0.52121 -0.79967 0.91105
-1.05202 0.51347 -0.79533
0.81348 -0.97847 1.75285
2.40956 -3.96757 0.44142
3.08725 -1.46836 -0.60864
2.00094 -1.22025 1.05053
1.57762 -0.42144 1.85624
0.90874 0.26685 1.39766
-1.2267 0.91599 -0.31681
-1.27027 0.12185 -0.63722
-0.69776 -1.21819 -0.71165
0.44491 -1.12086 -0.58542
-0.69146 1.64134 1.51994
-0.75025 0.7147 -0.20877
-1.05812 -0.94969 -0.92631
-2.18426 -0.54483 -0.81345
-0.37433 -0.11515 -0.31785
1.01068 0.10259 -0.13745
-0.42529 -0.80229 2.63963
-1.19029 0.52386 0.6749
-0.1056 1.00414 1.36938
-0.2176 1.34074 0.38618
0.51138 -1.4394 -0.94312
1.29137 -0.59743 -0.45494
0.05649 -0.7994 -1.22291
2.33366 -2.18913 0.1087
0.62246 -2.51616 0.79742
0.947 -1.33654 0.13948
1.40318 -0.39279 0.45096
0.28191 1.95231 -0.20481
-0.8427 0.44242 -0.63714
-1.61706 1.11326 1.88311
-1.90504 -0.36875 -0.82431
-0.1776 0.66139 -1.13868
1.45642 0.73039 -0.98346
1.42712 1.11952 -0.12567
-3.0917 -0.50288 -1.38367
-4.28627 0.25953 1.97942
0.16902 0.69276 -0.32104
0.3326 0.84697 -1.31979
-0.68208 0.53441 -1.32908
0.10429 -0.36655 0.2636
-0.6689 1.78656 -0.49883
-1.66818 1.88558 0.16046
-1.14126 0.71897 -0.01874
-2.69667 1.87802 -0.6144
-1.26449 1.01147 -0.59953
-2.24241 -0.2071 -2.74755
-0.49102 -1.27674 -0.01448
-0.36104 -0.99612 -0.90072
-0.67266 -2.05878 0.11516
-1.55304 -1.44206 1.58703
0.42514 0.07078 2.87064
-1.75796 1.63842 0.27588
-2.13538 0.04572 -0.85967
-1.57906 1.52325 -0.32464
-0.8369 2.04678 -0.16031
1.50927 0.02552 -1.17712
