2.19853 -2.65037 -6.29794
1.84856 -0.60582 -5.96151
2.09986 -0.18798 -3.04342
1.28905 1.12922 -3.23987
2.64748 0.18239 -3.08722
1.15197 1.15344 -2.38958
0.30283 1.3434 -0.74291
0.02428 0.36113 -0.95267
0.76482 -0.08489 -1.94421
0.72855 0.95009 -1.28736
1.33225 -0.63637 0.55932
-0.0354 0.34555 0.92788
0.43324 -1.26192 1.89473
0.14814 0.26454 1.36849
0.17564 1.38671 2.01249
0.5039 -0.6358 1.43774
0.97168 1.85411 0.18126
2.41759 0.69758 1.09522
0.28079 2.19613 1.0638
-0.05722 -1.26401 1.86704
0.59643 -1.97397 2.17483
0.407 -0.88658 1.25791
0.05086 -0.18766 0.81082
-0.93965 -0.75839 -0.52124
0.87181 -0.89617 -0.48873
-0.18948 -0.348 0.0662
-0.81706 -1.57826 -2.88731
-1.18632 -0.66393 -4.2355
-1.91502 0.21199 -4.31584
-1.31745 0.39292 -3.95065
-1.43106 -1.24665 -2.91381
0.27717 -0.04998 -3.74716
1.03612 0.57787 -4.1799
1.90731 1.54145 -2.10242
0.58316 1.87131 -3.55542
-0.21556 0.45223 -3.48182
-1.59162 -0.70762 -2.45681
-0.9177 -1.13272 -0.53643
-0.96692 -0.08925 0.01975
1.22199 0.78492 1.30082
-0.44744 0.65392 0.5289
-0.66586 1.00366 -0.09913
-1.73005 -0.33452 -0.10221
0.27857 0.40609 -0.32703
1.1957 0.85596 -0.90746
1.96344 -0.13 -0.51822
0.53985 0.07118 2.18855
2.93515 -0.28974 4.16685
1.42666 0.97087 3.65127
0.92723 0.08082 1.90351
0.32686 0.64029 2.88495
-0.18092 1.24005 1.30008
-1.92426 0.71851 1.27278
-1.56057 -1.4589 1.60834
-0.37147 -0.36037 1.99277
0.85905 -0.6818 1.2228
-0.81042 0.84169 3.76551
-1.32455 -0.46944 2.14289
-0.31036 1.98795 2.51015
1.21264 -0.59285 3.6435
1.06244 0.37523 3.1367
1.27943 1.28881 1.41953
1.47963 0.90124 1.27123
1.42612 0.14873 1.67046
1.74257 -0.67683 1.37734
2.66353 0.39376 1.47395
0.85674 0.51577 1.1224
0.67392 -0.16592 1.09059
2.57506 1.27569 -0.20461
1.52597 0.72106 1.02062
2.10215 -0.41224 1.42571
-0.37805 0.76944 3.00172
-1.189 0.17973 2.73039
-1.552 -1.59131 2.9998
-1.75223 -0.60944 3.21036
-2.22977 -2.09385 3.49791
-1.36264 -2.28618 4.53377
0.83362 1.79226 3.66471
2.11951 1.4961 4.36056
0.25613 3.3274 3.62127
0.75062 -0.36319 3.6252
-0.98752 -1.42213 2.91915
-0.25891 -2.19398 3.93218
1.18939 0.45165 3.74218
1.06513 -0.86487 3.12324
0.92936 -0.12754 2.3442
1.47361 -0.93244 3.05391
-0.53947 -0.8498 2.64688
-0.99774 0.03072 2.68731
0.61529 1.50075 2.12565
1.14073 0.33684 0.29843
-0.09795 0.30667 -1.69289
-1.29702 -0.02063 -0.52327
-0.97783 0.00147 -0.48689
-0.60789 -0.59503 -0.21027
-0.05542 -0.98998 -0.84145
-0.00832 0.30595 0.32754
0.58166 1.15113 0.41796
-1.3785 1.13768 0.32481
-2.19562 -0.37768 -1.17865
-2.02769 -0.37204 -0.90486
-1.77343 0.84262 0.1428
-2.22381 0.1761 3.11337
-1.55476 -1.79782 3.0484
-0.91918 -0.41584 2.59345
-0.94139 -1.96603 2.20891
2.02798 -1.78457 1.22766
0.12478 0.14195 -0.6955
0.23213 0.02652 -0.4072
-0.39289 0.53135 -0.00085
-0.4451 -1.37917 -1.20859
-0.62978 -1.41138 -2.45776
0.53171 -1.17135 -2.82926
-0.60418 0.74442 -2.13259
-0.03605 -0.4153 -2.50126
-1.37756 -0.51108 -4.06846
-0.13848 -1.54956 -2.91143
-1.42368 -0.93799 -3.06245
-0.94767 0.93884 -4.57997
-1.56808 -1.20356 -4.57252
-1.95426 -1.86015 -3.65026
-1.11879 0.19729 -5.33947
-1.01852 -0.8268 -4.44071
-1.49774 0.68252 -4.24988
-0.86244 -0.07011 -2.66294
-0.49111 -1.9171 -1.81486
-1.28789 -1.15302 -1.45772
0.77528 -1.6042 -2.18513
0.26312 0.44734 -1.87856
-2.00034 0.07566 0.13721
-0.31635 -0.91124 0.82068
-1.67911 0.90916 2.82685
-1.26553 0.09605 3.72157
-0.46748 2.23957 2.7519
-1.84529 -0.60813 2.76804
-2.0379 -0.45872 0.77939
-1.97714 -1.36163 0.54444
-0.30445 -0.83661 1.52517
-1.47179 1.04135 0.52077
0.38126 -1.56998 0.61299
-0.17089 -0.83381 1.1572
0.60845 -2.27851 -0.30825
2.67368 -0.90848 -1.75274
-2.26409 1.20953 -1.73267
-1.40409 0.0848 -0.45549
-0.33889 -2.07498 -0.5106
-1.87574 0.33263 -2.12387
-0.54364 -0.70645 -2.9084
-0.58142 -2.17644 -4.09313
-1.83077 -0.1121 -6.55722
