2.00266 0.5239 1.5424
1.20678 2.43528 0.15219
1.44933 1.23739 2.57966
-0.45801 0.73772 1.42041
-0.53259 0.49021 1.6068
-0.30291 0.29773 -0.33896
-2.17686 -0.9381 2.32949
-2.41077 -0.82279 0.92382
-3.8195 -1.13994 -0.67019
-1.33997 1.74188 -0.24782
-3.22209 -0.85916 1.41135
-3.67976 -0.94217 -0.23238
-3.49537 -1.65048 -1.42886
-2.85066 -1.17653 -0.49586
-2.71539 0.25977 -0.33358
-3.22337 -0.36201 -2.46305
-3.5701 -1.70061 -1.83549
-3.67534 -1.92552 -0.5905
-3.70388 -2.7376 -0.02292
-3.46051 -0.81275 -1.68838
-4.00489 1.49153 -2.26001
-4.21818 -1.4631 -1.37728
-3.02053 -0.28411 -0.69668
-2.82431 1.56827 -0.36889
-2.2719 -1.10384 -1.28998
-2.38462 -1.40352 -1.905
-3.92933 -1.9935 0.42756
-3.97794 0.77458 -0.66749
-4.32643 0.64234 -1.03446
-5.57142 -2.24663 -0.97459
-5.88024 -0.63162 -0.84066
-4.77076 -1.097 -1.2479
-5.546 -0.95476 -1.22355
-7.54637 -1.98169 -2.89534
-8.67991 -2.48196 -3.51818
-8.25706 -1.6658 -2.11662
-8.45878 -1.13079 -3.09548
-7.29483 -1.99551 -1.07541
-6.21303 -3.37727 -1.58201
-6.3158 -3.28154 -4.15886
-5.28974 -2.79568 -3.44483
-6.15373 -3.38163 -3.69428
-5.18674 -1.2919 -2.18696
-5.53938 -1.23579 -0.90558
-4.67074 -1.89691 -1.33549
-2.90452 -1.73346 -2.86692
-0.9252 0.00682 -2.24512
-0.36418 -1.19423 -0.2914
-2.1139 -0.41811 -1.89975
-2.26449 -1.76592 -2.61665
-2.31278 -0.2538 -3.3325
-3.71118 0.48359 -0.06221
-4.98531 0.26769 -0.01882
-6.6052 -1.01343 0.56084
-7.26208 -0.26662 0.14261
-5.60702 1.90873 -2.03078
-5.91221 -0.97007 -2.47212
-3.71302 -3.69336 -1.85608
-3.67168 -0.6796 0.65023
-1.93895 -1.09623 -0.2127
-2.29654 -1.83079 -0.90603
-1.97942 -2.74124 -1.60031
-1.56627 -0.87596 -1.82253
0.62951 -0.42213 -1.87567
1.57249 0.7976 -0.22371
1.23566 0.25427 -0.82416
1.28687 -1.57012 -0.53056
1.16057 -0.0271 -0.44368
0.35187 0.49541 -2.71828
-0.66644 -0.8188 1.32343
-0.57759 0.8444 -0.02238
-0.2356 1.57934 -0.41306
0.61491 -1.48132 0.07803
-0.27828 0.87012 0.52328
-0.36068 -0.43087 1.2341
-0.71186 -0.12518 0.45739
-0.11069 0.919 0.49567
1.93919 0.33108 0.41345
1.61669 1.00205 1.24461
3.24648 0.39746 2.6465
3.85009 -0.52137 -0.33495
3.43396 -1.20579 1.13324
3.78008 0.26622 1.0867
1.99343 -1.88886 0.06937
-0.27334 1.90008 -0.46538
0.06715 1.43003 0.47379
0.0892 0.32768 -1.2911
-0.21845 1.3387 1.79109
-1.26537 -1.2324 3.49241
-0.95977 0.04384 0.78568
-1.04769 0.09648 0.97328
0.31011 0.00248 1.39484
1.37878 -0.0699 0.2274
0.54301 0.31676 -1.28702
1.9514 -0.34703 -2.79227
1.06578 0.77212 -0.90443
2.61317 0.39782 -1.70288
1.0417 0.20586 0.54842
2.09382 0.42648 1.76247
2.5532 0.57824 2.53422
2.66675 0.79984 1.67237
3.82863 1.45806 1.4461
3.72711 -0.35722 -0.17728
3.71348 0.13806 -1.58729
2.3906 2.09536 1.71217
2.25208 1.203 1.85596
2.72574 1.23073 1.975
3.01011 0.01083 3.66255
1.53992 1.40259 4.68713
1.94513 0.49089 1.92296
2.11899 0.96293 2.51908
2.8743 0.15629 -0.19998
1.78892 -1.38838 1.89182
1.11518 0.54467 3.14097
1.64106 0.5659 1.22114
1.23902 1.02965 0.28508
1.44193 0.47578 1.13883
1.18232 1.18504 1.86164
1.22965 1.15544 1.18314
1.48077 0.46867 0.54368
0.68013 1.55742 0.66005
0.81886 -0.05363 0.02783
-0.05972 -0.82763 0.89686
0.48453 0.58035 0.93967
1.2927 -0.96641 2.97532
1.47124 0.38084 0.83068
0.75446 -0.19567 0.31713
-0.13493 -0.54437 -2.09742
0.22575 -2.11017 -0.63007
-1.18506 1.30239 0.21661
-1.86314 -0.38738 0.23545
-1.23761 -0.35172 0.51339
-0.10193 0.14583 -1.20957
-1.45457 -1.61614 -1.20239
-0.91217 -3.1593 0.00203
0.11888 0.40647 0.27399
1.65687 0.41218 -1.41606
-0.01895 -2.01428 -1.3254
-1.09975 1.30019 0.09987
-1.03005 1.80477 1.37865
-1.07218 0.38101 0.32181
-0.78571 -1.4633 -0.34175
-1.32515 -1.5321 1.26401
-1.73324 -0.43257 1.26932
-2.55067 0.06805 -0.04927
-1.21272 -0.75579 0.80926
-0.05828 -1.47634 -0.56771
-1.44295 -0.92492 -1.29935
-1.6405 0.24943 -2.52767
-2.37835 -0.56028 -0.49077
