-1.11068 -1.93669 0.41854
0.15857 -0.5298 -2.03925
0.00739 -0.39887 -0.37509
0.37852 1.55938 -0.411
1.88707 3.15233 -1.57153
-0.117 -1.47544 -0.866
-0.09546 0.18301 -2.20189
1.28965 0.17697 -1.25216
-0.17801 0.10619 0.51492
-0.07543 1.49689 -0.24883
0.71573 -1.21851 0.31468
-0.7345 0.73301 0.63435
-0.07613 1.14343 1.08599
-1.1507 -0.44451 0.0028
1.15062 0.5059 -0.41048
0.25335 0.7588 -0.01362
-0.37505 -0.45788 1.06453
-0.88354 0.25061 0.4012
0.09817 -1.38049 -0.1744
1.98381 1.0693 0.85315
0.98867 -0.58496 0.25571
-0.01899 -1.94488 1.63502
0.48551 -0.96514 0.24869
-0.66899 0.72501 0.51446
-0.20882 0.89679 0.72494
1.39577 0.52819 -0.3875
-1.23383 -1.07763 0.53048
1.08153 -1.81557 -0.19904
0.11987 1.12298 -1.33471
0.88573 -1.81636 -0.52043
-0.42769 0.04771 -1.01501
0.55783 0.81148 -1.63978
-0.47394 0.18776 -0.92631
-1.45922 -0.27138 0.05659
-1.37119 -0.27488 1.79366
-1.22579 -0.32428 1.18244
-1.90685 0.04158 0.62922
0.29002 2.02216 -0.2526
0.08572 -0.03125 -0.6151
-0.31974 -0.31856 1.36739
1.61761 -1.22456 0.86469
-0.12804 -0.93854 -1.10897
-0.27805 -0.62057 0.43824
0.0343 -0.23566 0.40692
-0.5183 -0.32422 -1.29738
1.36361 0.69144 -1.30576
-1.31636 1.1676 -1.6552
-0.06057 -1.20909 -1.07827
-0.25855 0.05016 -2.21855
0.76373 0.55018 -0.28579
-0.64042 -1.0365 -2.14531
0.02139 -0.42856 -0.69077
-0.60579 0.78219 -1.85579
0.58161 0.79422 -0.22356
-1.37322 0.82842 -0.11552
-0.09453 -0.71283 0.30775
0.3349 0.08338 0.41114
-0.2593 0.93093 0.85243
-0.99021 1.60612 2.28501
-0.85064 0.38491 1.62236
0.73323 1.06498 -0.24357
0.70043 -0.10939 0.27231
-0.04243 0.39073 2.42538
1.24329 0.4821 1.32854
2.28866 -0.31493 0.41135
-1.39419 -0.29813 -1.0083
0.35865 1.12224 -2.73847
0.73843 -0.05484 -2.50757
0.39927 -0.01966 -2.17593
0.99853 0.397 -0.18464
-0.31869 0.57256 0.56951
-0.00153 0.22981 0.5341
0.59084 -0.11361 -1.42313
-0.31751 -0.59892 -1.32414
0.63899 0.85552 -0.50722
0.99373 0.77616 0.43524
-0.59709 0.95823 -0.32715
-1.7887 0.22092 1.39331
-0.18189 0.47119 1.1733
-0.42913 -1.04927 1.75753
1.20061 -1.49641 2.20588
-0.84282 -0.65847 0.47807
2.84114 -0.79275 0.93135
-0.94072 1.23194 -0.33168
0.64008 2.76234 -0.19626
0.47723 1.40694 2.12569
-0.10482 -0.90144 -0.84021
-0.47693 0.01332 -2.02192
-0.39143 -1.30097 0.54198
-1.65886 1.17297 1.27268
1.49402 1.87242 -0.34143
-1.43564 -0.084 0.76245
-0.70168 -1.68397 -0.26977
-0.65254 -0.09127 -1.05724
-1.1678 -1.83586 0.21589
-0.08023 3.2467 1.40976
0.45582 -2.88028 -0.75944
0.47057 -0.39003 -2.09437
-1.82017 0.77956 -1.07096
0.42946 -0.91857 -0.1605
-0.92629 -1.53051 0.85673
1.4605 -0.31172 -0.75979
1.26312 0.79793 -0.46135
0.31581 -0.72397 -0.16196
-0.82994 0.04977 -1.45032
0.20668 -2.71829 -2.24377
-0.13548 -0.0334 -0.9409
-0.14017 0.88635 -0.91298
-0.57688 1.67006 -0.4445
1.19922 -2.48764 0.64011
-0.64419 0.65745 -2.30002
1.11219 -1.02658 -0.97511
-0.70968 2.2856 -2.44665
0.78248 2.07487 -0.28911
0.95709 0.61648 -0.31263
-0.66038 0.01135 1.68532
-0.14249 1.22388 1.3886
0.01132 -0.84193 3.47322
0.13499 -0.29708 2.47251
0.7482 -0.75969 2.08038
0.13646 0.04148 2.7128
0.30692 -1.10384 0.31845
1.43621 -0.67179 1.5248
1.70429 1.57079 1.12124
0.16562 1.41226 -1.00762
1.6027 -1.07081 -2.72784
0.32193 0.18389 -1.97575
0.5895 -0.05144 1.27772
0.12171 0.87969 0.6302
0.55439 -0.14467 1.03574
-2.2582 0.48949 -0.53178
-1.21544 -0.28466 0.0467
1.57362 -0.36448 0.50788
-1.19751 1.63486 -2.31353
-0.57612 0.7059 -2.24545
-1.63322 -1.09709 0.8234
1.27025 -0.75348 -1.85362
2.01021 0.03804 -3.35187
-0.12164 0.59326 -0.09091
-1.69974 0.39937 0.36299
-1.53503 -0.37891 -0.63015
-0.86077 -1.37004 -1.16879
-0.69677 0.00867 -0.22821
1.32711 -0.4827 -1.20336
-0.76508 0.19835 -0.47941
-0.11096 -0.93651 -0.05013
0.08425 -1.59663 -0.40855
0.90967 1.80432 -0.76825
0.12525 0.63378 0.31998
1.52866 -3.82957 -0.31462
