3.09298 -1.04724 1.28411
2.25119 -0.09111 0.43698
2.53533 1.51202 0.36322
1.22831 -0.46221 -1.37639
-0.147 0.47107 0.23615
1.05391 0.72772 -0.18699
-0.41088 1.40354 -0.8479
-0.56221 0.86761 -1.8076
-0.26394 1.57202 0.82456
-0.24047 1.37392 1.46195
-0.62518 0.81915 1.24869
0.6092 -1.35623 -1.05258
2.85757 -2.24306 0.4075
2.67175 -0.62573 1.68355
3.17986 1.46243 -0.8181
1.82885 -0.87617 -0.3714
0.99186 0.95028 0.60408
0.82811 0.35465 0.86878
3.00599 1.21244 -0.49449
4.73294 1.07866 1.39473
4.79078 0.49946 1.77525
3.74666 -0.62272 -1.07353
4.58033 1.28652 -1.22386
5.58818 1.03569 -0.58101
4.78952 0.33243 -1.9889
4.43117 2.47991 0.7815
6.2545 0.22273 -3.3304
6.11287 -0.174 -0.83187
8.36997 -0.48862 0.63543
7.95204 1.79357 -0.15374
6.34192 1.7379 0.46854
3.79244 1.50622 0.58788
3.68893 1.32812 0.04146
3.42152 2.622 -0.73544
3.37306 3.75931 -0.44225
3.6206 1.2215 0.54911
4.80471 1.52119 1.36736
5.18312 0.2958 -1.28261
3.88819 1.02833 0.316
3.92973 0.31843 -0.98763
2.69843 1.27127 0.75947
2.48295 1.99761 1.9024
3.05375 0.80639 1.93992
1.43254 2.05596 1.41083
1.20366 1.81338 1.34015
0.86079 -0.03118 1.51425
0.96037 -0.04664 2.09058
1.0467 1.79274 1.82423
1.87659 0.72057 -0.19933
1.02468 0.18147 -0.21109
1.53438 0.92656 -0.38791
2.07391 -1.497 -0.27926
0.62308 1.62638 -0.63134
-0.38948 -0.65806 0.99782
0.22132 0.45587 -1.20751
-0.43157 0.65812 1.79219
-0.89729 -0.89903 0.88448
-0.46387 -0.44984 -0.19205
0.86474 -0.7797 -1.05662
-0.58956 1.17089 0.01762
0.14123 1.56815 -0.53111
0.14557 -0.01156 1.14475
-0.4851 -0.1566 0.81225
0.56819 -0.04214 1.26927
0.65774 0.88058 0.13489
-0.55522 1.85733 -0.26801
0.37444 -0.92129 -0.98043
0.90962 1.48358 0.00614
1.25411 1.21735 -1.81991
1.56952 -0.23435 -0.79172
2.01718 -0.37568 -0.5645
1.6972 -0.79449 -0.13694
2.24955 0.39156 0.46275
2.18417 1.65275 -0.68581
0.84429 0.3809 -1.40145
0.83134 0.19551 -0.76074
0.19992 0.39852 0.51838
0.07873 0.498 -1.18141
0.40761 1.85785 -1.18919
-0.05438 -0.12466 -0.48172
-0.18226 -1.43074 2.04851
-0.61119 2.11577 0.96798
0.01668 0.66581 -1.18109
0.23116 -1.48613 0.56538
-0.07251 -0.33433 0.69161
0.74486 0.73972 -0.77236
0.46152 -0.11255 -0.96106
0.3051 -0.94904 0.71913
-0.54822 -0.95338 1.41268
-1.88597 0.39318 1.81976
-3.46994 0.29268 1.05807
-2.9571 -0.2488 -0.98185
-2.11645 0.32395 -1.28252
-2.31377 -0.88682 -1.70489
-2.80409 0.19358 -0.98589
-3.76896 -0.3828 2.16609
-4.83567 -3.6075 -0.64452
-2.60133 -0.78966 0.07078
-1.86997 -2.16732 1.78924
-2.01322 0.34812 -2.56522
-1.04503 -0.20425 2.0779
-2.02221 -1.33445 0.00062
-0.21927 -0.57172 0.15629
1.85368 -0.54666 1.0501
3.91199 0.66959 -0.11209
2.91193 0.67281 -2.10673
3.24267 -0.40512 0.69317
3.87693 0.97101 0.55839
3.57801 0.95011 -0.48388
2.98139 -0.14697 -1.57386
2.6997 -0.6462 -0.5731
1.74408 0.13558 0.37242
1.41752 0.32295 -0.02617
1.41547 1.27663 0.03367
1.32277 1.29389 1.07651
0.29455 1.04489 0.20689
0.10518 0.61633 1.55158
-0.32027 0.40815 -0.39737
-1.56184 -0.32824 0.0504
-1.23024 0.52688 1.66616
-1.59022 0.745 1.362
-1.08499 1.3719 -1.07685
-0.78199 -0.76509 0.15773
0.88629 -0.02009 -1.29935
0.82734 -0.29897 -1.63366
0.09272 0.12697 -0.96474
-0.38872 -0.75168 -1.42792
-0.0776 -1.16266 0.81907
-0.34152 -1.41077 -0.0901
-0.32002 -0.17093 0.31331
0.38374 -1.33859 -0.36638
0.86782 -0.9852 -0.26198
-0.03894 -1.72341 -1.29174
-0.15235 1.51767 -0.53082
0.98347 -0.87081 -1.88411
0.311 -0.2603 -0.32057
1.46238 3.04813 1.13594
0.70753 2.18671 -0.10922
0.16785 -1.31086 -2.3471
1.44827 0.13557 1.28204
-1.47503 -0.30109 1.91693
-1.46153 -0.40178 1.23396
-1.46915 0.8846 0.88298
0.11654 -0.76166 0.19203
0.42488 0.95586 1.04873
-1.74341 1.0643 -1.28976
-0.71957 -0.30895 -0.2947
-2.27857 0.19628 2.12814
-1.99502 -1.48197 0.29099
-2.18571 1.71824 -1.83848
