-0.41672 1.57266 -5.94271
1.27606 2.80837 -3.91082
2.20774 1.21249 -3.34298
3.47288 -0.02821 -3.44338
2.56383 -1.9752 -2.57873
0.95378 0.84102 -2.19765
0.53194 0.24524 -1.1636
-0.32201 -1.91384 -2.23358
0.15323 -1.06762 -2.21647
-1.89801 0.72239 -1.16852
-1.70021 -0.60094 -0.9945
-1.539 0.79256 -1.22927
-1.27163 1.18683 0.06335
-0.86469 0.17734 0.85049
0.51033 -1.36588 1.19758
1.49534 -0.34176 1.21219
1.14378 -0.69325 0.07797
-0.48878 1.58923 0.48043
-0.9768 0.76835 0.1797
-0.40518 -0.19195 0.33339
-1.22463 -1.2549 -0.88966
-1.55951 -0.80041 2.4576
-0.99795 -1.01089 2.22779
-0.28311 -1.0945 0.83054
0.72712 -0.32692 -1.20347
0.4893 1.20833 0.96653
0.74866 -0.13287 -1.38237
-0.36054 0.43093 -1.48101
1.21838 0.78787 -0.71159
2.2332 0.25603 0.49548
1.92912 -1.05019 2.56639
0.79581 1.31364 2.88613
0.6845 0.13561 4.23456
-0.99399 0.71296 2.98261
-1.77578 2.19981 3.47034
-0.83102 0.07055 2.31652
-1.93015 -0.14367 1.00471
1.75973 -1.72225 -0.16152
0.99264 -0.45858 2.77893
-0.89858 0.40358 1.57141
-1.90366 0.93083 0.94591
-1.32521 0.0938 -0.06189
-2.29663 -0.11101 -0.76253
-0.50068 0.40618 -0.44043
-1.21141 -0.52903 0.20377
-1.0342 -1.67767 0.60962
-0.11554 1.20638 1.23604
-0.10653 1.52583 1.32362
-1.00772 2.46083 -0.16945
-0.83536 0.1898 -1.24204
-0.10618 0.78892 -3.44904
0.56486 -0.41888 -2.63952
1.45405 0.31183 -2.15413
0.58194 -0.89697 -3.43147
-0.06174 1.60418 -2.21994
-0.43835 0.7049 -3.40952
-1.08109 -0.41599 -1.38017
-1.5537 -2.31009 -1.54812
-0.95471 1.22843 -1.59094
-1.26663 0.50836 -2.28003
-0.30608 -0.11518 -0.42199
-0.27193 -1.10165 0.38525
1.102 2.32857 0.60899
0.77446 -1.09357 1.07409
0.2555 -0.38196 -0.44844
0.43088 0.55706 0.06329
1.36439 0.58904 -0.12525
1.12291 0.37466 -0.10979
2.81199 -0.84086 -0.60836
2.31804 1.56825 1.40095
0.66941 -0.8069 2.14367
-1.1325 0.42135 -0.22843
1.48019 0.00038 0.15643
0.0265 0.7934 -1.08489
-0.11145 -1.16261 -2.61991
-0.27251 1.30496 -1.10028
0.55197 1.4872 -1.32731
0.478 -0.47605 -1.57955
2.19941 -0.75105 0.26851
2.84441 0.01468 -0.54103
1.40982 1.02575 -1.21717
2.27568 -0.80449 -2.68177
1.98174 -0.05512 -2.10153
1.46761 0.76369 0.62537
-0.27314 1.52473 1.09311
-1.52245 -0.10611 2.34761
-0.7827 1.30974 3.13422
-0.95295 0.33956 1.64977
-2.00942 -0.90296 1.19678
-1.73557 -1.34449 0.11358
-1.77437 -1.23007 -1.54888
-1.83708 -0.12048 -1.21239
-2.18512 -0.7171 -1.50543
-1.56494 -0.33262 -1.69896
0.11706 -2.01367 -2.12426
1.33162 1.47039 -1.05438
0.14296 1.1662 0.43291
-1.43885 1.51022 0.85315
-0.37062 0.31042 0.69561
-1.42248 0.56634 -0.23432
0.68804 0.33794 -0.793
-0.20718 -2.37071 -0.59612
0.51072 0.61227 -0.63009
-0.19701 3.23615 0.12891
0.3175 0.27979 -0.41129
1.9453 0.73857 -0.32292
2.22705 -0.03627 0.50437
1.57872 1.50949 1.97624
1.82976 0.33996 3.46416
2.18843 1.34466 0.77807
0.74165 -0.15043 0.68965
1.26428 0.83311 -0.29749
1.15199 -0.14003 -0.85699
0.50618 1.18695 -1.20127
-0.66904 0.98277 0.06766
-1.81824 -0.93529 -0.45898
-1.79201 0.26884 -0.8937
-2.81098 0.45596 -0.08694
-3.35233 -1.51673 -1.55573
-1.92373 -0.52825 0.87876
-2.3134 -1.68411 0.43226
-4.12266 -0.58465 0.0374
-3.33616 -0.04491 1.26828
-2.10333 -0.8759 0.75827
-1.53637 -0.16209 0.56718
-0.41404 -2.66734 1.47126
-0.84345 -1.25277 -0.30258
-0.51436 -0.30536 -1.03775
-2.28053 -0.30212 -0.78861
-1.19653 -1.22362 -0.96825
-1.88916 -0.02853 -0.00634
-0.08794 -2.87352 -0.15187
0.29522 -0.09012 -0.38806
-1.17869 0.38795 0.29984
1.09064 -0.86929 0.87923
-0.73101 1.04756 0.18398
-0.01326 -0.04378 0.37396
-0.99244 0.30486 -0.03514
-1.00544 -0.30971 0.40813
0.03412 -0.72931 1.32611
0.13171 -0.75487 -0.15221
-0.52931 -0.31718 1.42583
-0.2579 1.22836 1.08756
-1.14906 -0.84055 0.2616
-1.8246 -0.733 -0.18851
-1.93717 -1.40559 0.07791
-2.18182 2.07609 -1.89636
-1.14627 0.93317 -2.27916
0.42673 -2.22395 -1.52511
-0.17932 -1.26883 -2.498
