-0.33921 1.23631 0.0401
-1.32124 0.60747 -0.32257
0.72119 -0.20946 0.71739
-0.20107 -1.283 -0.92438
-1.46454 1.15026 1.05985
-1.0366 -1.59738 0.99008
-1.05393 0.58191 -1.27134
0.22519 1.08018 -1.45301
-1.17023 -1.00226 0.08138
0.85287 -0.68986 -0.20453
0.67539 -0.35942 1.15759
-0.02109 1.37427 0.87454
0.00071 0.21196 1.43792
1.17347 1.17605 1.77652
1.02618 0.07354 -0.75536
0.0936 0.04581 2.33242
0.91401 -0.89719 0.64827
-0.13398 2.10442 0.04757
0.14471 1.04163 -1.22685
1.45818 0.31573 -0.13847
1.46002 -0.50401 -1.37338
-1.53125 -0.30392 -0.09856
0.62826 -0.6144 0.12185
0.59599 -0.36704 1.64074
0.40547 -1.90116 -0.16859
-0.11371 -0.17031 0.33592
0.56783 1.00045 -0.22992
1.24569 -1.81759 -1.1187
0.50202 1.46781 -0.9209
0.20201 1.06531 1.17527
3.91828 -1.2129 -0.14175
0.4811 1.26047 -2.10994
-1.63161 0.71043 1.52949
0.94008 0.03988 -1.3206
1.10315 -1.27398 -1.23364
-1.3168 -0.30123 1.02559
0.18781 -0.27988 1.56265
0.14241 -0.48625 1.0432
-0.39811 2.29674 -1.17904
0.0295 -1.2878 -1.53436
0.1641 0.62946 -0.52427
-0.77644 1.20176 -0.51716
-1.15204 -2.41813 -0.02808
-0.77343 0.26038 -1.36794
-0.18204 -2.21871 0.21843
-0.96576 -0.64648 -0.76576
-2.06868 -0.86266 -1.35242
-0.52909 -1.28192 1.08336
0.56789 1.27368 0.28742
-0.00084 0.08957 -0.66336
0.30469 -1.72756 -1.02181
-0.80598 1.17196 -1.41657
1.13161 0.63952 -0.05108
-0.63592 -0.53587 -1.70778
-1.34425 -0.54961 0.69665
-0.45097 0.00305 -1.16702
0.49928 0.38262 1.35992
0.22303 0.70574 -1.90727
-0.74094 0.24056 0.64848
1.82486 -0.18571 1.02275
0.17946 1.46036 -1.53261
1.16944 0.53248 -0.42852
0.30973 -0.92508 -2.50268
-0.92883 0.19237 1.55027
0.80555 -1.35747 -0.92106
0.80678 -0.14596 0.83033
1.05315 0.34001 -0.00934
0.90178 -0.2318 1.3371
-0.23066 0.35113 -0.4023
-0.17846 -0.28753 -0.33404
1.1545 0.31332 0.97916
0.7311 0.67558 0.47032
2.12809 -2.36527 0.65754
-0.3351 -0.12437 0.2202
0.98176 0.2604 -0.19634
1.70773 0.58773 -0.12097
0.35052 -0.28177 -0.42434
-2.20705 0.62556 0.36124
0.67993 -0.60536 0.47558
0.46066 1.09677 -0.12591
-0.14883 -0.65117 1.79659
0.17942 0.83488 -0.70204
-1.74011 0.01285 -0.52721
0.72843 -0.06409 0.39455
-0.17024 -0.1332 2.00732
1.86454 1.26957 1.12986
-1.35438 -1.06899 2.38372
1.38371 -2.2102 -1.05471
-1.12564 -2.20662 -0.93308
0.77925 -1.89299 1.43496
0.78301 0.03372 1.51121
-0.49475 -0.25534 0.01003
-1.59303 2.28035 -2.59375
0.36428 0.18783 -0.24834
0.58544 -2.41435 -0.2262
0.34509 -1.08927 0.23877
1.27778 1.47168 1.10274
0.02323 1.53883 0.16187
0.76528 1.83874 -0.89759
-0.99009 0.0859 0.06323
-0.7914 -1.44686 2.81916
1.02089 0.27688 2.04241
0.70158 -0.43938 0.81064
2.90321 0.36966 -0.17272
1.27969 0.04105 -0.186
2.19037 -0.68465 1.44768
-0.09715 -0.12184 -0.62592
0.19087 -1.89509 -0.47288
-1.80995 1.14882 0.51371
0.67 -0.11363 0.83009
1.98621 1.73456 -0.23366
1.07899 -0.72171 2.03799
1.74112 -1.99551 -0.60534
-0.93048 0.99675 0.63551
0.67641 -1.78616 0.46155
-1.69396 0.90525 1.66387
-2.25663 -0.66942 -1.72659
-1.33715 0.23271 -0.41156
0.11346 -0.41137 -0.67506
1.79812 0.67978 0.20198
-0.06311 0.76941 0.10526
-0.54523 -0.16736 0.37847
-0.01337 -0.44771 -0.06906
-0.14799 -0.41215 1.92682
-1.20052 0.10819 0.78407
0.93152 0.08453 0.58629
1.06728 0.78405 -0.06996
-0.55174 2.0106 -1.14116
-1.17999 -1.05137 1.33278
0.45701 0.85558 -1.80561
-0.22328 0.59097 0.57613
-0.11744 1.75214 2.15816
1.06206 0.9711 -1.72961
1.14454 0.28123 -0.79181
-0.87542 -0.27492 1.18385
-0.45902 2.14462 1.01099
0.09634 -1.64223 -0.19145
-0.19463 -1.34626 -0.63829
-0.28647 0.59191 0.07584
-1.46672 -0.92864 1.83069
0.41907 0.99971 1.16621
1.09884 -0.00173 -0.33283
-0.77099 -1.8469 -1.13022
-1.29284 0.39622 0.46144
0.55821 -1.15329 -0.65821
-0.037 -1.03522 -0.35708
-1.69292 0.50822 0.28622
-1.11491 0.47519 0.74719
-0.21807 -0.61367 0.51969
-0.44183 -0.25765 -1.74002
