-1.56326 0.39155 -0.28593
-1.84826 0.27796 -0.81512
-0.7186 1.76833 0.92516
-1.07157 -1.53878 0.63371
-0.6661 -0.28957 -2.99337
-2.12126 -0.46998 0.16261
0.58218 -1.11744 -1.60736
0.56009 -0.77069 -2.53853
-0.94983 -0.14788 0.25163
-0.29751 0.85275 -0.93896
-0.51997 -0.20899 2.07955
-0.22654 -1.1054 1.15938
-0.73727 -1.83307 0.74357
-0.42509 2.56552 0.62066
-0.33115 0.05109 0.83514
0.45864 0.22676 0.83575
-1.35414 -0.4509 0.7899
0.18154 2.17853 0.23925
1.28647 -0.37812 -0.56464
1.30263 0.11988 0.47492
1.70604 -0.74872 0.11284
2.28861 1.47186 -1.38962
3.51074 0.44259 -0.28375
2.81903 -0.52883 0.10161
4.15475 0.23202 -0.10263
1.94405 0.02136 -0.99995
2.04943 0.59406 -1.748
3.27498 0.62192 1.40417
2.92135 2.84632 0.30958
3.07469 1.31612 0.41289
2.57208 0.98699 -0.88074
1.69549 0.15713 -0.21419
1.16759 0.76889 -0.3308
1.22526 2.61312 -1.11101
1.34118 1.09898 -0.76788
2.83374 0.75278 0.40802
3.5754 0.89169 -0.0051
2.33017 0.00647 -0.50649
1.82599 1.702 -1.53377
1.57062 0.24291 0.33957
1.08561 1.71554 2.02065
-0.211 1.50524 0.55161
0.36769 1.45829 0.16896
1.08578 1.10023 -1.2293
2.40371 0.35347 0.02887
1.73192 0.79212 1.05399
2.87321 1.3656 -1.89297
2.74045 0.23148 -1.13494
4.2417 -0.26538 0.44834
2.34961 1.19127 1.38906
3.79038 0.37709 0.26651
3.95245 1.63487 0.66557
2.85356 -0.23327 -1.41466
4.00074 2.77876 -1.39604
2.27334 1.53852 -0.13795
1.70131 1.58014 0.86347
1.99874 2.03383 -1.9414
2.66375 1.30064 -1.41567
2.68252 0.3411 -0.58157
1.8589 0.36201 -1.45471
2.66687 0.39101 0.78683
3.41943 0.45028 -1.43662
1.65276 -0.0829 0.79216
0.32639 0.25659 0.04773
0.63894 1.7179 -0.23923
2.19503 0.51666 1.06778
2.57083 -0.91775 -0.18407
1.97992 -1.59821 -0.27095
0.98814 0.31917 -1.35558
1.88336 0.79179 -0.50403
0.30451 0.55713 -1.19286
-0.50503 -0.19453 -0.29243
-3.27599 0.64444 -0.01383
-1.21839 0.09058 -2.17675
0.8731 0.07005 0.18122
-1.2523 -0.7772 -1.13441
0.47787 -0.0734 0.55364
0.97138 1.31266 0.31255
0.81454 -1.33901 0.62247
2.07143 -0.0469 -1.4869
1.5136 -1.60766 -0.6732
0.65569 1.11957 -0.02774
-0.53774 1.65111 0.59253
-2.55279 2.7873 0.92513
-1.96198 0.57939 -0.01558
-1.54641 1.06232 -1.17382
-1.84977 0.05717 -0.88778
-0.90202 -0.9634 0.59128
-0.6046 -0.16849 0.40545
-0.16531 -0.68369 0.95684
0.68923 -1.59266 -0.79412
1.01198 -0.54719 0.07723
0.17827 -2.74895 0.13011
-0.67309 -0.33798 0.95506
-0.95708 -0.12049 1.56541
-2.10943 -0.26314 1.5638
-0.72526 -0.71497 0.02344
-1.91413 -0.12945 2.19352
-0.67661 -1.94594 0.26388
-1.53521 -1.41098 -0.06205
-1.86227 -0.93925 -0.61666
-0.83412 -0.22989 -1.57637
-1.69515 -0.2974 -0.53053
-0.74999 0.96596 1.35583
-2.37144 1.0279 0.94992
-3.0805 -1.43834 1.36487
-2.42405 -0.13962 -0.16494
-1.16652 0.50721 -0.78444
-1.16493 -0.78355 -1.63439
-0.69976 0.19868 -0.23092
-2.01175 -0.39031 0.05474
-1.57293 -0.64414 0.16202
0.82027 1.1757 -0.64316
-1.4047 -2.5594 0.59911
-1.05386 -0.56074 -0.06601
-0.75602 -1.13463 -1.59753
0.17117 0.59728 -1.86268
-1.2322 0.86673 0.21597
-2.32402 -0.389 2.209
-1.40207 1.56813 0.35696
-3.24207 -1.07315 0.60723
-1.87091 -2.07048 0.68756
-0.57258 -0.59184 0.8417
-0.90854 -1.08438 1.32078
-0.05946 0.50186 1.30651
-0.59092 0.14015 -1.36512
-0.57343 -1.27963 -0.89107
-1.45746 -0.05613 -1.85021
-1.86687 1.22328 -1.4939
-3.19191 0.99302 -0.3007
-2.22771 -0.8228 -0.06512
-3.4381 -1.33027 0.66823
-1.97492 -3.03489 1.24171
-0.56984 -2.35342 -0.55007
-0.80269 -1.52316 0.30532
-0.31467 -0.06 0.61606
-1.38546 -0.58708 0.66638
-1.24745 1.34537 0.51696
-2.94221 -0.84237 0.24262
-4.29825 -1.49455 -0.25149
-2.58036 -0.36273 1.38504
-3.11413 -0.20775 -0.66117
-1.5104 -0.73459 -0.50924
-0.76508 -1.38428 0.63723
-0.85053 -1.83943 -2.18199
-0.54557 -1.1471 -0.17266
0.23057 0.30796 1.66652
1.91783 0.37332 0.26436
1.28311 -1.19188 1.1042
1.51679 0.70885 0.38854
