0.46757 2.37851 4.48698
0.68008 3.17601 3.65186
-1.05453 2.55217 3.11881
1.18709 2.53961 3.61896
2.08359 2.51466 4.88224
2.17819 2.38255 4.33047
0.92233 2.24106 3.9088
-0.65456 1.62541 2.56381
-2.04765 3.3817 3.10956
-0.86421 2.96369 3.60481
-0.79913 3.61492 4.92343
-0.75099 1.16001 5.48426
0.85201 1.8775 3.77876
-0.86872 2.97865 3.23474
-0.39218 2.20795 2.01687
-1.69376 2.38586 3.77191
0.51564 1.29525 2.88948
0.38063 0.62249 2.98758
-0.37097 1.2009 3.64718
-0.4364 1.53199 2.72085
0.6895 -0.49505 0.24059
-0.94268 1.18047 -0.95064
-0.60405 3.08221 -1.32771
1.18671 3.26152 -1.88723
-0.60143 2.03302 -0.87049
0.12338 1.60313 0.37215
0.77605 -0.68843 1.56235
-0.65317 -1.20277 0.68224
0.00274 -1.50953 2.77711
1.70799 -0.8551 3.62948
0.84484 0.05055 3.55202
0.44193 1.52586 3.19249
-0.46784 1.39498 2.59084
-0.52375 2.04623 4.0736
0.7272 2.48904 5.5077
1.59589 3.59646 5.27586
0.87158 3.24641 6.18919
-0.1897 3.13232 5.9261
-1.00265 3.04062 5.9934
1.27266 2.70251 7.30575
-0.32857 4.4958 7.78613
-0.71984 3.2574 7.91014
-0.27532 2.92248 6.82026
-1.39363 3.46538 7.69943
-0.36119 2.12352 7.34515
-0.37693 2.08449 8.66484
-1.27564 1.62719 7.92443
0.09921 3.58025 7.93871
0.25171 3.81796 8.52915
-0.53368 5.96262 7.52354
-1.67146 5.82577 6.75288
-0.47741 5.53284 6.84518
0.48716 5.39277 4.56594
-0.52206 6.85904 5.75301
-0.80415 5.99593 4.52643
-1.32543 5.5597 5.01496
-0.83977 4.01112 4.41962
-0.78782 4.92502 5.246
-1.69568 2.94965 5.68338
0.57019 3.36512 3.57506
-0.38918 2.38581 4.14376
-1.53862 1.75991 4.02282
0.2294 1.70987 2.77903
-0.48617 0.78044 2.41656
-2.09304 1.35006 3.46421
-1.71957 2.27167 4.08825
0.12448 0.53107 2.30381
-0.14617 1.50035 2.45973
2.50542 1.54392 1.27504
0.19694 3.03692 -0.73849
-0.86927 2.90903 -2.11766
-0.6575 1.54613 -2.6758
-0.18167 1.45742 -3.66509
-0.29526 -0.0916 -1.57495
-1.47395 0.38741 -2.94721
1.93542 -0.08447 -3.73243
1.30451 1.06787 -3.79464
0.20642 0.05039 -4.421
-0.15684 -2.15631 -3.68049
2.04431 -2.53105 -4.27376
0.22815 -4.17357 -1.92453
1.28171 -3.11088 -0.34892
2.29478 -1.3268 -0.33472
0.02055 -3.26634 -1.75179
0.18412 -1.86808 -0.61669
1.27606 -0.88151 0.61049
-0.54753 -2.2389 0.7237
-0.98727 -2.10063 1.03242
-0.59747 -2.01969 0.12246
-0.49013 -3.04432 0.61941
0.06457 -0.23402 1.06548
0.80571 0.03368 1.01901
2.15101 0.94322 0.69458
-0.24444 1.88714 0.33626
0.56885 0.58908 0.9092
-1.13313 2.55273 -0.46994
-0.74964 1.13026 1.93846
1.28556 -1.48559 0.91356
1.3544 -0.61714 0.47423
1.56751 2.27138 0.27656
2.85907 2.8618 0.49837
1.60357 2.42277 2.75266
1.2926 2.6777 2.64373
1.84879 2.60326 5.17034
1.76523 2.92156 5.70661
2.24199 2.00445 6.86776
1.1512 3.40033 7.77222
1.83189 3.13325 7.38625
1.77815 2.37853 6.83741
0.48214 4.52332 6.42802
-1.71853 5.33432 5.86628
0.51864 4.1045 5.45205
0.05506 6.51878 7.07492
0.27563 5.54582 7.25894
-1.23888 5.67923 7.61725
-3.20041 5.02675 5.98971
-2.10526 4.24047 5.27113
-1.54239 3.80966 6.64545
0.69638 4.54805 7.22688
-0.36603 5.21555 6.34769
0.78997 5.04062 4.88971
0.06393 4.3272 4.43472
-0.6114 4.72842 3.98481
-0.42558 3.31682 2.80763
-0.82545 3.74516 2.6602
-0.64323 3.87923 3.39396
-0.68418 3.66839 3.09132
-1.852 1.53934 2.70534
-0.13874 1.55206 0.9762
0.31181 0.02932 1.13479
-0.63236 -0.19726 1.48456
-0.6673 -0.25739 2.47781
-2.18539 -0.96106 2.33909
-3.01088 -1.6901 1.57186
-1.69114 -1.60125 0.83589
-0.7116 -0.32886 -0.3324
-0.48451 0.71626 -0.12869
-0.43801 0.36815 -0.53885
2.19344 0.63286 -1.92355
1.59007 2.19314 -3.12566
3.0225 0.7037 -2.56836
0.9766 0.81096 -2.60594
0.99605 0.12167 -1.46445
0.2133 -1.40382 -1.09509
-0.89539 0.02269 -0.59675
1.01553 -0.84191 0.39085
0.45147 0.56841 0.37344
-0.22718 1.25384 1.48538
-0.41306 -0.51858 1.46922
-0.01782 -0.43691 1.3861
