-0.07874 1.22518 -0.51838
-0.93994 0.6331 1.97994
0.39715 0.65817 0.30348
0.86665 -0.08567 0.22181
1.12462 1.39703 0.96868
2.03929 0.39029 0.36792
0.93894 -0.27368 -0.24562
-0.21324 1.41147 -1.95399
1.98431 0.30989 0.30057
-0.7235 0.85209 1.62029
0.44575 -0.72945 0.77306
1.66027 1.26475 0.55861
-0.8516 1.58836 2.00371
-0.0483 1.0708 1.69289
1.40566 0.16129 -0.21042
0.90394 0.22684 -1.38238
0.50051 0.20225 0.1951
0.04348 -0.31 0.55928
-0.50929 1.0134 -1.73641
0.33554 -0.21882 -1.87775
0.74929 0.18398 -1.63014
0.05209 0.56258 -0.60344
-0.95204 1.49965 -0.10704
0.42168 1.27062 0.67138
-0.32357 0.65031 -1.35033
1.21575 -0.58781 0.62066
1.21208 -2.42836 0.34553
0.4291 -0.46031 -0.46697
0.36743 0.24426 -1.38419
-1.18567 1.00253 1.41858
0.3979 -1.27501 1.7347
-0.18634 0.0638 0.11063
0.84239 -0.75651 0.65186
0.22385 0.26222 -2.33286
1.40325 0.52785 -0.44983
0.96704 1.39231 1.02389
-1.43845 1.4913 1.29407
-0.87756 1.68269 0.96438
-1.7707 0.92077 1.1845
0.76506 -2.24809 0.07072
-0.22729 -0.47177 -1.06058
2.16516 -0.26383 -0.96524
0.99792 0.46481 -1.33141
1.8589 3.11586 2.62471
0.37131 3.39991 1.6277
-0.08512 4.16916 1.23362
-0.8188 1.59416 1.7229
1.57981 -0.27988 0.54396
0.75639 0.30372 -1.43291
0.75209 1.17512 0.64726
2.5935 1.69295 0.16475
-0.17667 2.1713 1.78081
0.78292 0.43874 2.78298
1.5514 0.44614 -0.10644
0.55814 0.96328 0.67314
-0.43947 0.28194 1.42351
1.59898 0.61334 0.6012
2.74058 0.67796 1.39083
0.80775 0.85407 1.57253
1.62177 -0.16414 -1.28855
0.78409 0.57041 -0.88722
-0.52844 -1.17786 0.99171
1.48819 -0.50373 -1.42957
0.44641 -0.91897 -0.13876
0.52082 -0.58557 -2.1185
1.38654 1.03431 1.15598
-1.15542 0.98281 -0.27807
0.15737 1.68878 -0.55212
0.11398 0.10945 1.95737
0.04694 -2.09911 -1.1921
0.09925 -1.76762 0.10753
0.89624 0.25394 -0.17194
-1.51536 0.0105 -1.53919
-0.26904 -0.87743 -0.65291
0.73413 -1.50321 -0.13498
0.21872 0.86127 1.1722
0.92824 -0.02721 -0.92143
-0.86401 -1.26778 -0.6138
0.90375 -0.69122 -0.96972
1.56204 -0.174 -0.67309
0.12823 -2.16285 -0.50169
0.36703 -1.17819 -0.83457
0.1323 -1.03861 -2.93634
-1.37108 -0.12717 1.55932
-1.60073 -0.18819 -1.12962
-1.37259 0.60515 -1.90618
-2.43515 -0.20538 -0.85876
-1.0846 -1.75694 0.71887
0.04154 -0.89896 0.38457
-0.19227 0.14304 -1.10782
-1.6128 -0.91449 0.13071
-0.53099 0.04714 -1.13347
-1.00552 -0.18908 -0.67217
-1.94585 -0.71084 0.75278
0.7854 -1.11478 1.13217
0.15784 0.67522 -0.94648
-0.55434 -0.376 -0.0173
-0.7565 -0.46695 0.83908
0.9678 0.41451 -0.69459
-2.2603 1.16824 0.23417
0.24286 -0.6683 0.25325
-0.44352 0.40425 -0.68189
0.54022 0.09305 1.59036
-0.75407 -1.29885 0.30659
1.10175 0.05429 0.03184
0.49475 -0.65796 0.73176
0.22871 0.25101 -1.41388
0.33958 0.55475 1.07796
0.62931 1.11399 -0.2712
0.69658 1.81972 -0.99976
-0.00605 1.32017 0.18179
1.15761 -0.49193 0.91346
0.18591 0.8183 1.55293
-0.4484 0.9193 0.64331
-1.32697 1.96068 -0.18775
0.00881 0.69298 0.01286
0.09794 -0.44447 -1.11962
0.12069 1.78897 0.34602
0.00573 3.05526 0.57065
1.44877 3.57636 0.17055
2.04453 3.54435 0.20925
1.10333 3.46852 1.90446
2.06714 3.89404 -1.43159
1.20985 2.32057 -0.33923
1.59534 0.08481 1.88995
1.32076 -0.01096 -0.33778
1.67534 0.29964 -0.74732
1.83189 -0.80991 -1.06401
-0.77101 -0.43375 1.04008
-0.25932 -1.48544 1.28271
-0.15221 0.37574 -0.33362
-1.05927 1.1601 -0.39615
-0.49123 -0.78322 0.85959
0.21304 0.73892 0.76384
0.69185 -0.27358 0.38074
-0.66713 -1.45438 0.75031
-0.22129 -1.20146 0.54238
0.01158 0.62866 -3.37647
-0.86942 0.48536 0.3674
-0.59475 0.17907 -1.01072
-0.41039 -0.49645 1.56737
-0.65894 0.51689 -0.33802
1.07993 1.60971 0.58953
-0.39453 0.89991 0.61635
-0.9586 -0.07756 1.06772
1.62966 -0.39336 -0.99983
0.70314 0.92748 -0.22804
0.283 -1.205 -1.06477
1.2799 -1.16598 -1.34443
0.81139 -1.63589 -1.38308
